x0,y0,z0,xd0,yd0,zd0,Tp,JC,stabilityIndex1,stabilityIndex2,alpha,beta,impactFlag,error
0.9830990403761315,0.0,-0.0000416496944403,0.0000000000000000,-0.0125712424884731,0.0000000000000000,4.2922375686538157,3.0036010091595902,2.000329,-1.213195,-0.7871340385335,-0.4267904582990,0,4.0e-12
0.9830991259688052,0.0,0.0000694641225438,0.0000000000000000,-0.0125713736439661,0.0000000000000000,4.2922475686538153,3.0036009927325771,2.000916,-1.213165,-0.7877517859718,-0.4274408364368,0,4.9e-13
0.9830992115609825,0.0,0.0000889707372163,0.0000000000000000,-0.0125715047994603,0.0000000000000000,4.2922575686538158,3.0036009763057132,2.001503,-1.213134,-0.7883695797021,-0.4280912393883,0,3.3e-12
0.9830992971528227,0.0,0.0001049108306839,0.0000000000000000,-0.0125716359556243,0.0000000000000000,4.2922675686538154,3.0036009598789803,2.002090,-1.213103,-0.7889873997328,-0.4287416502576,0,7.9e-13
0.9830993827438799,0.0,0.0001187296485435,0.0000000000000000,-0.0125717671104752,0.0000000000000000,4.2922775686538159,3.0036009434524322,2.002677,-1.213072,-0.7896052446897,-0.4293920667444,0,9.1e-12
0.9830994683345824,0.0,0.0001310997321630,0.0000000000000000,-0.0125718982657811,0.0000000000000000,4.2922875686538156,3.0036009270260142,2.003264,-1.213041,-0.7902230969494,-0.4300424750412,0,1.4e-12
0.9830995539246477,0.0,0.0001423991163916,0.0000000000000000,-0.0125720294205984,0.0000000000000000,4.2922975686538161,3.0036009105997623,2.003852,-1.213010,-0.7908410366768,-0.4306929437081,0,7.1e-13
0.9830996395143634,0.0,0.0001528654272429,0.0000000000000000,-0.0125721605761061,0.0000000000000000,4.2923075686538157,3.0036008941736436,2.004439,-1.212980,-0.7914589047049,-0.4313433344534,0,7.2e-12
0.9830997251034836,0.0,0.0001626595540721,0.0000000000000000,-0.0125722917308350,0.0000000000000000,4.2923175686538153,3.0036008777476826,2.005026,-1.212949,-0.7920769032251,-0.4319938230535,0,5.3e-13
0.9830998106920589,0.0,0.0001718964294651,0.0000000000000000,-0.0125724228853080,0.0000000000000000,4.2923275686538158,3.0036008613218748,2.005613,-1.212918,-0.7926948906299,-0.4326442871032,0,1.2e-12
0.9830998962800480,0.0,0.0001806615364088,0.0000000000000000,-0.0125725540396816,0.0000000000000000,4.2923375686538154,3.0036008448962379,2.006200,-1.212887,-0.7933128941025,-0.4332947490994,0,3.4e-12
0.9830999818675604,0.0,0.0001890205336552,0.0000000000000000,-0.0125726851938250,0.0000000000000000,4.2923475686538159,3.0036008284707414,2.006787,-1.212857,-0.7939309445043,-0.4339452367579,0,4.1e-12
0.9831000674546712,0.0,0.0001970251221282,0.0000000000000000,-0.0125728163480502,0.0000000000000000,4.2923575686538156,3.0036008120453697,2.007375,-1.212826,-0.7945490237812,-0.4345957345453,0,2.0e-12
0.9831001530410107,0.0,0.0002047168423203,0.0000000000000000,-0.0125729475016693,0.0000000000000000,4.2923675686538161,3.0036007956202067,2.007962,-1.212795,-0.7951671095226,-0.4352462218478,0,8.2e-13
0.9831002386269762,0.0,0.0002121297654953,0.0000000000000000,-0.0125730786555424,0.0000000000000000,4.2923775686538157,3.0036007791951671,2.008549,-1.212764,-0.7957852149961,-0.4358967112103,0,2.2e-12
0.9831003242124509,0.0,0.0002192921571573,0.0000000000000000,-0.0125732098094245,0.0000000000000000,4.2923875686538153,3.0036007627702732,2.009137,-1.212733,-0.7964033634781,-0.4365472221324,0,1.1e-12
0.9831004097973431,0.0,0.0002262278118158,0.0000000000000000,-0.0125733409628029,0.0000000000000000,4.2923975686538158,3.0036007463455396,2.009724,-1.212703,-0.7970215858227,-0.4371977831136,0,4.4e-12
0.9831004953817173,0.0,0.0002329569849759,0.0000000000000000,-0.0125734721159112,0.0000000000000000,4.2924075686538155,3.0036007299209548,2.010312,-1.212672,-0.7976397911333,-0.4378483127724,0,6.3e-12
0.9831005809655771,0.0,0.0002394970772287,0.0000000000000000,-0.0125736032690613,0.0000000000000000,4.2924175686538160,3.0036007134965255,2.010899,-1.212641,-0.7982580194888,-0.4384988474725,0,2.6e-12
0.9831006665489179,0.0,0.0002458631831848,0.0000000000000000,-0.0125737344219714,0.0000000000000000,4.2924275686538156,3.0036006970722426,2.011487,-1.212610,-0.7988763432875,-0.4391494501664,0,6.6e-13
0.9831007521317023,0.0,0.0002520684786302,0.0000000000000000,-0.0125738655746202,0.0000000000000000,4.2924375686538161,3.0036006806481246,2.012074,-1.212580,-0.7994945953256,-0.4397999745225,0,2.6e-12
0.9831008377140347,0.0,0.0002581245688313,0.0000000000000000,-0.0125739967274379,0.0000000000000000,4.2924475686538157,3.0036006642241451,2.012662,-1.212549,-0.8001129301120,-0.4404505555399,0,8.6e-13
0.9831009232957733,0.0,0.0002640417151155,0.0000000000000000,-0.0125741278798049,0.0000000000000000,4.2924575686538153,3.0036006478003276,2.013249,-1.212518,-0.8007313023758,-0.4411011536538,0,5.3e-12
0.9831010088771406,0.0,0.0002698290624553,0.0000000000000000,-0.0125742590327459,0.0000000000000000,4.2924675686538158,3.0036006313766492,2.013837,-1.212487,-0.8013496432302,-0.4417517091114,0,7.8e-13
0.9831010944578973,0.0,0.0002754947898898,0.0000000000000000,-0.0125743901849736,0.0000000000000000,4.2924775686538155,3.0036006149531280,2.014425,-1.212457,-0.8019680777467,-0.4424023315272,0,9.7e-12
0.9831011800379448,0.0,0.0002810462462453,0.0000000000000000,-0.0125745213364029,0.0000000000000000,4.2924875686538160,3.0036005985297822,2.015012,-1.212426,-0.8025865225553,-0.4430529455103,0,7.7e-12
0.9831012656177898,0.0,0.0002864900930613,0.0000000000000000,-0.0125746524885585,0.0000000000000000,4.2924975686538156,3.0036005821065448,2.015600,-1.212395,-0.8032049698320,-0.4437035486908,0,3.9e-12
0.9831013511969910,0.0,0.0002918323312477,0.0000000000000000,-0.0125747836405433,0.0000000000000000,4.2925075686538161,3.0036005656834828,2.016188,-1.212364,-0.8038234622923,-0.4443541741866,0,2.5e-12
0.9831014367756363,0.0,0.0002970784510033,0.0000000000000000,-0.0125749147921768,0.0000000000000000,4.2925175686538157,3.0036005492605757,2.016776,-1.212334,-0.8044419747910,-0.4450048023342,0,8.9e-12
0.9831015223536674,0.0,0.0003022334578072,0.0000000000000000,-0.0125750459430081,0.0000000000000000,4.2925275686538154,3.0036005328378286,2.017363,-1.212303,-0.8050605435380,-0.4456554637217,0,2.5e-12
0.9831016079313386,0.0,0.0003073019376271,0.0000000000000000,-0.0125751770946445,0.0000000000000000,4.2925375686538159,3.0036005164152191,2.017951,-1.212272,-0.8056791424346,-0.4463061360628,0,7.2e-13
0.9831016935083499,0.0,0.0003122881036194,0.0000000000000000,-0.0125753082452957,0.0000000000000000,4.2925475686538155,3.0036004999927681,2.018539,-1.212241,-0.8062977446711,-0.4469567961816,0,1.3e-12
0.9831017790851126,0.0,0.0003171958373210,0.0000000000000000,-0.0125754393973269,0.0000000000000000,4.2925575686538160,3.0036004835704486,2.019127,-1.212211,-0.8069163260976,-0.4476074226052,0,1.0e-11
0.9831018646609899,0.0,0.0003220287195958,0.0000000000000000,-0.0125755705472156,0.0000000000000000,4.2925675686538156,3.0036004671483223,2.019715,-1.212180,-0.8075350236192,-0.4482581341440,0,1.5e-12
0.9831019502365471,0.0,0.0003267900801978,0.0000000000000000,-0.0125757016978282,0.0000000000000000,4.2925775686538152,3.0036004507263225,2.020303,-1.212149,-0.8081537533982,-0.4489088589733,0,3.1e-12
0.9831020358114814,0.0,0.0003314829938587,0.0000000000000000,-0.0125758328480747,0.0000000000000000,4.2925875686538157,3.0036004343044858,2.020891,-1.212119,-0.8087724567906,-0.4495595456145,0,1.2e-12
0.9831021213859744,0.0,0.0003361103314296,0.0000000000000000,-0.0125759639985747,0.0000000000000000,4.2925975686538154,3.0036004178827920,2.021479,-1.212088,-0.8093912008441,-0.4502102516531,0,3.6e-12
0.9831022069598466,0.0,0.0003406747595398,0.0000000000000000,-0.0125760951486263,0.0000000000000000,4.2926075686538159,3.0036004014612705,2.022067,-1.212057,-0.8100099913061,-0.4508609825045,0,6.5e-13
0.9831022925334080,0.0,0.0003451787891459,0.0000000000000000,-0.0125762262988185,0.0000000000000000,4.2926175686538155,3.0036003850398623,2.022655,-1.212026,-0.8106287874059,-0.4515117037604,0,2.1e-12
0.9831023781062563,0.0,0.0003496247377883,0.0000000000000000,-0.0125763574483100,0.0000000000000000,4.2926275686538160,3.0036003686186326,2.023243,-1.211996,-0.8112476569540,-0.4521624733027,0,6.9e-13
0.9831024636786981,0.0,0.0003540148002166,0.0000000000000000,-0.0125764885982347,0.0000000000000000,4.2926375686538156,3.0036003521975467,2.023832,-1.211965,-0.8118665289063,-0.4528132291960,0,1.6e-12
0.9831025492505581,0.0,0.0003583510299667,0.0000000000000000,-0.0125766197476648,0.0000000000000000,4.2926475686538152,3.0036003357766168,2.024420,-1.211934,-0.8124854010209,-0.4534639701818,0,2.7e-12
0.9831026348220250,0.0,0.0003626353588298,0.0000000000000000,-0.0125767508975761,0.0000000000000000,4.2926575686538158,3.0036003193558289,2.025008,-1.211904,-0.8131042870852,-0.4541147082894,0,7.1e-12
0.9831027203926976,0.0,0.0003668696025108,0.0000000000000000,-0.0125768820459930,0.0000000000000000,4.2926675686538154,3.0036003029352161,2.025596,-1.211873,-0.8137232809597,-0.4547655239194,0,3.9e-12
0.9831028059630200,0.0,0.0003710554771832,0.0000000000000000,-0.0125770131952653,0.0000000000000000,4.2926775686538159,3.0036002865147431,2.026185,-1.211842,-0.8143422216563,-0.4554162786914,0,4.0e-12
0.9831028915328299,0.0,0.0003751946050254,0.0000000000000000,-0.0125771443440844,0.0000000000000000,4.2926875686538155,3.0036002700944167,2.026773,-1.211812,-0.8149612715728,-0.4560671130737,0,6.5e-13
0.9831029771020567,0.0,0.0003792885111088,0.0000000000000000,-0.0125772754927025,0.0000000000000000,4.2926975686538160,3.0036002536742510,2.027361,-1.211781,-0.8155802895218,-0.4567179035358,0,3.9e-12
0.9831030626709045,0.0,0.0003833386483852,0.0000000000000000,-0.0125774066417757,0.0000000000000000,4.2927075686538156,3.0036002372542239,2.027950,-1.211750,-0.8161993237688,-0.4573686939984,0,7.4e-12
0.9831031482390613,0.0,0.0003873463869448,0.0000000000000000,-0.0125775377898312,0.0000000000000000,4.2927175686538153,3.0036002208343637,2.028538,-1.211720,-0.8168184281030,-0.4580195289771,0,2.6e-12
0.9831032338068204,0.0,0.0003913130312564,0.0000000000000000,-0.0125776689382800,0.0000000000000000,4.2927275686538158,3.0036002044146488,2.029127,-1.211689,-0.8174375830251,-0.4586703929573,0,8.2e-13
0.9831033193740981,0.0,0.0003952398201554,0.0000000000000000,-0.0125778000868640,0.0000000000000000,4.2927375686538154,3.0036001879950707,2.029715,-1.211658,-0.8180566616533,-0.4593211755118,0,4.8e-12
0.9831034049405627,0.0,0.0003991279219581,0.0000000000000000,-0.0125779312339653,0.0000000000000000,4.2927475686538159,3.0036001715756862,2.030304,-1.211628,-0.8186758837104,-0.4599720671182,0,5.5e-13
0.9831034905067266,0.0,0.0004029784666521,0.0000000000000000,-0.0125780623818795,0.0000000000000000,4.2927575686538155,3.0036001551564242,2.030892,-1.211597,-0.8192950594445,-0.4606229036617,0,8.0e-12
0.9831035760722315,0.0,0.0004067925148855,0.0000000000000000,-0.0125781935288901,0.0000000000000000,4.2927675686538160,3.0036001387373306,2.031481,-1.211566,-0.8199143607187,-0.4612738328905,0,1.0e-11
0.9831036616373172,0.0,0.0004105710836524,0.0000000000000000,-0.0125783246767036,0.0000000000000000,4.2927775686538157,3.0036001223183812,2.032069,-1.211536,-0.8205335548550,-0.4619246547402,0,4.3e-12
0.9831045172594415,0.0,0.0004465994877938,0.0000000000000000,-0.0125796361414329,0.0000000000000000,4.2928775686538154,3.0035999581372352,2.037957,-1.211230,-0.8267278048826,-0.4684340335090,0,1.2e-11
0.9831053728296313,0.0,0.0004799266870337,0.0000000000000000,-0.0125809475921462,0.0000000000000000,4.2929775686538161,3.0035997939712913,2.043848,-1.210924,-0.8329247614343,-0.4749442333455,0,4.5e-12
0.9831062283474007,0.0,0.0005110813859318,0.0000000000000000,-0.0125822590255775,0.0000000000000000,4.2930775686538158,3.0035996298205880,2.049743,-1.210618,-0.8391245963489,-0.4814554055695,0,5.1e-12
0.9831070838133663,0.0,0.0005404394352960,0.0000000000000000,-0.0125835704447192,0.0000000000000000,4.2931775686538156,3.0035994656850580,2.055640,-1.210313,-0.8453272717401,-0.4879675189146,0,3.8e-13
0.9831079392269374,0.0,0.0005682793535224,0.0000000000000000,-0.0125848818464007,0.0000000000000000,4.2932775686538154,3.0035993015647473,2.061541,-1.210008,-0.8515327579530,-0.4944805487482,0,2.8e-12
0.9831087945885256,0.0,0.0005948143389316,0.0000000000000000,-0.0125861932334061,0.0000000000000000,4.2933775686538160,3.0035991374596587,2.067444,-1.209703,-0.8577411209781,-0.5009945527117,0,6.5e-12
0.9831096498979388,0.0,0.0006202119112595,0.0000000000000000,-0.0125875046041424,0.0000000000000000,4.2934775686538158,3.0035989733697614,2.073351,-1.209399,-0.8639522321342,-0.5075094226127,0,6.7e-13
0.9831105051550360,0.0,0.0006446065244459,0.0000000000000000,-0.0125888159580337,0.0000000000000000,4.2935775686538156,3.0035988092950814,2.079262,-1.209095,-0.8701662346452,-0.5140252824982,0,3.8e-12
0.9831113603605577,0.0,0.0006681080543420,0.0000000000000000,-0.0125901272983851,0.0000000000000000,4.2936775686538153,3.0035986452355590,2.085175,-1.208792,-0.8763830574597,-0.5205420728170,0,3.1e-12
0.9831122155137020,0.0,0.0006908076517356,0.0000000000000000,-0.0125914386217941,0.0000000000000000,4.2937775686538160,3.0035984811912591,2.091091,-1.208489,-0.8826027080473,-0.5270598013281,0,9.2e-13
0.9831130706148528,0.0,0.0007127819413195,0.0000000000000000,-0.0125927499294865,0.0000000000000000,4.2938775686538158,3.0035983171621394,2.097011,-1.208186,-0.8888251695899,-0.5335784557330,0,4.1e-12
0.9831139256637733,0.0,0.0007340960538211,0.0000000000000000,-0.0125940612214859,0.0000000000000000,4.2939775686538155,3.0035981531482374,2.102934,-1.207883,-0.8950504569487,-0.5400980483238,0,5.0e-12
0.9831147806608176,0.0,0.0007548059281528,0.0000000000000000,-0.0125953724973887,0.0000000000000000,4.2940775686538153,3.0035979891494859,2.108860,-1.207581,-0.9012786504937,-0.5466186521755,0,2.1e-12
0.9831156356056827,0.0,0.0007749599996640,0.0000000000000000,-0.0125966837574481,0.0000000000000000,4.2941775686538159,3.0035978251659423,2.114789,-1.207279,-0.9075095593736,-0.5531401031835,0,2.0e-12
0.9831164904990015,0.0,0.0007946005671957,0.0000000000000000,-0.0125979950039213,0.0000000000000000,4.2942775686538157,3.0035976611975381,2.120721,-1.206978,-0.9137433109731,-0.5596625126211,0,1.6e-11
0.9831173453394382,0.0,0.0008137648064002,0.0000000000000000,-0.0125993062311401,0.0000000000000000,4.2943775686538155,3.0035974972443804,2.126656,-1.206676,-0.9199799545557,-0.5661859237099,0,5.5e-12
0.9831182001278596,0.0,0.0008324856182511,0.0000000000000000,-0.0126006174420906,0.0000000000000000,4.2944775686538152,3.0035973333064128,2.132595,-1.206375,-0.9262195103308,-0.5727103563001,0,1.5e-11
0.9831190548649876,0.0,0.0008507922776484,0.0000000000000000,-0.0126019286413037,0.0000000000000000,4.2945775686538159,3.0035971693835437,2.138537,-1.206075,-0.9324616915152,-0.5792355639899,0,1.2e-12
0.9831199095497631,0.0,0.0008687109652854,0.0000000000000000,-0.0126032398226426,0.0000000000000000,4.2946775686538157,3.0035970054758776,2.144482,-1.205775,-0.9387068028796,-0.5857618117744,0,2.8e-12
0.9831207641825622,0.0,0.0008862652135854,0.0000000000000000,-0.0126045509885558,0.0000000000000000,4.2947775686538154,3.0035968415833820,2.150430,-1.205475,-0.9449547366024,-0.5922890069125,0,4.6e-12
0.9831216187633910,0.0,0.0009034762663058,0.0000000000000000,-0.0126058621389295,0.0000000000000000,4.2948775686538161,3.0035966777060525,2.156381,-1.205175,-0.9512054667620,-0.5988171297581,0,2.1e-12
0.9831224732922387,0.0,0.0009203633787600,0.0000000000000000,-0.0126071732733990,0.0000000000000000,4.2949775686538159,3.0035965138438816,2.162335,-1.204876,-0.9574590350945,-0.6053462166880,0,2.4e-12
0.9831233277689627,0.0,0.0009369440634945,0.0000000000000000,-0.0126084843920624,0.0000000000000000,4.2950775686538156,3.0035963499968950,2.168293,-1.204577,-0.9637154222206,-0.6118762523601,0,2.2e-12
0.9831241821938358,0.0,0.0009532343156431,0.0000000000000000,-0.0126097954948821,0.0000000000000000,4.2951775686538154,3.0035961861650557,2.174253,-1.204279,-0.9699746470320,-0.6184072556834,0,2.4e-12
0.9831250365667824,0.0,0.0009692487775289,0.0000000000000000,-0.0126111065823742,0.0000000000000000,4.2952775686538160,3.0035960223483671,2.180217,-1.203981,-0.9762366713303,-0.6249391948835,0,1.6e-12
0.9831258908877742,0.0,0.0009850009010174,0.0000000000000000,-0.0126124176542713,0.0000000000000000,4.2953775686538158,3.0035958585468339,2.186184,-1.203683,-0.9825015505091,-0.6314721176347,0,8.0e-13
0.9831267451568242,0.0,0.0010005030773476,0.0000000000000000,-0.0126137287105223,0.0000000000000000,4.2954775686538156,3.0035956947604556,2.192154,-1.203385,-0.9887692118659,-0.6380059643538,0,2.5e-12
0.9831275993739221,0.0,0.0010157667512466,0.0000000000000000,-0.0126150397509597,0.0000000000000000,4.2955775686538153,3.0035955309892244,2.198128,-1.203088,-0.9950397412968,-0.6445408095087,0,1.3e-12
0.9831284535390306,0.0,0.0010308025175484,0.0000000000000000,-0.0126163507752717,0.0000000000000000,4.2956775686538160,3.0035953672331472,2.204104,-1.202791,-1.0013130084890,-0.6510765443421,0,7.0e-12
0.9831293076522217,0.0,0.0010456202079028,0.0000000000000000,-0.0126176617841600,0.0000000000000000,4.2957775686538158,3.0035952034922149,2.210084,-1.202494,-1.0075892077716,-0.6576133340095,0,1.4e-12
0.9831301617135694,0.0,0.0010602289668913,0.0000000000000000,-0.0126189727776475,0.0000000000000000,4.2958775686538155,3.0035950397664175,2.216066,-1.202198,-1.0138681627912,-0.6641510307264,0,4.6e-12
0.9831310157229607,0.0,0.0010746373148879,0.0000000000000000,-0.0126202837552234,0.0000000000000000,4.2959775686538153,3.0035948760557667,2.222052,-1.201902,-1.0201499521192,-0.6706897027341,0,2.0e-12
0.9831318696803553,0.0,0.0010888532078555,0.0000000000000000,-0.0126215947167813,0.0000000000000000,4.2960775686538160,3.0035947123602598,2.228041,-1.201607,-1.0264346003866,-0.6772293725542,0,4.1e-12
0.9831327235862222,0.0,0.0011028840897261,0.0000000000000000,-0.0126229056643931,0.0000000000000000,4.2961775686538157,3.0035945486798563,2.234033,-1.201311,-1.0327219703637,-0.6837699249170,0,6.6e-12
0.9831335774398615,0.0,0.0011167369325788,0.0000000000000000,-0.0126242165944545,0.0000000000000000,4.2962775686538155,3.0035943850146158,2.240029,-1.201017,-1.0390122687855,-0.6903115365596,0,5.5e-12
0.9831344312417569,0.0,0.0011304182826634,0.0000000000000000,-0.0126255275097114,0.0000000000000000,4.2963775686538153,3.0035942213644935,2.246027,-1.200722,-1.0453053260169,-0.6968540652358,0,2.6e-12
0.9831352849917872,0.0,0.0011439342931165,0.0000000000000000,-0.0126268384094097,0.0000000000000000,4.2964775686538159,3.0035940577294999,2.252029,-1.200428,-1.0516012016976,-0.7033975629477,0,1.3e-12
0.9831361386899584,0.0,0.0011572907579178,0.0000000000000000,-0.0126281492932905,0.0000000000000000,4.2965775686538157,3.0035938941096285,2.258034,-1.200134,-1.0578998882935,-0.7099420248946,0,2.0e-12
0.9831369923363200,0.0,0.0011704931386318,0.0000000000000000,-0.0126294601617460,0.0000000000000000,4.2966775686538154,3.0035937305048765,2.264041,-1.199840,-1.0642014395326,-0.7164874974327,0,1.3e-12
0.9831378459308011,0.0,0.0011835465915610,0.0000000000000000,-0.0126307710144898,0.0000000000000000,4.2967775686538152,3.0035935669152471,2.270052,-1.199547,-1.0705057878785,-0.7230339253689,0,7.9e-13
0.9831386994733795,0.0,0.0011964559911286,0.0000000000000000,-0.0126320818513383,0.0000000000000000,4.2968775686538159,3.0035934033407452,2.276067,-1.199254,-1.0768129077046,-0.7295812875438,0,4.6e-12
0.9831395529643601,0.0,0.0012092259526932,0.0000000000000000,-0.0126333926736235,0.0000000000000000,4.2969775686538156,3.0035932397813334,2.282084,-1.198961,-1.0831228618036,-0.7361296398202,0,2.3e-12
0.9831404064032796,0.0,0.0012218608462340,0.0000000000000000,-0.0126347034792489,0.0000000000000000,4.2970775686538154,3.0035930762370602,2.288104,-1.198669,-1.0894356839244,-0.7426790108822,0,5.6e-12
0.9831412597904334,0.0,0.0012343648212978,0.0000000000000000,-0.0126360142693906,0.0000000000000000,4.2971775686538161,3.0035929127078904,2.294128,-1.198377,-1.0957512746185,-0.7492293193067,0,9.1e-13
0.9831421131259408,0.0,0.0012467418171780,0.0000000000000000,-0.0126373250447073,0.0000000000000000,4.2972775686538158,3.0035927491938121,2.300155,-1.198085,-1.1020696899229,-0.7557806126618,0,1.6e-12
0.9831429664095850,0.0,0.0012589955781812,0.0000000000000000,-0.0126386358041138,0.0000000000000000,4.2973775686538156,3.0035925856948475,2.306184,-1.197794,-1.1083909182612,-0.7623328840157,0,1.6e-12
0.9831438196413818,0.0,0.0012711296687620,0.0000000000000000,-0.0126399465476525,0.0000000000000000,4.2974775686538154,3.0035924222109891,2.312217,-1.197502,-1.1147149636099,-0.7688861367004,0,9.9e-13
0.9831446728214455,0.0,0.0012831474846058,0.0000000000000000,-0.0126412572756770,0.0000000000000000,4.2975775686538160,3.0035922587422270,2.318254,-1.197212,-1.1210418359329,-0.7754403809683,0,3.5e-12
0.9831455259499475,0.0,0.0012950522628490,0.0000000000000000,-0.0126425679893186,0.0000000000000000,4.2976775686538158,3.0035920952885431,2.324293,-1.196921,-1.1273714626922,-0.7819955579751,0,9.7e-12
0.9831463790263939,0.0,0.0013068470920397,0.0000000000000000,-0.0126438786859144,0.0000000000000000,4.2977775686538155,3.0035919318499786,2.330335,-1.196631,-1.1337039776686,-0.7885517804621,0,1.7e-12
0.9831472320511798,0.0,0.0013185349235982,0.0000000000000000,-0.0126451893673740,0.0000000000000000,4.2978775686538153,3.0035917684265030,2.336381,-1.196341,-1.1400392728248,-0.7951089595759,0,2.1e-12
0.9831480850240615,0.0,0.0013301185770906,0.0000000000000000,-0.0126465000328533,0.0000000000000000,4.2979775686538160,3.0035916050181357,2.342429,-1.196052,-1.1463773649768,-0.8016671115051,0,1.0e-12
0.9831489379454785,0.0,0.0013416007541673,0.0000000000000000,-0.0126478106837420,0.0000000000000000,4.2980775686538157,3.0035914416248217,2.348481,-1.195763,-1.1527182874469,-0.8082262644522,0,5.7e-12
0.9831497908151210,0.0,0.0013529840363455,0.0000000000000000,-0.0126491213189361,0.0000000000000000,4.2981775686538155,3.0035912782466010,2.354536,-1.195474,-1.1590620276709,-0.8147864093697,0,4.4e-12
0.9831506436329338,0.0,0.0013642708987313,0.0000000000000000,-0.0126504319383660,0.0000000000000000,4.2982775686538153,3.0035911148834797,2.360594,-1.195185,-1.1654085769358,-0.8213475412555,0,4.6e-12
0.9831514963991680,0.0,0.0013754637181173,0.0000000000000000,-0.0126517425424222,0.0000000000000000,4.2983775686538159,3.0035909515354104,2.366655,-1.194897,-1.1717579316033,-0.8279096587209,0,4.5e-13
0.9831523491138074,0.0,0.0013865647700634,0.0000000000000000,-0.0126530531316052,0.0000000000000000,4.2984775686538157,3.0035907882024131,2.372719,-1.194609,-1.1781100557953,-0.8344727322909,0,7.2e-12
0.9831532017763469,0.0,0.0013975762392439,0.0000000000000000,-0.0126543637038866,0.0000000000000000,4.2985775686538155,3.0035906248845401,2.378787,-1.194322,-1.1844650363326,-0.8410368353706,0,7.5e-13
0.9831540543874702,0.0,0.0014085002314649,0.0000000000000000,-0.0126556742614611,0.0000000000000000,4.2986775686538152,3.0035904615817013,2.384857,-1.194035,-1.1908228314146,-0.8476019358400,0,3.4e-13
0.9831549069469101,0.0,0.0014193387650769,0.0000000000000000,-0.0126569848034285,0.0000000000000000,4.2987775686538159,3.0035902982939255,2.390931,-1.193748,-1.1971834245817,-0.8541680211340,0,9.6e-13
0.9831557594547429,0.0,0.0014300937812092,0.0000000000000000,-0.0126582953306186,0.0000000000000000,4.2988775686538157,3.0035901350212342,2.397008,-1.193461,-1.2035468134022,-0.8607350895532,0,2.8e-12
0.9831566119108404,0.0,0.0014407671526549,0.0000000000000000,-0.0126596058418494,0.0000000000000000,4.2989775686538154,3.0035899717636023,2.403088,-1.193175,-1.2099130227108,-0.8673031637483,0,3.4e-12
0.9831574643152456,0.0,0.0014513606802739,0.0000000000000000,-0.0126609163373279,0.0000000000000000,4.2990775686538161,3.0035898085210362,2.409171,-1.192889,-1.2162820255025,-0.8738722237494,0,1.7e-13
0.9831583166680768,0.0,0.0014618760999848,0.0000000000000000,-0.0126622268177628,0.0000000000000000,4.2991775686538158,3.0035896452935233,2.415257,-1.192603,-1.2226538482240,-0.8804422917512,0,4.3e-12
0.9831591689691371,0.0,0.0014723150851438,0.0000000000000000,-0.0126635372821110,0.0000000000000000,4.2992775686538156,3.0035894820810816,2.421346,-1.192318,-1.2290284902607,-0.8870133686031,0,4.1e-12
0.9831600212186130,0.0,0.0014826792504476,0.0000000000000000,-0.0126648477314063,0.0000000000000000,4.2993775686538154,3.0035893188836926,2.427438,-1.192032,-1.2354059111009,-0.8935854224152,0,6.5e-13
0.9831608734166212,0.0,0.0014929701556338,0.0000000000000000,-0.0126661581657445,0.0000000000000000,4.2994775686538160,3.0035891557013357,2.433534,-1.191748,-1.2417861418296,-0.9001584807415,0,6.1e-13
0.9831617255629533,0.0,0.0015031893041372,0.0000000000000000,-0.0126674685842000,0.0000000000000000,4.2995775686538158,3.0035889925340409,2.439632,-1.191463,-1.2481691839157,-0.9067325454824,0,3.3e-12
0.9831625776575482,0.0,0.0015133381498299,0.0000000000000000,-0.0126687789869294,0.0000000000000000,4.2996775686538156,3.0035888293817958,2.445734,-1.191179,-1.2545550442525,-0.9133076240042,0,5.9e-12
0.9831634297008224,0.0,0.0015234180987730,0.0000000000000000,-0.0126700893754147,0.0000000000000000,4.2997775686538153,3.0035886662445765,2.451839,-1.190895,-1.2609436956614,-0.9198836959900,0,7.3e-13
0.9831642816923499,0.0,0.0015334305086058,0.0000000000000000,-0.0126713997479709,0.0000000000000000,4.2998775686538160,3.0035885031224132,2.457947,-1.190612,-1.2673351513165,-0.9264607727662,0,1.2e-12
0.9831651336322268,0.0,0.0015433766948775,0.0000000000000000,-0.0126727101044154,0.0000000000000000,4.2999775686538158,3.0035883400152974,2.464058,-1.190329,-1.2737294060259,-0.9330388515108,0,3.7e-12
0.9831736501965995,0.0,0.0016394574949298,0.0000000000000000,-0.0126858128284521,0.0000000000000000,4.3009775686538161,3.0035867097707056,2.525340,-1.187514,-1.3378260902565,-0.9988752272723,0,1.2e-12
0.9831821616118530,0.0,0.0017300977717992,0.0000000000000000,-0.0126989140187356,0.0000000000000000,4.3019775686538155,3.0035850810273588,2.586932,-1.184729,-1.4022027240083,-1.0648134034531,0,1.5e-12
0.9831906678860927,0.0,0.0018161124502142,0.0000000000000000,-0.0127120136820826,0.0000000000000000,4.3029775686538159,3.0035834537827686,2.648834,-1.181975,-1.4668588768790,-1.1308544214552,0,4.6e-12
0.9831991690275255,0.0,0.0018981306108076,0.0000000000000000,-0.0127251118255501,0.0000000000000000,4.3039775686538153,3.0035818280344486,2.711044,-1.179250,-1.5317940624774,-1.1969992776089,0,2.9e-12
0.9832076650439153,0.0,0.0019766499416907,0.0000000000000000,-0.0127382084537100,0.0000000000000000,4.3049775686538156,3.0035802037799524,2.773563,-1.176555,-1.5970079725354,-1.2632491065706,0,6.3e-12
0.9832161559434460,0.0,0.0020520722455366,0.0000000000000000,-0.0127513035737548,0.0000000000000000,4.3059775686538160,3.0035785810168005,2.836389,-1.173889,-1.6625000620779,-1.3296048539035,0,4.2e-12
0.9832246417339749,0.0,0.0021247274839169,0.0000000000000000,-0.0127643971908628,0.0000000000000000,4.3069775686538154,3.0035769597425483,2.899521,-1.171251,-1.7282700939288,-1.3960677022361,0,2.0e-12
0.9832331224237369,0.0,0.0021948905832830,0.0000000000000000,-0.0127774893125033,0.0000000000000000,4.3079775686538158,3.0035753399547067,2.962959,-1.168642,-1.7943174769907,-1.4626385560513,0,1.6e-13
0.9832415980205422,0.0,0.0022627934965852,0.0000000000000000,-0.0127905799440436,0.0000000000000000,4.3089775686538161,3.0035737216508589,3.026703,-1.166061,-1.8606419218492,-1.5293185505231,0,2.6e-12
0.9832500685322805,0.0,0.0023286340685577,0.0000000000000000,-0.0128036690911086,0.0000000000000000,4.3099775686538155,3.0035721048285540,3.090750,-1.163507,-1.9272429482869,-1.5961086712455,0,1.5e-12
0.9832585339671351,0.0,0.0023925826757176,0.0000000000000000,-0.0128167567608945,0.0000000000000000,4.3109775686538159,3.0035704894853259,3.155101,-1.160980,-1.9941201922935,-1.6630099895853,0,6.7e-13
0.9832669943328773,0.0,0.0024547872906439,0.0000000000000000,-0.0128298429587217,0.0000000000000000,4.3119775686538153,3.0035688756187708,3.219754,-1.158481,-2.0612731570841,-1.7300234729221,0,1.7e-12
0.9832754496369868,0.0,0.0025153774071893,0.0000000000000000,-0.0128429276889662,0.0000000000000000,4.3129775686538157,3.0035672632264907,3.284710,-1.156008,-2.1287015981204,-1.7971502754493,0,1.5e-11
0.9832838998890732,0.0,0.0025744671268017,0.0000000000000000,-0.0128560109640726,0.0000000000000000,4.3139775686538160,3.0035656523058871,3.349966,-1.153561,-2.1964048153956,-1.8643912096126,0,3.7e-12
0.9832923450951401,0.0,0.0026321575954684,0.0000000000000000,-0.0128690927828860,0.0000000000000000,4.3149775686538154,3.0035640428547365,3.415523,-1.151141,-2.2643826231581,-1.9317474659044,0,1.2e-12
0.9833007852640183,0.0,0.0026885389901964,0.0000000000000000,-0.0128821731552152,0.0000000000000000,4.3159775686538158,3.0035624348705237,3.481380,-1.148746,-2.3326345660421,-1.9992200319939,0,3.0e-12
0.9833092204038654,0.0,0.0027436921119390,0.0000000000000000,-0.0128952520876048,0.0000000000000000,4.3169775686538161,3.0035608283508002,3.547536,-1.146376,-2.4011601468709,-2.0668098651771,0,1.3e-11
0.9833176505211012,0.0,0.0027976896935897,0.0000000000000000,-0.0129083295814535,0.0000000000000000,4.3179775686538155,3.0035592232933128,3.613990,-1.144031,-2.4699591278907,-2.1345181013825,0,1.8e-12
0.9833260756251361,0.0,0.0028505974988253,0.0000000000000000,-0.0129214056479213,0.0000000000000000,4.3189775686538159,3.0035576196954943,3.680742,-1.141711,-2.5390308919630,-2.2023456082766,0,4.6e-12
0.9833344957231515,0.0,0.0029024752115749,0.0000000000000000,-0.0129344802908961,0.0000000000000000,4.3199775686538153,3.0035560175550273,3.747791,-1.139416,-2.6083751393157,-2.2702934724715,0,2.6e-13
0.9833429108231092,0.0,0.0029533772042526,0.0000000000000000,-0.0129475535166174,0.0000000000000000,4.3209775686538157,3.0035544168694921,3.815136,-1.137145,-2.6779913865393,-2.3383626509511,0,7.5e-12
0.9833513209329422,0.0,0.0030033531752606,0.0000000000000000,-0.0129606253314497,0.0000000000000000,4.3219775686538160,3.0035528176364830,3.882777,-1.134898,-2.7478793153605,-2.4065542096319,0,2.6e-12
0.9833597260604032,0.0,0.0030524486934273,0.0000000000000000,-0.0129736957415601,0.0000000000000000,4.3229775686538154,3.0035512198536303,3.950712,-1.132674,-2.8180383922925,-2.4748690649845,0,5.7e-12
0.9833681262131544,0.0,0.0031007056655836,0.0000000000000000,-0.0129867647518760,0.0000000000000000,4.3239775686538158,3.0035496235185613,4.018942,-1.130474,-2.8884683266304,-2.5433082967689,0,3.0e-12
0.9833765213991743,0.0,0.0031481627354819,0.0000000000000000,-0.0129998323697168,0.0000000000000000,4.3249775686538161,3.0035480286288876,4.087465,-1.128297,-2.9591685862179,-2.6118728163351,0,2.7e-13
0.9833849116262010,0.0,0.0031948556309356,0.0000000000000000,-0.0130128986001852,0.0000000000000000,4.3259775686538156,3.0035464351822294,4.156281,-1.126142,-3.0301388251755,-2.6805636607218,0,2.0e-12
0.9833932969020864,0.0,0.0032408174615313,0.0000000000000000,-0.0130259634502296,0.0000000000000000,4.3269775686538159,3.0035448431762206,4.225389,-1.124011,-3.1013785830800,-2.7493817845826,0,4.7e-12
0.9834016772344505,0.0,0.0032860789817733,0.0000000000000000,-0.0130390269249658,0.0000000000000000,4.3279775686538153,3.0035432526085128,4.294789,-1.121901,-3.1728874689772,-2.8183281859994,0,5.6e-12
0.9834100526309166,0.0,0.0033306688198041,0.0000000000000000,-0.0130520890295662,0.0000000000000000,4.3289775686538157,3.0035416634767418,4.364479,-1.119814,-3.2446651017810,-2.8874038698961,0,6.3e-12
0.9834184230997147,0.0,0.0033746136772459,0.0000000000000000,-0.0130651497724787,0.0000000000000000,4.3299775686538160,3.0035400757785298,4.434459,-1.117748,-3.3167110181986,-2.9566097782489,0,5.0e-12
0.9834267886478827,0.0,0.0034179385067514,0.0000000000000000,-0.0130782091565756,0.0000000000000000,4.3309775686538154,3.0035384895115711,4.504729,-1.115705,-3.3890248195838,-3.0259468986203,0,8.9e-13
0.9834351492837952,0.0,0.0034606666697494,0.0000000000000000,-0.0130912671905573,0.0000000000000000,4.3319775686538158,3.0035369046734739,4.575288,-1.113682,-3.4616060469443,-3.0954161719457,0,2.4e-12
0.9834435050147692,0.0,0.0035028200737848,0.0000000000000000,-0.0131043238788244,0.0000000000000000,4.3329775686538161,3.0035353212619209,4.646135,-1.111681,-3.5344543598546,-3.1650186154031,0,6.2e-12
0.9834518558485985,0.0,0.0035444192977727,0.0000000000000000,-0.0131173792274621,0.0000000000000000,4.3339775686538156,3.0035337392745709,4.717270,-1.109700,-3.6075692854004,-3.2347551586548,0,1.1e-11
0.9834602017930687,0.0,0.0035854837016625,0.0000000000000000,-0.0131304332432116,0.0000000000000000,4.3349775686538159,3.0035321587090817,4.788691,-1.107740,-3.6809503924383,-3.3046267532700,0,1.2e-12
0.9834685428557972,0.0,0.0036260315259891,0.0000000000000000,-0.0131434859316436,0.0000000000000000,4.3359775686538153,3.0035305795631291,4.860398,-1.105801,-3.7545972723391,-3.3746343615932,0,7.1e-12
0.9834768790443351,0.0,0.0036660799804853,0.0000000000000000,-0.0131565372977979,0.0000000000000000,4.3369775686538157,3.0035290018344032,4.932392,-1.103882,-3.8285096254671,-3.4447790137403,0,4.9e-12
0.9834852103665237,0.0,0.0037056453244091,0.0000000000000000,-0.0131695873488039,0.0000000000000000,4.3379775686538160,3.0035274255205580,5.004670,-1.101983,-3.9026868878045,-3.5150615710797,0,1.2e-12
0.9834935368298168,0.0,0.0037447429378475,0.0000000000000000,-0.0131826360897566,0.0000000000000000,4.3389775686538155,3.0035258506193045,5.077232,-1.100104,-3.9771286145656,-3.5854829658641,0,1.2e-11
0.9835018584418411,0.0,0.0037833873883593,0.0000000000000000,-0.0131956835262801,0.0000000000000000,4.3399775686538158,3.0035242771283279,5.150079,-1.098244,-4.0518345980865,-3.6560442720523,0,2.0e-12
0.9835101752106969,0.0,0.0038215924894190,0.0000000000000000,-0.0132087296666861,0.0000000000000000,4.3409775686538161,3.0035227050452784,5.223208,-1.096404,-4.1268041414971,-3.7267462648657,0,1.3e-11
0.9835184871430322,0.0,0.0038593713532962,0.0000000000000000,-0.0132217745122774,0.0000000000000000,4.3419775686538156,3.0035211343679347,5.296620,-1.094583,-4.2020371043033,-3.7975900519269,0,7.9e-12
0.9835267942472816,0.0,0.0038967364420518,0.0000000000000000,-0.0132348180727231,0.0000000000000000,4.3429775686538159,3.0035195650939288,5.370314,-1.092781,-4.2775329006456,-3.8685764681511,0,6.1e-13
0.9835350965310097,0.0,0.0039336996096328,0.0000000000000000,-0.0132478603544026,0.0000000000000000,4.3439775686538153,3.0035179972209853,5.444289,-1.090998,-4.3532910153590,-3.9397063919278,0,2.1e-11
0.9835433940009968,0.0,0.0039702721455289,0.0000000000000000,-0.0132609013584011,0.0000000000000000,4.3449775686538157,3.0035164307468363,5.518544,-1.089233,-4.4293113632868,-4.0109809519889,0,1.1e-12
0.9835516866655977,0.0,0.0040064648086943,0.0000000000000000,-0.0132739410950396,0.0000000000000000,4.3459775686538160,3.0035148656691728,5.593080,-1.087487,-4.5055932835894,-4.0824009313173,0,5.5e-12
0.9835599745321880,0.0,0.0040422878645824,0.0000000000000000,-0.0132869795690527,0.0000000000000000,4.3469775686538155,3.0035133019857141,5.667895,-1.085759,-4.5821363355899,-4.1539672460092,0,5.7e-13
0.9835682576082189,0.0,0.0040777511148622,0.0000000000000000,-0.0133000167861166,0.0000000000000000,4.3479775686538158,3.0035117396941922,5.742989,-1.084049,-4.6589401313519,-4.2256808340367,0,2.1e-12
0.9835765359012506,0.0,0.0041128639271178,0.0000000000000000,-0.0133130527519576,0.0000000000000000,4.3489775686538161,3.0035101787923355,5.818361,-1.082357,-4.7360043087937,-4.2975426481315,0,4.3e-12
0.9835848094187383,0.0,0.0041476352613299,0.0000000000000000,-0.0133260874719574,0.0000000000000000,4.3499775686538156,3.0035086192778730,5.894011,-1.080682,-4.8133284663163,-4.3695536157204,0,2.7e-12
0.9835930781682720,0.0,0.0041820736938992,0.0000000000000000,-0.0133391209524496,0.0000000000000000,4.3509775686538159,3.0035070611485390,5.969938,-1.079025,-4.8909121100960,-4.4417146057926,0,3.0e-12
0.9836013421574253,0.0,0.0042161874407633,0.0000000000000000,-0.0133521531997280,0.0000000000000000,4.3519775686538154,3.0035055044020695,6.046141,-1.077386,-4.9687548071612,-4.5140265234050,0,7.1e-12
0.9836096013935230,0.0,0.0042499843783962,0.0000000000000000,-0.0133651842185317,0.0000000000000000,4.3529775686538157,3.0035039490362188,6.122620,-1.075763,-5.0468562432770,-4.5864903323623,0,1.6e-12
0.9836178558840746,0.0,0.0042834720629789,0.0000000000000000,-0.0133782140149608,0.0000000000000000,4.3539775686538160,3.0035023950487334,6.199374,-1.074158,-5.1252159391708,-4.6591069043527,0,5.3e-12
0.9836261056367920,0.0,0.0043166577486936,0.0000000000000000,-0.0133912425958376,0.0000000000000000,4.3549775686538155,3.0035008424373490,6.276403,-1.072569,-5.2038334102142,-4.7318771065304,0,6.6e-13
0.9836343506587210,0.0,0.0043495484039090,0.0000000000000000,-0.0134042699653633,0.0000000000000000,4.3559775686538158,3.0034992911998502,6.353706,-1.070997,-5.2827083116349,-4.8048018774556,0,1.7e-12
0.9836425909574970,0.0,0.0043821507276390,0.0000000000000000,-0.0134172961297263,0.0000000000000000,4.3569775686538161,3.0034977413339883,6.431282,-1.069442,-5.3618402525753,-4.8778821286551,0,2.6e-12
0.9836508265407637,0.0,0.0044144711634192,0.0000000000000000,-0.0134303210957885,0.0000000000000000,4.3579775686538156,3.0034961928375057,6.509131,-1.067903,-5.4412287187706,-4.9511187017524,0,2.5e-12
0.9836590574156405,0.0,0.0044465159124477,0.0000000000000000,-0.0134433448678963,0.0000000000000000,4.3589775686538159,3.0034946457082063,6.587253,-1.066380,-5.5208733674539,-5.0245125262087,0,7.3e-12
0.9836672835897522,0.0,0.0044782909471549,0.0000000000000000,-0.0134563674529477,0.0000000000000000,4.3599775686538154,3.0034930999438352,6.665646,-1.064873,-5.6007737141817,-5.0980644565105,0,1.7e-12
0.9836755050703458,0.0,0.0045098020221799,0.0000000000000000,-0.0134693888556645,0.0000000000000000,4.3609775686538157,3.0034915555421895,6.744311,-1.063381,-5.6809293751074,-5.1717753952846,0,3.0e-12
0.9836837218648917,0.0,0.0045410546856450,0.0000000000000000,-0.0134824090822814,0.0000000000000000,4.3619775686538160,3.0034900125010440,6.823246,-1.061906,-5.7613399318806,-5.2456462225931,0,3.8e-12
0.9836919339807937,0.0,0.0045720542895153,0.0000000000000000,-0.0134954281385747,0.0000000000000000,4.3629775686538155,3.0034884708181790,6.902451,-1.060446,-5.8420049630235,-5.3196778159376,0,3.4e-12
0.9837001414254414,0.0,0.0046028059989879,0.0000000000000000,-0.0135084460303847,0.0000000000000000,4.3639775686538158,3.0034869304913894,6.981926,-1.059002,-5.9229240090486,-5.3938710306931,0,1.4e-12
0.9837083442061421,0.0,0.0046333148018567,0.0000000000000000,-0.0135214627630622,0.0000000000000000,4.3649775686538161,3.0034853915184674,7.061669,-1.057572,-6.0040967056180,-5.4682267667677,0,2.9e-12
0.9837165423302585,0.0,0.0046635855165871,0.0000000000000000,-0.0135344783425571,0.0000000000000000,4.3659775686538156,3.0034838538972144,7.141681,-1.056158,-6.0855225571181,-5.5427458551512,0,1.4e-12
0.9837247358051853,0.0,0.0046936228008563,0.0000000000000000,-0.0135474927744974,0.0000000000000000,4.3669775686538159,3.0034823176254246,7.221960,-1.054759,-6.1672011830350,-5.6174291826421,0,5.9e-12
0.9837329246381652,0.0,0.0047234311582842,0.0000000000000000,-0.0135605060643811,0.0000000000000000,4.3679775686538154,3.0034807827009162,7.302507,-1.053375,-6.2491321969300,-5.6922776273916,0,2.1e-13
0.9837411088365313,0.0,0.0047530149461706,0.0000000000000000,-0.0135735182178520,0.0000000000000000,4.3689775686538157,3.0034792491214959,7.383320,-1.052005,-6.3313151779002,-5.7672920491185,0,8.0e-12
0.9837492884077765,0.0,0.0047823783819116,0.0000000000000000,-0.0135865292415851,0.0000000000000000,4.3699775686538160,3.0034777168849569,7.464400,-1.050650,-6.4137495753818,-5.8424732426929,0,4.6e-13
0.9837574633589430,0.0,0.0048115255487668,0.0000000000000000,-0.0135995391398920,0.0000000000000000,4.3709775686538155,3.0034761859891539,7.545745,-1.049310,-6.4964350766619,-5.9178221136794,0,4.9e-13
0.9837656336975726,0.0,0.0048404604029863,0.0000000000000000,-0.0136125479194411,0.0000000000000000,4.3719775686538158,3.0034746564318686,7.627354,-1.047983,-6.5793712636791,-5.9933395142886,0,5.2e-13
0.9837737994307248,0.0,0.0048691867776782,0.0000000000000000,-0.0136255555850497,0.0000000000000000,4.3729775686538161,3.0034731282109584,7.709229,-1.046671,-6.6625576406199,-6.0690262581931,0,7.8e-13
0.9837819605658124,0.0,0.0048977083894249,0.0000000000000000,-0.0136385621431268,0.0000000000000000,4.3739775686538156,3.0034716013242391,7.791367,-1.045373,-6.7459938568204,-6.1448832214236,0,1.5e-12
0.9837901171100226,0.0,0.0049260288428144,0.0000000000000000,-0.0136515675987046,0.0000000000000000,4.3749775686538159,3.0034700757695516,7.873768,-1.044089,-6.8296794544776,-6.2209112294420,0,3.0e-12
0.9837982690706822,0.0,0.0049541516349648,0.0000000000000000,-0.0136645719580633,0.0000000000000000,4.3759775686538154,3.0034685515447266,7.956432,-1.042818,-6.9136139974128,-6.2971111140569,0,9.6e-13
0.9838064164549485,0.0,0.0049820801603245,0.0000000000000000,-0.0136775752261756,0.0000000000000000,4.3769775686538157,3.0034670286476115,8.039358,-1.041561,-6.9977970740558,-6.3734837178923,0,1.8e-12
0.9838145592701282,0.0,0.0050098177144291,0.0000000000000000,-0.0136905774092558,0.0000000000000000,4.3779775686538160,3.0034655070760503,8.122546,-1.040318,-7.0822282520139,-6.4500298660396,0,3.1e-12
0.9838226975233448,0.0,0.0050373674984946,0.0000000000000000,-0.0137035785121572,0.0000000000000000,4.3789775686538155,3.0034639868278963,8.205995,-1.039088,-7.1669071364377,-6.5267504030508,0,3.5e-13
0.9838308312218762,0.0,0.0050647326225703,0.0000000000000000,-0.0137165785410232,0.0000000000000000,4.3799775686538158,3.0034624679010009,8.289705,-1.037871,-7.2518332614078,-6.6036461341933,0,2.1e-12
0.9838389603730040,0.0,0.0050919161096300,0.0000000000000000,-0.0137295775018355,0.0000000000000000,4.3809775686538162,3.0034609502932130,8.373674,-1.036668,-7.3370062646041,-6.6807179093396,0,6.3e-12
0.9838470849838534,0.0,0.0051189208988053,0.0000000000000000,-0.0137425753997503,0.0000000000000000,4.3819775686538156,3.0034594340023970,8.457903,-1.035477,-7.4224255816987,-6.7579664874566,0,1.6e-12
0.9838552050615534,0.0,0.0051457498482798,0.0000000000000000,-0.0137555722405020,0.0000000000000000,4.3829775686538159,3.0034579190264283,8.542391,-1.034300,-7.5080908625469,-6.8353927201166,0,1.2e-11
0.9838633206133613,0.0,0.0051724057394373,0.0000000000000000,-0.0137685680291361,0.0000000000000000,4.3839775686538154,3.0034564053631669,8.627137,-1.033135,-7.5940017802912,-6.9129974610167,0,5.3e-12
0.9838714316462933,0.0,0.0051988912781411,0.0000000000000000,-0.0137815627715114,0.0000000000000000,4.3849775686538157,3.0034548930105007,8.712141,-1.031983,-7.6801577899209,-6.9907814694691,0,3.1e-12
0.9838795381676326,0.0,0.0052252090992495,0.0000000000000000,-0.0137945564733448,0.0000000000000000,4.3859775686538160,3.0034533819662901,8.797402,-1.030844,-7.7665585254688,-7.0687455776694,0,4.0e-12
0.9838876401845111,0.0,0.0052513617680272,0.0000000000000000,-0.0138075491403395,0.0000000000000000,4.3869775686538155,3.0034518722284216,8.882920,-1.029717,-7.8532034849606,-7.1468905597221,0,1.5e-12
0.9838957377040435,0.0,0.0052773517833639,0.0000000000000000,-0.0138205407778485,0.0000000000000000,4.3879775686538158,3.0034503637947778,8.968694,-1.028602,-7.9400922704674,-7.2252172272813,0,3.2e-12
0.9839038307333705,0.0,0.0053031815797981,0.0000000000000000,-0.0138335313915592,0.0000000000000000,4.3889775686538162,3.0034488566632520,9.054724,-1.027500,-8.0272245032760,-7.3037263993324,0,3.4e-12
0.9839442287752382,0.0,0.0054300082791789,0.0000000000000000,-0.0138984692949706,0.0000000000000000,4.3939775686538161,3.0034413404637079,9.488690,-1.022168,-8.4665218140467,-7.6990372851812,0,3.2e-12
0.9839845156245468,0.0,0.0055531615410335,0.0000000000000000,-0.0139633824300804,0.0000000000000000,4.3989775686538160,3.0034338565025123,9.928968,-1.017128,-8.9118400695902,-8.0990282719834,0,3.5e-13
0.9840246921606848,0.0,0.0056728855736911,0.0000000000000000,-0.0140282714819375,0.0000000000000000,4.4039775686538158,3.0034264045199990,10.375492,-1.012366,-9.3631255606345,-8.5037956298014,0,2.0e-11
0.9840647592577259,0.0,0.0057893979439590,0.0000000000000000,-0.0140931371367567,0.0000000000000000,4.4089775686538157,3.0034189842588015,10.828196,-1.007872,-9.8203239120124,-8.9134335124533,0,5.1e-12
0.9841047177830879,0.0,0.0059028935107475,0.0000000000000000,-0.0141579800696486,0.0000000000000000,4.4139775686538165,3.0034115954638856,11.287016,-1.003634,-10.2833813486046,-9.3280344316595,0,1.6e-12
0.9841445685988539,0.0,0.0060135476356671,0.0000000000000000,-0.0142228009562599,0.0000000000000000,4.4189775686538164,3.0034042378824761,11.751886,-0.999643,-10.7522433525409,-9.7476887546882,0,1.6e-12
0.9841843125614076,0.0,0.0061215188343280,0.0000000000000000,-0.0142876004678060,0.0000000000000000,4.4239775686538163,3.0033969112640264,12.222743,-0.995888,-11.2268553470372,-10.1724849512582,0,4.1e-12
0.9842239505213227,0.0,0.0062269509785765,0.0000000000000000,-0.0143523792710403,0.0000000000000000,4.4289775686538162,3.0033896153602124,12.699523,-0.992361,-11.7071625331880,-10.6025095347529,0,7.3e-13
0.9842634833238014,0.0,0.0063299751405726,0.0000000000000000,-0.0144171380304468,0.0000000000000000,4.4339775686538161,3.0033823499248968,13.182162,-0.989052,-12.1931098537169,-11.0378470393371,0,2.2e-11
0.9843029118078117,0.0,0.0064307111491034,0.0000000000000000,-0.0144818774013946,0.0000000000000000,4.4389775686538160,3.0033751147141574,13.670597,-0.985954,-12.6846425047962,-11.4785801763726,0,2.5e-12
0.9843422368080033,0.0,0.0065292689075835,0.0000000000000000,-0.0145465980439495,0.0000000000000000,4.4439775686538159,3.0033679094861032,14.164763,-0.983058,-13.1817046120689,-11.9247894364893,0,6.2e-12
0.9843814591526859,0.0,0.0066257495214799,0.0000000000000000,-0.0146113006078978,0.0000000000000000,4.4489775686538158,3.0033607340010402,14.664599,-0.980358,-13.6842408506187,-12.3765535486942,0,2.7e-12
0.9844205796653402,0.0,0.0067202462640498,0.0000000000000000,-0.0146759857425901,0.0000000000000000,4.4539775686538166,3.0033535880213162,15.170040,-0.977845,-14.1921951688518,-12.8339491281640,0,1.6e-12
0.9844595991640184,0.0,0.0068128454101148,0.0000000000000000,-0.0147406540927516,0.0000000000000000,4.4589775686538164,3.0033464713113482,15.681025,-0.975513,-14.7055115565747,-13.2970508665321,0,4.4e-12
0.9844985184615083,0.0,0.0069036269581586,0.0000000000000000,-0.0148053062996112,0.0000000000000000,4.4639775686538163,3.0033393836376003,16.197490,-0.973356,-15.2241336183234,-13.7659314236247,0,1.7e-12
0.9845373383654736,0.0,0.0069926652596368,0.0000000000000000,-0.0148699430005870,0.0000000000000000,4.4689775686538162,3.0033323247685342,16.719373,-0.971368,-15.7480047972701,-14.2406614768881,0,7.9e-13
0.9845760596785320,0.0,0.0070800295681354,0.0000000000000000,-0.0149345648301391,0.0000000000000000,4.4739775686538161,3.0033252944746041,17.246610,-0.969542,-16.2770683037740,-14.7213096888878,0,3.8e-12
0.9846146831983807,0.0,0.0071657845222746,0.0000000000000000,-0.0149991724196970,0.0000000000000000,4.4789775686538160,3.0033182925282116,17.779140,-0.967873,-16.8112669079282,-15.2079426714008,0,2.2e-13
0.9846532097175450,0.0,0.0072499905703517,0.0000000000000000,-0.0150637663965273,0.0000000000000000,4.4839775686538159,3.0033113187037199,18.316898,-0.966355,-17.3505433273445,-15.7006250486404,0,9.0e-12
0.9846916400235702,0.0,0.0073327043465927,0.0000000000000000,-0.0151283473836247,0.0000000000000000,4.4889775686538158,3.0033043727774058,18.859824,-0.964984,-17.8948400256268,-16.1994194126610,0,1.3e-12
0.9847299748994984,0.0,0.0074139790037201,0.0000000000000000,-0.0151929160030766,0.0000000000000000,4.4939775686538166,3.0032974545274214,19.407853,-0.963754,-18.4440989837068,-16.7043862793764,0,1.5e-12
0.9847682151233449,0.0,0.0074938645101001,0.0000000000000000,-0.0152574728721611,0.0000000000000000,4.4989775686538165,3.0032905637338012,19.960922,-0.962660,-18.9982620714830,-17.2155841418658,0,5.1e-13
0.9848063614684276,0.0,0.0075724079140746,0.0000000000000000,-0.0153220186052764,0.0000000000000000,4.5039775686538164,3.0032837001784287,20.518970,-0.961699,-19.5572707963050,-17.7330694281735,0,3.4e-12
0.9848444147032531,0.0,0.0076496535810875,0.0000000000000000,-0.0153865538126370,0.0000000000000000,4.5089775686538163,3.0032768636450240,21.081932,-0.960865,-20.1210664768380,-18.2568965147746,0,9.8e-13
0.9849202448938795,0.0,0.0078004170042184,0.0000000000000000,-0.0155155950809031,0.0000000000000000,4.5189775686538161,3.0032632707879396,22.222347,-0.959565,-21.2627821498753,-19.3237831815453,0,2.6e-13
0.9849957117525839,0.0,0.0079464636068460,0.0000000000000000,-0.0156446015023665,0.0000000000000000,4.5289775686538158,3.0032497834679686,23.381661,-0.958727,-22.4229332314728,-20.4166375254120,0,7.7e-13
0.9850708212653488,0.0,0.0080880708882040,0.0000000000000000,-0.0157735778537497,0.0000000000000000,4.5389775686538165,3.0032364000184204,24.559363,-0.958324,-23.6010389724455,-21.5358194194449,0,2.3e-12
0.9851455793481951,0.0,0.0082254893597374,0.0000000000000000,-0.0159025288625837,0.0000000000000000,4.5489775686538163,3.0032231187998484,25.754941,-0.958327,-24.7966137387727,-22.6816549785510,0,3.2e-12
0.9852199918491503,0.0,0.0083589461362807,0.0000000000000000,-0.0160314592105945,0.0000000000000000,4.5589775686538161,3.0032099381994137,26.967879,-0.958712,-26.0091665210290,-23.8544362823978,0,1.3e-13
0.9852940645496651,0.0,0.0084886479320326,0.0000000000000000,-0.0161603735329868,0.0000000000000000,4.5689775686538159,3.0031968566302760,28.197658,-0.959456,-27.2382011720594,-25.0544211334500,0,4.3e-12
0.9853678031661939,0.0,0.0086147835770655,0.0000000000000000,-0.0162892764194867,0.0000000000000000,4.5789775686538166,3.0031838725309914,29.443754,-0.960538,-28.4832161552059,-26.2818327917127,0,4.1e-12
0.9854412133516021,0.0,0.0087375261446655,0.0000000000000000,-0.0164181724158161,0.0000000000000000,4.5889775686538163,3.0031709843649854,30.705640,-0.961936,-29.7437043280988,-27.5368596961234,0,1.7e-12
0.9855143006973712,0.0,0.0088570347635522,0.0000000000000000,-0.0165470660258861,0.0000000000000000,4.5989775686538161,3.0031581906198381,31.982785,-0.963633,-31.0191528035451,-28.8196552275186,0,2.6e-12
0.9855870707341553,0.0,0.0089734561662355,0.0000000000000000,-0.0166759617100858,0.0000000000000000,4.6089775686538159,3.0031454898069030,33.274653,-0.965610,-32.3090430384437,-30.1303374157002,0,9.1e-13
0.9856595289338764,0.0,0.0090869260228857,0.0000000000000000,-0.0168048638885341,0.0000000000000000,4.6189775686538166,3.0031328804606705,34.580702,-0.967852,-33.6128505225875,-31.4689886810203,0,7.0e-12
0.9857316807106666,0.0,0.0091975700942700,0.0000000000000000,-0.0169337769394722,0.0000000000000000,4.6289775686538164,3.0031203611382895,35.900387,-0.970342,-34.9300449141428,-32.8356555555399,0,1.3e-12
0.9858035314230644,0.0,0.0093055052330122,0.0000000000000000,-0.0170627052044389,0.0000000000000000,4.6389775686538162,3.0031079304189943,37.233156,-0.973067,-36.2600894225968,-34.2303484546552,0,3.3e-12
0.9858750863744254,0.0,0.0094108402578420,0.0000000000000000,-0.0171916529838348,0.0000000000000000,4.6489775686538160,3.0030955869036884,38.578454,-0.976012,-37.6024414003020,-35.6530413475899,0,3.6e-12
0.9859463508150914,0.0,0.0095136767189613,0.0000000000000000,-0.0173206245424409,0.0000000000000000,4.6589775686538166,3.0030833292143844,39.935717,-0.979165,-38.9565515397335,-37.1036715621174,0,2.0e-12
0.9860173299431716,0.0,0.0096141095718197,0.0000000000000000,-0.0174496241067004,0.0000000000000000,4.6689775686538164,3.0030711559937870,41.304379,-0.982514,-40.3218644482881,-38.5821394467306,0,9.6e-13
0.9860880289062026,0.0,0.0097122277715145,0.0000000000000000,-0.0175786558678901,0.0000000000000000,4.6789775686538162,3.0030590659047856,42.683865,-0.986047,-41.6978180365149,-40.0883081684755,0,1.5e-13
0.9861584528024527,0.0,0.0098081147995499,0.0000000000000000,-0.0177077239824788,0.0000000000000000,4.6889775686538160,3.0030470576300146,44.073597,-0.989754,-43.0838436265002,-41.6220034372960,0,6.7e-12
0.9862286066814591,0.0,0.0099018491317252,0.0000000000000000,-0.0178368325705024,0.0000000000000000,4.6989775686538167,3.0030351298714844,45.472989,-0.993623,-44.4793660931097,-43.1830131742415,0,1.9e-12
0.9862984955467647,0.0,0.0099935046560488,0.0000000000000000,-0.0179659857214388,0.0000000000000000,4.7089775686538164,3.0030232813499920,46.881449,-0.997646,-45.8838032078847,-44.7710874224015,0,8.7e-13
0.9863681243557036,0.0,0.0100831510454137,0.0000000000000000,-0.0180951874898216,0.0000000000000000,4.7189775686538162,3.0030115108048601,48.298379,-1.001813,-47.2965662018678,-46.3859379196133,0,3.2e-12
0.9864374980214542,0.0,0.0101708540925020,0.0000000000000000,-0.0182244418992445,0.0000000000000000,4.7289775686538160,3.0029998169934360,49.723174,-1.006115,-48.7170592619607,-48.0272379649241,0,1.4e-12
0.9865066214135074,0.0,0.0102566760106780,0.0000000000000000,-0.0183537529399162,0.0000000000000000,4.7389775686538167,3.0029881986907587,51.155224,-1.010544,-50.1446797797592,-49.6946220971895,0,6.4e-13
0.9865754993598945,0.0,0.0103406757051930,0.0000000000000000,-0.0184831245737805,0.0000000000000000,4.7489775686538165,3.0029766546890775,52.593911,-1.015093,-51.5788179792163,-51.3876859402017,0,2.1e-12
0.9866441366475845,0.0,0.0104229090182464,0.0000000000000000,-0.0186125607320371,0.0000000000000000,4.7589775686538163,3.0029651837975395,54.038609,-1.019752,-53.0188570426410,-53.1059859247923,0,5.5e-13
0.9867125380236322,0.0,0.0105034289510217,0.0000000000000000,-0.0187420653158837,0.0000000000000000,4.7689775686538161,3.0029537848418104,55.488689,-1.024516,-54.4641731110147,-54.8490390374279,0,1.4e-12
0.9867807081967133,0.0,0.0105822858652234,0.0000000000000000,-0.0188716421985301,0.0000000000000000,4.7789775686538167,3.0029424566636744,56.943512,-1.029377,-55.9141350585486,-56.6163226778142,0,1.5e-12
0.9868486518379990,0.0,0.0106595276662284,0.0000000000000000,-0.0190012952252363,0.0000000000000000,4.7889775686538165,3.0029311981207081,58.402433,-1.034328,-57.3681046674424,-58.4072743566715,0,1.1e-13
0.9869163735823180,0.0,0.0107351999703304,0.0000000000000000,-0.0191310282137574,0.0000000000000000,4.7989775686538163,3.0029200080859120,59.864800,-1.039364,-58.8254363653688,-60.2212915875732,0,1.6e-12
0.9869838780291926,0.0,0.0108093462571822,0.0000000000000000,-0.0192608449550341,0.0000000000000000,4.8089775686538161,3.0029088854473893,61.329954,-1.044477,-60.2854774136971,-62.0577316007934,0,9.6e-14
0.9870511697442157,0.0,0.0108820080094879,0.0000000000000000,-0.0193907492147936,0.0000000000000000,4.8189775686538159,3.0028978291079755,62.797230,-1.049663,-61.7475676044931,-63.9159112873406,0,1.1e-11
0.9871182532596001,0.0,0.0109532248410402,0.0000000000000000,-0.0195207447319311,0.0000000000000000,4.8289775686538166,3.0028868379849598,64.265955,-1.054915,-63.2110397116186,-65.7951068197463,0,1.7e-11
0.9871851330755393,0.0,0.0110230346142610,0.0000000000000000,-0.0196508352201576,0.0000000000000000,4.8389775686538163,3.0028759110097347,65.735447,-1.060228,-64.6752192239631,-67.6945536022827,0,8.5e-13
0.9872518136617568,0.0,0.0110914735479369,0.0000000000000000,-0.0197810243714153,0.0000000000000000,4.8489775686538161,3.0028650471274538,67.205020,-1.065597,-66.1394237603162,-69.6134463583398,0,1.0e-12
0.9873182994576538,0.0,0.0111585763173653,0.0000000000000000,-0.0199113158514606,0.0000000000000000,4.8589775686538159,3.0028542452967826,68.673980,-1.071016,-67.6029641182367,-71.5509385671357,0,6.8e-12
0.9873845948738322,0.0,0.0112243761459117,0.0000000000000000,-0.0200417133031085,0.0000000000000000,4.8689775686538166,3.0028435044895656,70.141625,-1.076481,-69.0651438589975,-73.5061424950281,0,1.5e-12
0.9874507042932343,0.0,0.0112889048898763,0.0000000000000000,-0.0201722203472564,0.0000000000000000,4.8789775686538164,3.0028328236905235,71.607246,-1.081987,-70.5252589099407,-75.4781292950793,0,4.1e-12
0.9875166320718264,0.0,0.0113521931172606,0.0000000000000000,-0.0203028405815653,0.0000000000000000,4.8889775686538162,3.0028222018969868,73.070128,-1.087530,-71.9825981442146,-77.4659286560614,0,3.0e-12
0.9875823825399392,0.0,0.0114142701804559,0.0000000000000000,-0.0204335775824601,0.0000000000000000,4.8989775686538160,3.0028116381185854,74.529547,-1.093104,-73.4364432221789,-79.4685288103187,0,8.2e-14
0.9876479600030972,0.0,0.0114751642838725,0.0000000000000000,-0.0205644349047726,0.0000000000000000,4.9089775686538166,3.0028011313769873,75.984774,-1.098705,-74.8860686672213,-81.4848764601657,0,1.3e-12
0.9877133687430839,0.0,0.0115349025466871,0.0000000000000000,-0.0206954160824297,0.0000000000000000,4.9189775686538164,3.0027906807056177,77.435072,-1.104330,-76.3307417843714,-83.5138768059364,0,1.1e-12
0.9877786130189936,0.0,0.0115935110612403,0.0000000000000000,-0.0208265246290899,0.0000000000000000,4.9289775686538162,3.0027802851493881,78.879697,-1.109974,-77.7697229205857,-85.5543934251564,0,3.6e-12
0.9878436970681580,0.0,0.0116510149474913,0.0000000000000000,-0.0209577640381491,0.0000000000000000,4.9389775686538160,3.0027699437644366,80.317898,-1.115632,-79.2022653057476,-87.6052484027668,0,4.9e-13
0.9879086251071714,0.0,0.0117074384037261,0.0000000000000000,-0.0210891377832700,0.0000000000000000,4.9489775686538167,3.0027596556178668,81.748917,-1.121302,-80.6276154772704,-89.6652221421969,0,7.8e-13
0.9879734013329471,0.0,0.0117628047539356,0.0000000000000000,-0.0212206493189720,0.0000000000000000,4.9589775686538164,3.0027494197874871,83.171992,-1.126979,-82.0450130539517,-91.7330536141462,0,1.9e-12
0.9880380299236072,0.0,0.0118171364920841,0.0000000000000000,-0.0213523020805992,0.0000000000000000,4.9689775686538162,3.0027392353615685,84.586349,-1.132658,-83.4536909150674,-93.8074403890096,0,1.3e-12
0.9881025150395818,0.0,0.0118704553235258,0.0000000000000000,-0.0214840994850664,0.0000000000000000,4.9789775686538160,3.0027291014385908,85.991213,-1.138338,-84.8528754183914,-95.8870386526760,0,2.7e-12
0.9881668608245010,0.0,0.0119227822039051,0.0000000000000000,-0.0216160449305621,0.0000000000000000,4.9889775686538158,3.0027190171270046,87.385799,-1.144013,-86.2417865397401,-97.9704633450260,0,4.5e-12
0.9882310714061798,0.0,0.0119741373754503,0.0000000000000000,-0.0217481417970545,0.0000000000000000,4.9989775686538156,3.0027089815449948,88.769318,-1.149680,-87.6196380316603,-100.0562882697063,0,9.3e-12
0.9882951508980345,0.0,0.0120245404010861,0.0000000000000000,-0.0218803934481571,0.0000000000000000,5.0089775686538163,3.0026989938202089,90.140972,-1.155335,-88.9856369782582,-102.1430467459204,0,1.7e-12
0.9883591033990762,0.0,0.0120740101967641,0.0000000000000000,-0.0220128032272243,0.0000000000000000,5.0189775686538161,3.0026890530896102,91.499961,-1.160976,-90.3389852478711,-104.2292308688884,0,8.7e-12
0.9884229329962552,0.0,0.0121225650613021,0.0000000000000000,-0.0221453744631042,0.0000000000000000,5.0289775686538158,3.0026791584991339,92.845476,-1.166597,-91.6788782359873,-106.3132928455188,0,9.7e-13
0.9884866437639149,0.0,0.0121702227052584,0.0000000000000000,-0.0222781104638853,0.0000000000000000,5.0389775686538156,3.0026693092035899,94.176704,-1.172197,-93.0045065774350,-108.3936441151445,0,2.8e-11
0.9885502397667943,0.0,0.0122170002768477,0.0000000000000000,-0.0224110145259794,0.0000000000000000,5.0489775686538163,3.0026595043662838,95.492825,-1.177771,-94.3150540636592,-110.4686574544621,0,9.7e-13
0.9886137250585131,0.0,0.0122629143885125,0.0000000000000000,-0.0225440899223177,0.0000000000000000,5.0589775686538161,3.0026497431589840,96.793017,-1.183315,-95.6097011466198,-112.5366648178970,0,1.7e-13
0.9886771036847600,0.0,0.0123079811395000,0.0000000000000000,-0.0226773399130323,0.0000000000000000,5.0689775686538159,3.0026400247615479,98.076450,-1.188827,-96.8876222548646,-114.5959599942471,0,3.3e-14
0.9887403796832209,0.0,0.0123522161389853,0.0000000000000000,-0.0228107677402696,0.0000000000000000,5.0789775686538157,3.0026303483617851,99.342291,-1.194303,-98.1479874894508,-116.6447979589539,0,2.7e-12
0.9888035570849030,0.0,0.0123956345272481,0.0000000000000000,-0.0229443766295429,0.0000000000000000,5.0889775686538163,3.0026207131552218,100.589702,-1.199739,-99.3899625159074,-118.6813956757687,0,1.9e-12
0.9888666399149576,0.0,0.0124382509957911,0.0000000000000000,-0.0230781697890491,0.0000000000000000,5.0989775686538161,3.0026111183449129,101.817841,-1.205132,-100.6127090837417,-120.7039324421830,0,1.8e-12
0.9889296321938906,0.0,0.0124800798064273,0.0000000000000000,-0.0232121504102576,0.0000000000000000,5.1089775686538159,3.0026015631412113,103.025863,-1.210478,-101.8153851654231,-122.7105506459293,0,5.5e-13
0.9889925379385244,0.0,0.0125211348093421,0.0000000000000000,-0.0233463216675811,0.0000000000000000,5.1189775686538157,3.0025920467615776,104.212919,-1.215774,-102.9971454062697,-124.6993563016886,0,1.7e-13
0.9890553611629854,0.0,0.0125614294602781,0.0000000000000000,-0.0234806867180137,0.0000000000000000,5.1289775686538164,3.0025825684303791,105.378157,-1.221016,-104.1571414379012,-126.6684197877994,0,6.0e-13
0.9891181058798071,0.0,0.0126009768367762,0.0000000000000000,-0.0236152487012114,0.0000000000000000,5.1389775686538162,3.0025731273786813,106.520723,-1.226201,-105.2945222927649,-128.6157765629587,0,1.6e-13
0.9891807761009779,0.0,0.0126397896536576,0.0000000000000000,-0.0237500107392286,0.0000000000000000,5.1489775686538160,3.0025637228440560,107.639759,-1.231324,-106.4084348012622,-130.5394279861966,0,9.1e-13
0.9892433758389094,0.0,0.0126778802777694,0.0000000000000000,-0.0238849759358615,0.0000000000000000,5.1589775686538157,3.0025543540703876,108.734407,-1.236383,-107.4980240195218,-132.4373421687387,0,6.7e-13
0.9893059091076393,0.0,0.0127152607419037,0.0000000000000000,-0.0240201473769264,0.0000000000000000,5.1689775686538164,3.0025450203076698,109.803807,-1.241373,-108.5624337453797,-134.3074548408758,0,3.6e-13
0.9893683799237638,0.0,0.0127519427582209,0.0000000000000000,-0.0241555281291985,0.0000000000000000,5.1789775686538162,3.0025357208118217,110.847097,-1.246290,-109.6008069672474,-136.1476703706476,0,4.4e-13
0.9894307923075943,0.0,0.0127879377309044,0.0000000000000000,-0.0242911212403182,0.0000000000000000,5.1889775686538160,3.0025264548444941,111.863418,-1.251132,-110.6122863763949,-137.9558627963524,0,1.1e-12
0.9894931502842798,0.0,0.0128232567682368,0.0000000000000000,-0.0244269297384446,0.0000000000000000,5.1989775686538158,3.0025172216728753,112.851908,-1.255893,-111.5960149063459,-139.7298769444169,0,1.2e-12
0.9895554578847710,0.0,0.0128579106943021,0.0000000000000000,-0.0245629566310081,0.0000000000000000,5.2089775686538164,3.0025080205695103,113.811706,-1.260569,-112.5511363318064,-141.4675295672187,0,9.7e-13
0.9896177191477606,0.0,0.0128919100594884,0.0000000000000000,-0.0246992049078342,0.0000000000000000,5.2189775686538162,3.0024988508120627,114.741952,-1.265157,-113.4767950548319,-143.1666114811214,0,6.5e-11
0.9896799381173100,0.0,0.0129252651531726,0.0000000000000000,-0.0248356775246960,0.0000000000000000,5.2289775686538160,3.0024897116833587,115.641793,-1.269652,-114.3721406531044,-144.8248845675371,0,6.2e-12
0.9897421188506870,0.0,0.0129579860097968,0.0000000000000000,-0.0249723774327150,0.0000000000000000,5.2389775686538158,3.0024806024707571,116.510371,-1.274050,-115.2363209567369,-146.4400915044162,0,6.0e-14
0.9898042654130375,0.0,0.0129900824224358,0.0000000000000000,-0.0251093075483869,0.0000000000000000,5.2489775686538156,3.0024715224663963,117.346837,-1.278347,-116.0684899213865,-148.0099493278340,0,1.2e-12
0.9898663818815299,0.0,0.0130215639502840,0.0000000000000000,-0.0252464707660351,0.0000000000000000,5.2589775686538163,3.0024624709668131,118.150342,-1.282537,-116.8678052451084,-149.5321543895780,0,1.3e-12
0.9899284723461113,0.0,0.0130524399277982,0.0000000000000000,-0.0253838699549672,0.0000000000000000,5.2689775686538161,3.0024534472727860,118.920045,-1.286616,-117.6334293334117,-151.0043837509847,0,1.5e-12
0.9899905409104997,0.0,0.0130827194733281,0.0000000000000000,-0.0255215079575680,0.0000000000000000,5.2789775686538158,3.0024444506891732,119.655109,-1.290578,-118.3645303862622,-152.4242965577459,0,1.2e-12
0.9900525916934400,0.0,0.0131124114973196,0.0000000000000000,-0.0256593875882861,0.0000000000000000,5.2889775686538156,3.0024354805247229,120.354703,-1.294420,-119.0602832927778,-153.7895357142215,0,3.5e-12
0.9901146288300419,0.0,0.0131415247100833,0.0000000000000000,-0.0257975116330000,0.0000000000000000,5.2989775686538163,3.0024265360918894,121.018005,-1.298135,-119.7198700822760,-155.0977302663296,0,1.0e-12
0.9901766564726374,0.0,0.0131700676294998,0.0000000000000000,-0.0259358828462749,0.0000000000000000,5.3089775686538161,3.0024176167066821,121.644200,-1.301718,-120.3424812342864,-156.3464968096087,0,1.5e-11
0.9902386787922665,0.0,0.0131980485888041,0.0000000000000000,-0.0260745039495629,0.0000000000000000,5.3189775686538159,3.0024087216884374,122.232481,-1.305164,-120.9273171757150,-157.5334409617726,0,1.0e-13
0.9903006999798725,0.0,0.0132254757423841,0.0000000000000000,-0.0262133776321717,0.0000000000000000,5.3289775686538157,3.0023998503597231,122.782054,-1.308466,-121.4735875446227,-158.6561613470840,0,1.5e-12
0.9903627242473239,0.0,0.0132523570739907,0.0000000000000000,-0.0263525065456994,0.0000000000000000,5.3389775686538163,3.0023910020460982,123.292133,-1.311619,-121.9805142119070,-159.7122495496460,0,1.5e-11
0.9904247558292811,0.0,0.0132787004023056,0.0000000000000000,-0.0264918933062672,0.0000000000000000,5.3489775686538161,3.0023821760759333,123.761945,-1.314615,-122.4473306233815,-160.6992944613021,0,2.2e-13
0.9904867989832974,0.0,0.0133045133881371,0.0000000000000000,-0.0266315404868473,0.0000000000000000,5.3589775686538159,3.0023733717803203,124.190733,-1.317448,-122.8732848995004,-161.6148820918615,0,6.6e-13
0.9905488579922260,0.0,0.0133298035399017,0.0000000000000000,-0.0267714506201756,0.0000000000000000,5.3689775686538157,3.0023645884928101,124.577751,-1.320112,-123.2576391577641,-162.4566004032386,0,6.4e-14
0.9906109371649824,0.0,0.0133545782197496,0.0000000000000000,-0.0269116261943266,0.0000000000000000,5.3789775686538164,3.0023558255492899,124.922270,-1.322599,-123.5996713670523,-163.2220409586389,0,2.1e-11
0.9906730408376755,0.0,0.0133788446498357,0.0000000000000000,-0.0270520696484571,0.0000000000000000,5.3889775686538162,3.0023470822878089,125.223578,-1.324901,-123.8986777205096,-163.9088001116725,0,1.1e-11
0.9907351733750749,0.0,0.0134026099172232,0.0000000000000000,-0.0271927833724899,0.0000000000000000,5.3989775686538160,3.0023383580484171,125.480982,-1.327010,-124.1539718755561,-164.5144843084709,0,9.2e-14
0.9907973391723626,0.0,0.0134258809795474,0.0000000000000000,-0.0273337697047503,0.0000000000000000,5.4089775686538157,3.0023296521729521,125.693805,-1.328918,-124.3648875534554,-165.0367113154325,0,8.9e-12
0.9908595426552580,0.0,0.0134486646709191,0.0000000000000000,-0.0274750309240885,0.0000000000000000,5.4189775686538164,3.0023209640049617,125.861396,-1.330615,-124.5307805458525,-165.4731121503919,0,2.2e-12
0.9909217882825132,0.0,0.0134709677062554,0.0000000000000000,-0.0276165692520806,0.0000000000000000,5.4289775686538162,3.0023122928894508,125.983122,-1.332094,-124.6510285112817,-165.8213362699726,0,1.6e-11
0.9909840805467811,0.0,0.0134927966865974,0.0000000000000000,-0.0277583868470061,0.0000000000000000,5.4389775686538160,3.0023036381727830,126.058378,-1.333343,-124.7250345342614,-166.0790517187543,0,6.7e-12
0.9910464239751537,0.0,0.0135141581047713,0.0000000000000000,-0.0279004857970080,0.0000000000000000,5.4489775686538158,3.0022949992025083,126.086580,-1.334353,-124.7522270421377,-166.2439504499498,0,3.0e-11
0.9911088231320491,0.0,0.0135350583486635,0.0000000000000000,-0.0280428681235654,0.0000000000000000,5.4589775686538164,3.0022863753271571,126.067172,-1.335112,-124.7320607715780,-166.3137523794358,0,2.9e-12
0.9911712826188599,0.0,0.0135555037076109,0.0000000000000000,-0.0281855357683551,0.0000000000000000,5.4689775686538162,3.0022777658961761,125.999631,-1.335609,-124.6640220420763,-166.2862034445225,0,2.4e-13
0.9912338070762655,0.0,0.0135755003758825,0.0000000000000000,-0.0283284905947247,0.0000000000000000,5.4789775686538160,3.0022691702597011,125.883458,-1.335831,-124.5476266904246,-166.1590841835196,0,8.2e-13
0.9912964011847788,0.0,0.0135950544577978,0.0000000000000000,-0.0284717343790570,0.0000000000000000,5.4889775686538158,3.0022605877684669,125.718191,-1.335767,-124.3824239677674,-165.9302099795741,0,2.9e-11
0.9913590696679166,0.0,0.0136141719710651,0.0000000000000000,-0.0286152688136394,0.0000000000000000,5.4989775686538156,3.0022520177735186,125.503398,-1.335402,-124.1679961107523,-165.5974378105029,0,5.2e-13
0.9914218172896346,0.0,0.0136328588533625,0.0000000000000000,-0.0287590954851642,0.0000000000000000,5.5089775686538163,3.0022434596263494,125.238685,-1.334721,-123.9039643145298,-165.1586633798333,0,9.6e-13
0.9914438785537267,0.0,0.0136393219525100,0.0000000000000000,-0.0288096876489975,0.0000000000000000,5.5124903055414691,3.0022404560656657,125.133783,-1.334404,-123.7993793474338,-164.9789917963617,0,6.5e-13
0.9914670519228080,0.0,0.0136460513971706,0.0000000000000000,-0.0288628431385191,0.0000000000000000,5.5161783076416899,3.0022373041010315,125.016955,-1.334026,-123.6829290135874,-164.7759109952867,0,3.8e-13
0.9914913942401129,0.0,0.0136530550283511,0.0000000000000000,-0.0289186937582122,0.0000000000000000,5.5200503085054837,3.0022339964514018,124.886906,-1.333580,-123.5533255915041,-164.5466680737263,0,5.8e-13
0.9915169653677209,0.0,0.0136603405698817,0.0000000000000000,-0.0289773783013930,0.0000000000000000,5.5241154766007998,3.0022305254792907,124.742199,-1.333055,-123.4091445974009,-164.2881948631421,0,1.8e-12
0.9915438283637400,0.0,0.0136679155780559,0.0000000000000000,-0.0290390429442499,0.0000000000000000,5.5283834370730585,3.0022268831726850,124.581251,-1.332440,-123.2488102665475,-163.9970722885801,0,1.1e-12
0.9915720496722191,0.0,0.0136757873854103,0.0000000000000000,-0.0291038416638463,0.0000000000000000,5.5328642946248845,3.0022230611258736,124.402304,-1.331724,-123.0705802757550,-163.6694895496339,0,1.0e-12
0.9916016993272918,0.0,0.0136839630379485,0.0000000000000000,-0.0291719366831202,0.0000000000000000,5.5375686575785217,3.0022190505190816,124.203419,-1.330891,-122.8725280853557,-163.3011999759456,0,1.1e-12
0.9916328511728376,0.0,0.0136924492255174,0.0000000000000000,-0.0292434989437303,0.0000000000000000,5.5425076631889167,3.0022148420967993,123.982450,-1.329926,-122.6525243887055,-162.8874705790440,0,7.3e-13
0.9916655830992979,0.0,0.0137012522047273,0.0000000000000000,-0.0293187086090521,0.0000000000000000,5.5476930042809443,3.0022104261446896,123.737027,-1.328810,-122.4082163545083,-162.4230265083224,0,5.9e-13
0.9916999772996592,0.0,0.0137103777137846,0.0000000000000000,-0.0293977556001594,0.0000000000000000,5.5531369572895635,3.0022057924648919,123.464528,-1.327523,-122.1370050498921,-161.9019890324789,0,5.7e-13
0.9917361205464219,0.0,0.0137198308789474,0.0000000000000000,-0.0294808401657319,0.0000000000000000,5.5588524117881795,3.0022009303496047,123.162061,-1.326040,-121.8360208521117,-161.3178064590056,0,1.4e-12
0.9917741044923433,0.0,0.0137296161117010,0.0000000000000000,-0.0295681734901990,0.0000000000000000,5.5648529015973116,3.0021958285527051,122.826430,-1.324334,-121.5020967416602,-160.6631771649299,0,1.6e-12
0.9918140259972619,0.0,0.0137397369965525,0.0000000000000000,-0.0296599783406724,0.0000000000000000,5.5711526375735865,3.0021904752592166,122.454112,-1.322373,-121.1317392760258,-159.9299642099140,0,1.3e-12
0.9918559874845678,0.0,0.0137501961685219,0.0000000000000000,-0.0297564897573821,0.0000000000000000,5.5777665421876597,3.0021848580523480,122.041218,-1.320120,-120.7210973327778,-159.1091002892072,0,1.4e-12
0.9919000973306177,0.0,0.0137609951802023,0.0000000000000000,-0.0298579557889488,0.0000000000000000,5.5847102860095585,3.0021789638778245,121.583464,-1.317535,-120.2659285723397,-158.1904821698881,0,9.3e-13
0.9919464702914728,0.0,0.0137721343577298,0.0000000000000000,-0.0299646382766069,0.0000000000000000,5.5920003262308304,3.0021727790051527,121.076132,-1.314568,-119.7615634192829,-157.1628540205711,0,1.5e-12
0.9919952279715778,0.0,0.0137836126455660,0.0000000000000000,-0.0300768136894332,0.0000000000000000,5.5996539473653524,3.0021662889854310,120.514031,-1.311164,-119.2028673179066,-156.0136774926186,0,8.3e-13
0.9920464993400760,0.0,0.0137954274396994,0.0000000000000000,-0.0301947740144566,0.0000000000000000,5.6076893042846105,3.0021594786052512,119.891458,-1.307257,-118.5842004018530,-154.7289892864064,0,2.3e-12
0.9921004213009955,0.0,0.0138075744094274,0.0000000000000000,-0.0303188277036294,0.0000000000000000,5.6161254677591819,3.0021523318361489,119.202149,-1.302772,-117.8993764637053,-153.2932426653942,0,9.1e-13
0.9921571393249021,0.0,0.0138200473077101,0.0000000000000000,-0.0304493006812247,0.0000000000000000,5.6249824726960380,3.0021448317789883,118.439240,-1.297620,-117.1416200533980,-151.6891347253923,0,1.4e-12
0.9922168081504306,0.0,0.0138328377707623,0.0000000000000000,-0.0305865374127855,0.0000000000000000,5.6342813692818616,3.0021369606025612,117.595222,-1.291697,-116.3035244698918,-149.8974153143909,0,2.0e-12
0.9922795925658264,0.0,0.0138459351076259,0.0000000000000000,-0.0307309020376534,0.0000000000000000,5.6440442772656469,3.0021286994755627,116.661891,-1.284881,-115.3770102099343,-147.8966794524667,0,1.6e-12
0.9923456682820513,0.0,0.0138593260810432,0.0000000000000000,-0.0308827795651742,0.0000000000000000,5.6542944436405156,3.0021200284909826,115.630315,-1.277028,-114.3532865841492,-145.6631409622632,0,2.4e-12
0.9924152229109028,0.0,0.0138729946817251,0.0000000000000000,-0.0310425771325975,0.0000000000000000,5.6650563040145716,3.0021109265817705,114.490784,-1.267966,-113.2228186339958,-143.1703872337839,0,1.7e-12
0.9924884570640172,0.0,0.0138869218985503,0.0000000000000000,-0.0312107253216811,0.0000000000000000,5.6763555479949996,3.0021013714264697,113.232792,-1.257490,-111.9753020956993,-140.3891158720526,0,2.0e-12
0.9925655855909070,0.0,0.0139010854886599,0.0000000000000000,-0.0313876795258217,0.0000000000000000,5.6882191889482563,3.0020913393433140,111.845007,-1.245356,-110.5996511348095,-137.2868530460628,0,1.8e-12
0.9926468389773591,0.0,0.0139154597524280,0.0000000000000000,-0.0315739213559273,0.0000000000000000,5.7006756385431210,3.0020808051710217,110.315272,-1.231268,-109.0840037998759,-133.8276560356162,0,2.4e-12
0.9927324649289220,0.0,0.0139300153199974,0.0000000000000000,-0.0317699600663702,0.0000000000000000,5.7137547865323963,3.0020697421342817,108.630620,-1.214867,-107.4157528017006,-129.9718020845557,0,1.8e-12
0.9928227301679666,0.0,0.0139447189583120,0.0000000000000000,-0.0319763339724005,0.0000000000000000,5.7274880862836657,3.0020581216916171,106.777328,-1.195717,-105.5816105319797,-125.6754686098802,0,2.0e-12
0.9929179224772952,0.0,0.0139595334099269,0.0000000000000000,-0.0321936118187487,0.0000000000000000,5.7419086466295530,3.0020459133630291,104.741000,-1.173279,-103.5677208603811,-120.8904103338800,0,3.9e-13
0.9930183530285492,0.0,0.0139744172786342,0.0000000000000000,-0.0324223940420341,0.0000000000000000,5.7570513306677489,3.0020330845343879,102.506720,-1.146887,-101.3598326371986,-115.5636433217733,0,1.1e-12
0.9931243590367328,0.0,0.0139893249807428,0.0000000000000000,-0.0326633138413916,0.0000000000000000,5.7729528622169699,3.0020196002355299,100.059266,-1.115710,-98.9435553130487,-109.6371469297956,0,6.5e-13
0.9932363067907722,0.0,0.0140042067864359,0.0000000000000000,-0.0329170379477085,0.0000000000000000,5.7896519406795326,3.0020054228882915,97.383422,-1.078701,-96.3047207873818,-103.0476017942128,0,1.4e-12
0.9933545951109350,0.0,0.0140190089820920,0.0000000000000000,-0.0331842669279846,0.0000000000000000,5.8071893651293065,3.0019905120210564,94.464413,-1.034529,-93.4298837624188,-95.7261838264185,0,6.0e-13
0.9934796592894525,0.0,0.0140336741921929,0.0000000000000000,-0.0334657348079784,0.0000000000000000,5.8256081684610077,3.0019748239462016,91.288485,-0.981487,-90.3069980954299,-87.5984448047689,0,6.7e-13
0.9936119755696687,0.0,0.0140481419095271,0.0000000000000000,-0.0337622077105525,0.0000000000000000,5.8449537624208716,3.0019583113974875,87.843678,-0.917360,-86.9263172749256,-78.5843148969116,0,1.4e-12
0.9937520662143268,0.0,0.0140623492930216,0.0000000000000000,-0.0340744811003671,0.0000000000000000,5.8652740942382096,3.0019409231256127,84.120823,-0.839249,-83.2815741726557,-68.5982767633773,0,1.6e-12
0.9939005051984992,0.0,0.0140762323053800,0.0000000000000000,-0.0344033750773775,0.0000000000000000,5.8866198153406222,3.0019226034525559,80.114810,-0.743305,-79.3715047740098,-57.5497738538306,0,1.8e-12
0.9940579245322945,0.0,0.0140897272752282,0.0000000000000000,-0.0347497269693253,0.0000000000000000,5.9090444621757081,3.0019032917895165,75.826161,-0.624375,-75.2017865386130,-45.3439357872394,0,1.8e-12
0.9942250211627142,0.0,0.0141027729792479,0.0000000000000000,-0.0351143802232890,0.0000000000000000,5.9326046483461115,3.0018829221303096,71.262923,-0.475461,-70.7874622381835,-31.8827321866079,0,4.1e-13
0.9944025643091340,0.0,0.0141153133448347,0.0000000000000000,-0.0354981682808549,0.0000000000000000,5.9573602658859990,3.0018614225433535,66.442873,-0.286964,-66.1559089965155,-17.0667068470593,0,1.4e-12
0.9945914029288866,0.0,0.0141273008644624,0.0000000000000000,-0.0359018917347608,0.0000000000000000,5.9833746912870485,3.0018387147034740,61.395945,-0.045565,-61.3503803785536,-0.7975039231678,0,6.8e-13
0.9947924727666252,0.0,0.0141387007783968,0.0000000000000000,-0.0363262866358206,0.0000000000000000,6.0107149883513289,3.0018147135315076,56.166689,0.267392,-56.4340804446406,17.0185095424604,0,1.8e-12
0.9950068020640185,0.0,0.0141494959992201,0.0000000000000000,-0.0367719813798853,0.0000000000000000,6.0394520945867551,3.0017893270502412,50.816378,0.678228,-51.4946057550993,36.4650886668944,0,2.2e-12
0.9952355144623585,0.0,0.0141596925905209,0.0000000000000000,-0.0372394392990405,0.0000000000000000,6.0696609698841542,3.0017624566219991,45.424169,1.224211,-46.6483809427596,57.6087902857626,0,6.7e-13
0.9954555890987296,0.0,0.0141684207533870,0.0000000000000000,-0.0376808011703978,0.0000000000000000,6.0982929406921267,3.0017368100597581,40.595029,1.877318,-42.4723461682741,78.2097631787630,0,7.6e-13

0.9956668053004148,0.0,0.0141759720636564,0.0000000000000000,-0.0380961910176906,0.0000000000000000,6.1253819388353072,3.0017123840021189,36.324995,2.645623,-38.9706173652387,98.1022354636708,0,1.1e-12
0.9958693217041712,0.0,0.0141825915633990,0.0000000000000000,-0.0384865914594220,0.0000000000000000,6.1510090412727187,3.0016891330680928,32.583723,3.535059,-36.1187819958835,117.1853840395066,0,2.4e-12
0.9960632939849460,0.0,0.0141884705067983,0.0000000000000000,-0.0388530327906774,0.0000000000000000,6.1752508685716334,3.0016670147513107,29.329539,4.547779,-33.8773180611020,135.3842697271631,0,1.4e-12
0.9962488816249733,0.0,0.0141937562830251,0.0000000000000000,-0.0391965849131066,0.0000000000000000,6.1981799518168330,3.0016459884525353,26.514424,5.681695,-32.1961192348694,152.6468681107947,0,1.1e-12
0.9964262528867549,0.0,0.0141985610566340,0.0000000000000000,-0.0395183469070821,0.0000000000000000,6.2198650491905152,3.0016260147467131,24.088146,6.930435,-31.0185808728599,168.9413244692001,0,2.0e-12
0.9965955880662428,0.0,0.0142029691838999,0.0000000000000000,-0.0398194352152677,0.0000000000000000,6.2403714170692384,3.0016070548650502,22.001372,8.283728,-30.2850998807906,184.2533748233823,0,2.6e-12
0.9967570811976997,0.0,0.0142070434681060,0.0000000000000000,-0.0401009713793475,0.0000000000000000,6.2597610411984652,3.0015890703649073,20.207792,9.728123,-29.9359151604387,198.5838848311877,0,1.7e-12
0.9969109404390537,0.0,0.0142108303335629,0.0000000000000000,-0.0403640701303952,0.0000000000000000,6.2780928339634183,3.0015720229564242,18.665362,11.247920,-29.9132811806563,211.9464866949690,0,2.0e-12
0.9970573874015061,0.0,0.0142143640167624,0.0000000000000000,-0.0406098284543151,0.0000000000000000,6.2954228037962006,3.0015558744528987,17.336854,12.826164,-30.1630173385695,224.3653222735921,0,9.3e-13
0.9971966557024610,0.0,0.0142176698877907,0.0000000000000000,-0.0408393160702827,0.0000000000000000,6.3118042023801628,3.0015405868118488,16.189924,14.445584,-30.6355080151229,235.8729077656681,0,3.0e-12
0.9973289889920005,0.0,0.0142207670227284,0.0000000000000000,-0.0410535675481956,0.0000000000000000,6.3272876547557875,3.0015261222381033,16.089394,15.196853,-31.2862472102215,246.5081589958548,0,1.8e-12
0.9974546386857090,0.0,0.0142236701488304,0.0000000000000000,-0.0412535761525791,0.0000000000000000,6.3419212765885566,3.0015124433229565,17.741901,14.334124,-32.0760244039333,256.3145992273218,0,2.1e-12
0.9975738615856151,0.0,0.0142263910780603,0.0000000000000000,-0.0414402893563448,0.0000000000000000,6.3557507820736019,3.0014995131995521,19.388932,13.581913,-32.9708443512791,265.3387778405396,0,1.3e-12
0.9976869175364187,0.0,0.0142289397341792,0.0000000000000000,-0.0416146058934159,0.0000000000000000,6.3688195851060421,3.0014872956987677,21.018076,12.923586,-33.9416618105723,273.6289074542483,0,1.3e-12
0.9977940672187254,0.0,0.0142313248650118,0.0000000000000000,-0.0417773741588436,0.0000000000000000,6.3811688956488650,3.0014757554949218,22.618787,12.345212,-34.9639989602336,281.2337243921446,0,1.1e-12
0.9978955701474698,0.0,0.0142335545174555,0.0000000000000000,-0.0419293917438128,0.0000000000000000,6.3928378126119147,3.0014648582342858,24.182362,11.835137,-36.0174986387551,288.2015616386053,0,6.8e-13
0.9979916829138087,0.0,0.0142356363380232,0.0000000000000000,-0.0420714058909867,0.0000000000000000,6.4038634140771267,3.0014545706425895,25.701853,11.383600,-37.0854534074720,294.5796201959874,0,9.6e-13
0.9980826576855341,0.0,0.0142375777492849,0.0000000000000000,-0.0422041146658039,0.0000000000000000,6.4142808453421782,3.0014448606101114,27.171919,10.982420,-38.1543387764912,300.4134184374881,0,1.3e-12
0.9981687409657514,0.0,0.0142393860406167,0.0000000000000000,-0.0423281686637035,0.0000000000000000,6.4241234049896727,3.0014356972544887,28.588649,10.624720,-39.2133694218163,305.7463939564350,0,1.0e-12
0.9982501725941496,0.0,0.0142410684025316,0.0000000000000000,-0.0424441730914532,0.0000000000000000,6.4334226290320800,3.0014270509629433,29.949382,10.304708,-40.2540899658431,310.6196396924521,0,6.3e-13
0.9983357725329887,0.0,0.0142428045133434,0.0000000000000000,-0.0425647194137271,0.0000000000000000,6.4431875889102166,3.0014179849496934,31.398717,9.986351,-41.3850689499492,315.5586280297367,0,8.2e-13
0.9984166852679455,0.0,0.0142444122897728,0.0000000000000000,-0.0426773637053753,0.0000000000000000,6.4524097780973664,3.0014094368239390,32.784092,9.701373,-42.4854657977001,320.0507198313218,0,5.6e-13
0.9984931769621153,0.0,0.0142458999091863,0.0000000000000000,-0.0427827033286047,0.0000000000000000,6.4611222553070693,3.0014013748711053,34.105344,9.445352,-43.5506955359678,324.1369725874865,0,3.1e-12
0.9985654757330130,0.0,0.0142472748262027,0.0000000000000000,-0.0428812528022613,0.0000000000000000,6.4693531271707618,3.0013937718528831,35.362637,9.214636,-44.5772730237640,327.8538326197454,0,2.6e-12
0.9986338006931914,0.0,0.0142485443241272,0.0000000000000000,-0.0429734881686617,0.0000000000000000,6.4771289789869630,3.0013866018784370,36.556795,9.006121,-45.5629156777672,331.2349107765324,0,2.3e-12
0.9986983617668951,0.0,0.0142497154690468,0.0000000000000000,-0.0430598496986320,0.0000000000000000,6.4844749505890711,3.0013798403794594,37.689153,8.817154,-46.5063070146684,334.3110794470729,0,2.0e-12
0.9987593596315029,0.0,0.0142507950706944,0.0000000000000000,-0.0431407445056098,0.0000000000000000,6.4914148096380142,3.0013734640763823,38.761434,8.645465,-47.4068981639876,337.1105988091624,0,1.8e-12
0.9988169857598133,0.0,0.0142517896513491,0.0000000000000000,-0.0432165490397264,0.0000000000000000,6.4979710222229432,3.0013674509379680,39.775647,8.489095,-48.2647426711395,339.6592639764498,0,1.7e-12
0.9988714225429721,0.0,0.0142527054228114,0.0000000000000000,-0.0432876114451524,0.0000000000000000,6.5041648206868592,3.0013617801361061,40.734002,8.346358,-49.0803600507723,341.9805636608619,0,1.7e-12
0.9989228434765187,0.0,0.0142535482710800,0.0000000000000000,-0.0433542537711992,0.0000000000000000,6.5100162686298511,3.0013564319973440,41.638836,8.215788,-49.8546238900155,344.0958437200022,0,1.4e-12
0.9989714133946834,0.0,0.0142543237479136,0.0000000000000000,-0.0434167740339950,0.0000000000000000,6.5155443230742103,3.0013513879524365,42.492560,8.096111,-50.5886707165418,346.0244706582317,0,1.1e-12
0.9990172887404146,0.0,0.0142550370683866,0.0000000000000000,-0.0434754481295516,0.0000000000000000,6.5207668938033105,3.0013466304849237,43.297612,7.986214,-51.2838262871905,347.7839915993259,0,1.2e-12
0.9990606178608435,0.0,0.0142556931133887,0.0000000000000000,-0.0435305316024622,0.0000000000000000,6.5257008999089043,3.0013421430795826,44.056424,7.885122,-51.9415463886776,349.3902881222434,0,1.2e-12
0.9991061037530519,0.0,0.0142563626962386,0.0000000000000000,-0.0435880107751380,0.0000000000000000,6.5308821012790306,3.0013374385791387,44.850984,7.781732,-52.6327158123360,351.0183275642485,0,1.2e-12
0.9991490439430444,0.0,0.0142569762468303,0.0000000000000000,-0.0436419504023922,0.0000000000000000,6.5357750425264012,3.0013330032637571,45.598815,7.686613,-53.2854276989934,352.5004344022732,0,1.2e-12
0.9991895963592277,0.0,0.0142575386131849,0.0000000000000000,-0.0436926053392945,0.0000000000000000,6.5403976167910676,3.0013288198288142,46.302737,7.598928,-53.9016650147205,353.8511764092050,0,7.8e-13
0.9992278935795386,0.0,0.0142580540442424,0.0000000000000000,-0.0437401908739075,0.0000000000000000,6.5447648048354639,3.0013248737170679,46.965182,7.517976,-54.4831578092268,355.0831018185875,0,6.1e-13
0.9992640610148796,0.0,0.0142585264706802,0.0000000000000000,-0.0437849067119399,0.0000000000000000,6.5488907557038214,3.0013211512221547,47.588496,7.443133,-55.0316289758260,356.2075197703866,0,2.8e-12
0.9992982172458029,0.0,0.0142589595206825,0.0000000000000000,-0.0438269382262751,0.0000000000000000,6.5527888326012134,3.0013176394408263,48.174926,7.373849,-55.5487750589545,357.2346208409563,0,2.8e-12
0.9993304743553233,0.0,0.0142593565366679,0.0000000000000000,-0.0438664576011616,0.0000000000000000,6.5564716563509604,3.0013143262270332,48.726622,7.309630,-56.0362519900957,358.1735848507103,0,2.6e-12
0.9993609382531156,0.0,0.0142597205924570,0.0000000000000000,-0.0439036248768723,0.0000000000000000,6.5599511465417795,3.0013112001482081,49.245626,7.250038,-56.4956647303733,359.0326818534315,0,1.8e-12
0.9993897089910511,0.0,0.0142600545105827,0.0000000000000000,-0.0439385889051159,0.0000000000000000,6.5632385604585863,3.0013082504435999,49.733880,7.194680,-56.9285600506739,359.8193621069327,0,2.1e-12
0.9994168810681350,0.0,0.0142603608793421,0.0000000000000000,-0.0439714882223312,0.0000000000000000,6.5663445299021674,3.0013054669847383,50.193219,7.143203,-57.3364217796958,360.5403393850956,0,1.9e-12
0.9994425437240035,0.0,0.0142606420694934,0.0000000000000000,-0.0440024518478340,0.0000000000000000,6.5692790959984348,3.0013028402380013,50.625380,7.095288,-57.7206679937012,361.2016642753051,0,1.9e-12
0.9994667812205155,0.0,0.0142609002503364,0.0000000000000000,-0.0440316000138047,0.0000000000000000,6.5720517420961651,3.0013003612292288,51.031999,7.050651,-58.0826497143828,361.8087919120314,0,1.6e-12
0.9994896731110752,0.0,0.0142611374051015,0.0000000000000000,-0.0440590448330581,0.0000000000000000,6.5746714248501430,3.0012980215103342,51.414620,7.009031,-58.4236507692169,362.3666419512456,0,1.8e-12
0.9995137019984959,0.0,0.0142613792456628,0.0000000000000000,-0.0440877642969451,0.0000000000000000,6.5774222645832898,3.0012955673176154,51.814708,6.965897,-58.7806054226392,362.9359428876435,0,1.7e-12
0.9995363905515646,0.0,0.0142616008362396,0.0000000000000000,-0.0441147990165037,0.0000000000000000,6.5800206709738891,3.0012932516511621,52.190988,6.925683,-59.1166710141028,363.4582211106790,0,1.7e-12
0.9995578194682518,0.0,0.0142618040149399,0.0000000000000000,-0.0441402593510875,0.0000000000000000,6.5824757424728499,3.0012910660015359,52.545010,6.888150,-59.4331600697187,363.9379018597085,0,1.5e-12
0.9995780590892521,0.0,0.0142619903997117,0.0000000000000000,-0.0441642414303413,0.0000000000000000,6.5847954047735735,3.0012890029514616,52.878131,6.853095,-59.7312261203321,364.3788415198994,0,8.2e-13
0.9995971758056704,0.0,0.0142621614645515,0.0000000000000000,-0.0441868350516268,0.0000000000000000,6.5869871436228093,3.0012870555171376,53.191626,6.820331,-60.0119578410943,364.7845188041908,0,1.2e-12
0.9996152322794584,0.0,0.0142623185516956,0.0000000000000000,-0.0442081241432693,0.0000000000000000,6.5890580293665311,3.0012852171221724,53.486691,6.789690,-60.2763815956472,365.1580743744814,0,1.2e-12
0.9996322876523157,0.0,0.0142624628829820,0.0000000000000000,-0.0442281871895939,0.0000000000000000,6.5910147401226249,3.0012834815730987,53.764447,6.761017,-60.5254641588342,365.5023445907764,0,1.0e-12
0.9996483977434460,0.0,0.0142625955703292,0.0000000000000000,-0.0442470976214315,0.0000000000000000,6.5928635836559746,3.0012818430363932,54.025946,6.734170,-60.7601155303560,365.8198928065144,0,8.2e-13
0.9996636152366152,0.0,0.0142627176254295,0.0000000000000000,-0.0442649241750623,0.0000000000000000,6.5946105180277579,3.0012802960168954,54.272173,6.709019,-60.9811917828530,366.1130372797290,0,6.7e-13
0.9996779898571199,0.0,0.0142628299686560,0.0000000000000000,-0.0442817312226586,0.0000000000000000,6.5962611710864962,3.0012788353375530,54.504052,6.685446,-61.1894979000387,366.3838756059297,0,2.9e-12
0.9996915685383668,0.0,0.0142629334372478,0.0000000000000000,-0.0442975790758765,0.0000000000000000,6.5978208588689959,3.0012774561204720,54.722450,6.663340,-61.3857905504665,366.6343083571544,0,2.9e-12
0.9997043955804115,0.0,0.0142630287928176,0.0000000000000000,-0.0443125242671051,0.0000000000000000,6.5992946029636714,3.0012761537690111,54.928178,6.642603,-61.5707808215640,366.8660570822369,0,2.7e-12
0.9997178608779387,0.0,0.0142631263819932,0.0000000000000000,-0.0443281866265123,0.0000000000000000,6.6008420933453813,3.0012747871577661,55.143528,6.620982,-61.7645103344208,367.1043032095224,0,3.1e-12
0.9997305787688886,0.0,0.0142632161762289,0.0000000000000000,-0.0443429547937582,0.0000000000000000,6.6023040836030731,3.0012734969128343,55.346340,6.600700,-61.9470404004941,367.3245959660348,0,2.7e-12
0.9997425928267242,0.0,0.0142632988648945,0.0000000000000000,-0.0443568835661519,0.0000000000000000,6.6036855212116823,3.0012722785285031,55.537400,6.581664,-62.1190634730248,367.5284820013746,0,2.8e-12
0.9997539421954348,0.0,0.0142633750604605,0.0000000000000000,-0.0443700220528368,0.0000000000000000,6.6049908514229339,3.0012711279592317,55.717413,6.563789,-62.2812013757981,367.7173305277081,0,2.3e-12
0.9997646638249429,0.0,0.0142634453196151,0.0000000000000000,-0.0443824163414799,0.0000000000000000,6.6062242734857302,3.0012700413915039,55.887039,6.546999,-62.4340380425874,367.8923841297735,0,1.8e-12
0.9997747925953205,0.0,0.0142635101484557,0.0000000000000000,-0.0443941096995159,0.0000000000000000,6.6073897543258875,3.0012690152301222,56.046899,6.531223,-62.5781218262002,368.0547715727253,0,2.2e-12
0.9997843614339629,0.0,0.0142635700071599,0.0000000000000000,-0.0444051427605783,0.0000000000000000,6.6084910414594891,3.0012680460853454,56.197574,6.516394,-62.7139676830265,368.2055195810854,0,2.3e-12
0.9997934014260441,0.0,0.0142636253142834,0.0000000000000000,-0.0444155536971043,0.0000000000000000,6.6095316751832902,3.0012671307608119,56.339608,6.502451,-62.8420592427275,368.3455621839180,0,1.8e-12
0.9998019419187049,0.0,0.0142636764506399,0.0000000000000000,-0.0444253783804389,0.0000000000000000,6.6105150000828568,3.0012662662422089,56.473512,6.489339,-62.9628507560364,368.4757498113072,0,1.7e-12
0.9998100106192538,0.0,0.0142637237628064,0.0000000000000000,-0.0444346505294553,0.0000000000000000,6.6114441758971436,3.0012654496866227,56.599766,6.477003,-63.0767689240650,368.5968578984300,0,1.4e-12
0.9998176336877597,0.0,0.0142637675663404,0.0000000000000000,-0.0444434018484768,0.0000000000000000,6.6123221877757361,3.0012646784125456,56.718819,6.465395,-63.1842146241377,368.7095936505189,0,1.1e-12
0.9998248358243746,0.0,0.0142638081486620,0.0000000000000000,-0.0444516621555609,0.0000000000000000,6.6131518559630242,3.0012639498904807,56.831094,6.454470,-63.2855645253314,368.8146026542495,0,1.7e-12
0.9998316403516330,0.0,0.0142638457716756,0.0000000000000000,-0.0444594595017770,0.0000000000000000,6.6139358449417562,3.0012632617341186,56.936988,6.444185,-63.3811726020320,368.9124752790394,0,1.7e-12
0.9998387841205433,0.0,0.0142638845161974,0.0000000000000000,-0.0444676383507166,0.0000000000000000,6.6147590507394014,3.0012625394222425,57.047968,6.433425,-63.4813927466042,369.0138284132258,0,1.3e-12
0.9998455329173879,0.0,0.0142639204065097,0.0000000000000000,-0.0444753582012921,0.0000000000000000,6.6155368660919738,3.0012618571899772,57.152629,6.423296,-63.5759252999878,369.1082623486420,0,1.2e-12
