x0,y0,z0,xd0,yd0,zd0,Tp,JC,stabilityIndex1,stabilityIndex2,alpha,beta,impactFlag,error
1.0178728029727084,0.0,0.0000000000001968,0.0000000000082440,0.0047150548170593,-0.0002895897042588,22.9580513639939596,3.0036512102983810,2.0039,-1.4416,-0.56231518,-0.88895009,1,1.2e-11
1.0178727380863855,0.0,-0.0000000000001170,-0.0000000000036474,0.0047151739921689,-0.0003168414662930,22.9581073424428439,3.0036511960433221,2.0047,-1.4419,-0.56279839,-0.89066226,1,3.7e-11
1.0178726677109546,0.0,-0.0000000000000228,-0.0000000000005040,0.0047153032471444,-0.0003439652348183,22.9581680534728960,3.0036511805832480,2.0056,-1.4422,-0.56332268,-0.89251966,1,2.9e-12
1.0178725919548359,0.0,-0.0000000000000740,-0.0000000000016533,0.0047154423826785,-0.0003709519191748,22.9582334035445363,3.0036511639419596,2.0065,-1.4426,-0.56388723,-0.89452017,1,1.6e-12
1.0178725109310069,0.0,-0.0000000000000137,-0.0000000000004015,0.0047155911907630,-0.0003977929473147,22.9583032943218441,3.0036511461445441,2.0074,-1.4430,-0.56449119,-0.89666068,1,2.7e-12
1.0178724247577808,0.0,-0.0000000000000045,0.0000000000000618,0.0047157494537284,-0.0004244802819203,22.9583776231411001,3.0036511272171640,2.0085,-1.4433,-0.56513357,-0.89893809,1,9.6e-12
1.0178723335575914,0.0,0.0000000000000662,0.0000000000017229,0.0047159169462232,-0.0004510064273803,22.9584562837719339,3.0036511071869305,2.0096,-1.4438,-0.56581372,-0.90134944,1,1.6e-11
1.0178722374567595,0.0,-0.0000000000000089,0.0000000000002697,0.0047160934359248,-0.0004773644420336,22.9585391666135017,3.0036510860817307,2.0107,-1.4442,-0.56653062,-0.90389173,1,2.3e-11
1.0178721365837480,0.0,-0.0000000000000492,-0.0000000000010440,0.0047162786861682,-0.0005035479288034,22.9586261598217511,3.0036510639301262,2.0119,-1.4447,-0.56728317,-0.90656169,1,9.6e-12
1.0178720310701730,0.0,0.0000000000000587,0.0000000000013573,0.0047164724549255,-0.0005295510400588,22.9587171494392237,3.0036510407611487,2.0132,-1.4451,-0.56807065,-0.90935562,1,2.5e-11
1.0178715671400815,0.0,0.0000000000000882,0.0000000000008897,0.0047173243857596,-0.0006312865304549,22.9591171494392228,3.0036509389110293,2.0188,-1.4472,-0.57153579,-0.92165933,1,5.9e-12
1.0178711030781891,0.0,-0.0000000000002315,-0.0000000000045504,0.0047181764838404,-0.0007187661820456,22.9595171494392254,3.0036508370660653,2.0244,-1.4493,-0.57500652,-0.93399557,1,3.1e-11
1.0178706388854186,0.0,-0.0000000000001268,-0.0000000000013074,0.0047190287471787,-0.0007966998923594,22.9599171494392245,3.0036507352262372,2.0299,-1.4515,-0.57848277,-0.94636521,1,1.8e-11
1.0178701745610392,0.0,0.0000000000002763,0.0000000000054918,0.0047198811768582,-0.0008676637490686,22.9603171494392235,3.0036506333915609,2.0355,-1.4536,-0.58196479,-0.95876750,1,1.6e-12
1.0178697101047178,0.0,0.0000000000005543,0.0000000000065787,0.0047207337737830,-0.0009332490647110,22.9607171494392226,3.0036505315620463,2.0411,-1.4557,-0.58545266,-0.97120277,1,3.8e-11
1.0178692455173275,0.0,-0.0000000000001487,-0.0000000000007426,0.0047215865359238,-0.0009945205002843,22.9611171494392252,3.0036504297376694,2.0467,-1.4578,-0.58894584,-0.98367067,1,3.1e-11
1.0178687807988500,0.0,0.0000000000000162,-0.0000000000015878,0.0047224394637277,-0.0010522319233813,22.9615171494392243,3.0036503279184177,2.0523,-1.4599,-0.59244478,-0.99617159,1,3.7e-12
1.0178683159495481,0.0,0.0000000000003301,0.0000000000034553,0.0047232925561113,-0.0011069402384486,22.9619171494392234,3.0036502261044022,2.0579,-1.4620,-0.59594958,-1.00870512,1,2.3e-11
1.0178678509696018,0.0,0.0000000000003707,0.0000000000032677,0.0047241458130687,-0.0011590708008149,22.9623171494392224,3.0036501242955329,2.0636,-1.4641,-0.59945923,-1.02127077,1,6.2e-11
1.0178673858592231,0.0,0.0000000000011406,0.0000000000098824,0.0047249992341309,-0.0012089571168907,22.9627171494392250,3.0036500224918083,2.0692,-1.4662,-0.60297537,-1.03386960,1,6.9e-11
1.0178669206159321,0.0,0.0000000000000975,0.0000000000023088,0.0047258528236162,-0.0012568664527440,22.9631171494392241,3.0036499206932992,2.0748,-1.4683,-0.60649781,-1.04650115,1,1.8e-11
1.0178664552427035,0.0,0.0000000000005848,0.0000000000162672,0.0047267065759194,-0.0013030168804445,22.9635171494392232,3.0036498188999454,2.0805,-1.4704,-0.61002516,-1.05916466,1,1.2e-11
1.0178659897397562,0.0,0.0000000000001064,0.0000000000003880,0.0047275604909306,-0.0013475891229719,22.9639171494392222,3.0036497171117387,2.0861,-1.4725,-0.61355870,-1.07186113,1,3.2e-12
1.0178655241058889,0.0,0.0000000000001312,0.0000000000010740,0.0047284145706165,-0.0013907349320843,22.9643171494392249,3.0036496153287167,2.0917,-1.4746,-0.61709769,-1.08458963,1,1.6e-11
1.0178650583421904,0.0,0.0000000000000874,0.0000000000050169,0.0047292688129898,-0.0014325831914966,22.9647171494392239,3.0036495135508572,2.0974,-1.4768,-0.62064265,-1.09735084,1,5.6e-11
1.0178645924420746,0.0,0.0000000000021159,0.0000000000035328,0.0047301232302933,-0.0014732444945831,22.9651171494392230,3.0036494117783428,2.1031,-1.4789,-0.62419566,-1.11014508,1,2.8e-10
1.0178641264217918,0.0,0.0000000000003045,0.0000000000027755,0.0047309777915935,-0.0015128145089638,22.9655171494392221,3.0036493100107515,2.1087,-1.4810,-0.62775067,-1.12296983,1,3.0e-11
1.0178636602669535,0.0,0.0000000000004093,0.0000000000032991,0.0047318325245069,-0.0015513767837115,22.9659171494392247,3.0036492082484498,2.1144,-1.4831,-0.63131326,-1.13582770,1,1.8e-11
1.0178631939819234,0.0,-0.0000000000000598,-0.0000000000008628,0.0047326874203628,-0.0015890046742007,22.9663171494392238,3.0036491064913409,2.1201,-1.4852,-0.63488181,-1.14871784,1,3.8e-12
1.0178627275667709,0.0,0.0000000000002450,0.0000000000013419,0.0047335424793303,-0.0016257630525951,22.9667171494392228,3.0036490047394460,2.1258,-1.4873,-0.63845623,-1.16163987,1,9.5e-12
1.0178622610204160,0.0,0.0000000000005070,0.0000000000023539,0.0047343977030600,-0.0016617096325374,22.9671171494392254,3.0036489029927780,2.1314,-1.4894,-0.64203738,-1.17459455,1,9.5e-11
1.0178617943473314,0.0,0.0000000000003433,0.0000000000022320,0.0047352530831283,-0.0016968959988868,22.9675171494392245,3.0036488012512090,2.1371,-1.4915,-0.64562306,-1.18758031,1,1.1e-11
1.0178613275426118,0.0,0.0000000000003867,0.0000000000044683,0.0047361086287497,-0.0017313685063075,22.9679171494392236,3.0036486995148950,2.1428,-1.4936,-0.64921559,-1.20059873,1,5.6e-12
1.0178608606084874,0.0,0.0000000000001575,-0.0000000000021250,0.0047369643357782,-0.0017651689705292,22.9683171494392226,3.0036485977837923,2.1485,-1.4957,-0.65281417,-1.21364895,1,2.7e-11
1.0178603935462878,0.0,-0.0000000000004631,-0.0000000000102839,0.0047378202014768,-0.0017983352906872,22.9687171494392253,3.0036484960578425,2.1543,-1.4978,-0.65641789,-1.22673055,1,8.1e-11
1.0178599263527544,0.0,0.0000000000002822,0.0000000000037976,0.0047386762326239,-0.0018309019279504,22.9691171494392243,3.0036483943371617,2.1600,-1.4999,-0.66002865,-1.23984444,1,3.8e-11
1.0178594590306316,0.0,0.0000000000007070,0.0000000000039671,0.0047395324228327,-0.0018629003331834,22.9695171494392234,3.0036482926216683,2.1657,-1.5021,-0.66364545,-1.25298997,1,7.4e-12
1.0178589915793379,0.0,0.0000000000005159,0.0000000000019807,0.0047403887738330,-0.0018943593011369,22.9699171494392225,3.0036481909113815,2.1714,-1.5042,-0.66726779,-1.26616695,1,3.4e-11
1.0178585239984246,0.0,0.0000000000007177,0.0000000000047726,0.0047412452863052,-0.0019253052758464,22.9703171494392251,3.0036480892063180,2.1772,-1.5063,-0.67089691,-1.27937590,1,1.7e-11
1.0178580562890533,0.0,0.0000000000003118,0.0000000000022861,0.0047421019581141,-0.0019557626032927,22.9707171494392242,3.0036479875064619,2.1829,-1.5084,-0.67453144,-1.29261606,1,3.2e-11
1.0178575884507304,0.0,0.0000000000005687,0.0000000000025551,0.0047429587901430,-0.0019857537705982,22.9711171494392232,3.0036478858118243,2.1886,-1.5105,-0.67817239,-1.30588772,1,2.5e-11
1.0178571204832660,0.0,-0.0000000000001860,-0.0000000000008354,0.0047438157824608,-0.0020152995880029,22.9715171494392223,3.0036477841224252,2.1944,-1.5126,-0.68181969,-1.31919105,1,1.3e-11
1.0178566523870791,0.0,-0.0000000000000657,0.0000000000001480,0.0047446729344209,-0.0020444193681189,22.9719171494392249,3.0036476824382361,2.2002,-1.5147,-0.68547316,-1.33252581,1,1.3e-11
1.0178561841624583,0.0,0.0000000000013540,0.0000000000078420,0.0047455302454055,-0.0020731310577804,22.9723171494392240,3.0036475807592757,2.2059,-1.5168,-0.68913244,-1.34589147,1,3.4e-11
1.0178557158090926,0.0,-0.0000000000001877,-0.0000000000009564,0.0047463877159371,-0.0021014513892662,22.9727171494392230,3.0036474790855374,2.2117,-1.5189,-0.69279853,-1.35928884,1,1.2e-12
1.0178552473274387,0.0,0.0000000000009411,0.0000000000041395,0.0047472453450076,-0.0021293959707147,22.9731171494392221,3.0036473774170394,2.2175,-1.5210,-0.69647037,-1.37271714,1,3.6e-11
1.0178547787168419,0.0,0.0000000000009544,0.0000000000060030,0.0047481031339170,-0.0021569794124706,22.9735171494392247,3.0036472757537798,2.2232,-1.5231,-0.70014880,-1.38617640,1,2.5e-11
1.0178543099787971,0.0,0.0000000000004373,0.0000000000022462,0.0047489610800495,-0.0021842153899333,22.9739171494392238,3.0036471740957387,2.2290,-1.5252,-0.70383356,-1.39966737,1,4.6e-12
1.0178538411123923,0.0,0.0000000000006938,0.0000000000046529,0.0047498191843929,-0.0022111167485317,22.9743171494392229,3.0036470724429329,2.2348,-1.5273,-0.70752417,-1.41318864,1,2.7e-11
1.0178533721169258,0.0,-0.0000000000007547,-0.0000000000039082,0.0047506774491076,-0.0022376955493728,22.9747171494392219,3.0036469707954150,2.2406,-1.5294,-0.71122156,-1.42674111,1,6.3e-12
1.0178529029947398,0.0,0.0000000000017568,0.0000000000109144,0.0047515358688529,-0.0022639631578269,22.9751171494392246,3.0036468691530951,2.2464,-1.5315,-0.71492492,-1.44032437,1,3.2e-11
1.0178524337437440,0.0,0.0000000000001742,-0.0000000000002248,0.0047523944481548,-0.0022899302812722,22.9755171494392236,3.0036467675160496,2.2522,-1.5336,-0.71863523,-1.45393888,1,1.2e-11
1.0178519643644426,0.0,0.0000000000018356,0.0000000000119916,0.0047532531858088,-0.0023156070277531,22.9759171494392227,3.0036466658842724,2.2580,-1.5357,-0.72235165,-1.46758367,1,2.2e-11
1.0178514948588429,0.0,-0.0000000000009601,0.0000000000021934,0.0047541120782331,-0.0023410029593929,22.9763171494392253,3.0036465642576609,2.2638,-1.5378,-0.72607404,-1.48125893,1,2.0e-11
1.0178510252249984,0.0,-0.0000000000001735,-0.0000000000014309,0.0047549711280095,-0.0023661271006971,22.9767171494392244,3.0036464626363797,2.2697,-1.5399,-0.72980351,-1.49496536,1,7.7e-12
1.0178505554631767,0.0,0.0000000000003648,0.0000000000011924,0.0047558303357626,-0.0023909880343673,22.9771171494392235,3.0036463610203419,2.2755,-1.5420,-0.73353913,-1.50870188,1,1.0e-11
1.0178500855741084,0.0,0.0000000000006044,0.0000000000055989,0.0047566896997443,-0.0024155938794485,22.9775171494392225,3.0036462594095661,2.2813,-1.5440,-0.73728141,-1.52246905,1,3.5e-11
1.0178496155583101,0.0,0.0000000000002261,0.0000000000015032,0.0047575492187033,-0.0024399523585261,22.9779171494392251,3.0036461578040150,2.2872,-1.5461,-0.74102969,-1.53626644,1,2.1e-11
1.0178491454143208,0.0,-0.0000000000005758,-0.0000000000026748,0.0047584088954086,-0.0024640708022001,22.9783171494392242,3.0036460562037699,2.2930,-1.5482,-0.74478503,-1.55009445,1,4.5e-12
1.0178486751437061,0.0,0.0000000000001383,0.0000000000007625,0.0047592687271282,-0.0024879561927112,22.9787171494392233,3.0036459546087704,2.2989,-1.5503,-0.74854662,-1.56395247,1,1.8e-11
1.0178482047458592,0.0,-0.0000000000000018,0.0000000000001510,0.0047601287147663,-0.0025116151792774,22.9791171494392223,3.0036458530190426,2.3047,-1.5524,-0.75231489,-1.57784070,1,7.7e-12
1.0178477342210459,0.0,-0.0000000000011869,-0.0000000000057663,0.0047609888576791,-0.0025350541007707,22.9795171494392250,3.0036457514345822,2.3106,-1.5545,-0.75608973,-1.59175896,1,1.1e-11
1.0178472635694049,0.0,0.0000000000004024,0.0000000000014322,0.0047618491556631,-0.0025582790041859,22.9799171494392240,3.0036456498553972,2.3164,-1.5566,-0.75987098,-1.60570716,1,2.3e-12
1.0178467927905148,0.0,0.0000000000009764,0.0000000000058905,0.0047627096094586,-0.0025812956678241,22.9803171494392231,3.0036455482814977,2.3223,-1.5587,-0.76365924,-1.61968579,1,3.6e-12
1.0178463218856026,0.0,0.0000000000014032,0.0000000000117485,0.0047635702167084,-0.0026041096104122,22.9807171494392222,3.0036454467128606,2.3282,-1.5607,-0.76745345,-1.63369363,1,4.6e-11
1.0178458508531201,0.0,0.0000000000010413,0.0000000000045283,0.0047644309804296,-0.0026267261158052,22.9811171494392248,3.0036453451495340,2.3341,-1.5628,-0.77125556,-1.64773220,1,4.0e-11
1.0178453796942020,0.0,-0.0000000000012489,-0.0000000000048841,0.0047652918982828,-0.0026491502392807,22.9815171494392239,3.0036452435914911,2.3400,-1.5649,-0.77506340,-1.66179964,1,3.8e-11
1.0178449084098284,0.0,0.0000000000006215,0.0000000000038747,0.0047661529681877,-0.0026713868265182,22.9819171494392229,3.0036451420386983,2.3459,-1.5670,-0.77887773,-1.67589664,1,3.1e-12
1.0178444369984792,0.0,0.0000000000017573,0.0000000000072793,0.0047670141932101,-0.0026934405232987,22.9823171494392220,3.0036450404912047,2.3518,-1.5691,-0.78269935,-1.69002378,1,9.9e-12
1.0178439654616669,0.0,-0.0000000000005709,-0.0000000000012736,0.0047678755706531,-0.0027153157800174,22.9827171494392246,3.0036449389489932,2.3577,-1.5711,-0.78652731,-1.70418002,1,2.0e-11
1.0178434937973417,0.0,-0.0000000000002449,-0.0000000000008702,0.0047687371038849,-0.0027370168806905,22.9831171494392237,3.0036448374121125,2.3636,-1.5732,-0.79036223,-1.71836566,1,4.6e-12
1.0178430220083536,0.0,0.0000000000011244,-0.0000000000010833,0.0047695987878588,-0.0027585479323834,22.9835171494392227,3.0036447358804805,2.3695,-1.5753,-0.79420378,-1.73258090,1,6.6e-11
1.0178425500921460,0.0,0.0000000000003389,0.0000000000015047,0.0047704606269582,-0.0027799128880157,22.9839171494392254,3.0036446343541856,2.3754,-1.5773,-0.79805246,-1.74682514,1,1.7e-11
1.0178420780503843,0.0,0.0000000000012361,0.0000000000044205,0.0047713226181441,-0.0028011155470078,22.9843171494392244,3.0036445328331784,2.3813,-1.5794,-0.80190790,-1.76109865,1,2.7e-12
1.0178416058827748,0.0,-0.0000000000006961,-0.0000000000033097,0.0047721847622143,-0.0028221595659379,22.9847171494392235,3.0036444313174795,2.3873,-1.5815,-0.80577028,-1.77540127,1,3.2e-11
1.0178411335895894,0.0,-0.0000000000036103,-0.0000000000112474,0.0047730470584987,-0.0028430484666337,22.9851171494392226,3.0036443298070887,2.3932,-1.5835,-0.80963930,-1.78973293,1,6.9e-12
1.0178387702417906,0.0,0.0000000000004299,0.0000000000009858,0.0047773608155545,-0.0029452808770431,22.9871171494392215,3.0036438223347468,2.4229,-1.5939,-0.82908836,-1.86182258,1,6.1e-12
1.0178364037653531,0.0,0.0000000000012950,0.0000000000091887,0.0047816783485363,-0.0030440968733710,22.9891171494392239,3.0036433149954123,2.4528,-1.6041,-0.84871238,-1.93462431,1,4.9e-12
1.0178340341717595,0.0,0.0000000000001393,0.0000000000003326,0.0047859996298020,-0.0031398190062275,22.9911171494392228,3.0036428077893840,2.4828,-1.6143,-0.86851428,-2.00812721,1,1.4e-11
1.0178316614725733,0.0,0.0000000000016464,0.0000000000119170,0.0047903246322936,-0.0032327220886493,22.9931171494392217,3.0036423007169639,2.5130,-1.6245,-0.88849679,-2.08231942,1,2.9e-11
1.0178292856787863,0.0,-0.0000000000032577,-0.0000000000148499,0.0047946533299509,-0.0033230425407855,22.9951171494392241,3.0036417937784576,2.5433,-1.6346,-0.90866239,-2.15718906,1,3.2e-11
1.0178269068033374,0.0,0.0000000000013868,0.0000000000017569,0.0047989856929087,-0.0034109854975166,22.9971171494392230,3.0036412869741289,2.5737,-1.6446,-0.92901336,-2.23272286,1,1.0e-11
1.0178245248557416,0.0,-0.0000000000064506,-0.0000000000237199,0.0048033216978289,-0.0034967303200709,22.9991171494392219,3.0036407803043375,2.6042,-1.6546,-0.94955388,-2.30890917,1,8.0e-11
1.0178221398503149,0.0,0.0000000000010806,0.0000000000037818,0.0048076613124771,-0.0035804349048204,23.0011171494392208,3.0036402737693102,2.6348,-1.6645,-0.97028492,-2.38573332,1,2.5e-11
1.0178197517964782,0.0,-0.0000000000012344,-0.0000000000047327,0.0048120045143341,-0.0036622391295019,23.0031171494392233,3.0036397673693740,2.6656,-1.6744,-0.99121044,-2.46318209,1,7.1e-12
1.0178173607059364,0.0,-0.0000000000008473,-0.0000000000027034,0.0048163512761437,-0.0037422675917878,23.0051171494392221,3.0036392611048313,2.6965,-1.6841,-1.01233318,-2.54124080,1,2.6e-11
1.0178149665910736,0.0,-0.0000000000004438,-0.0000000000081856,0.0048207015691017,-0.0038206318577581,23.0071171494392210,3.0036387549759320,2.7275,-1.6938,-1.03365579,-2.61989514,1,1.0e-11
1.0178125694618010,0.0,0.0000000000001955,0.0000000000010234,0.0048250553702919,-0.0038974322846178,23.0091171494392235,3.0036382489830480,2.7586,-1.7034,-1.05518112,-2.69912935,1,3.6e-11
1.0178101693312780,0.0,-0.0000000000001502,-0.0000000000004420,0.0048294126496841,-0.0039727595471268,23.0111171494392224,3.0036377431263928,2.7899,-1.7130,-1.07691245,-2.77892785,1,3.2e-12
1.0178077662102267,0.0,0.0000000000003910,0.0000000000003476,0.0048337733824287,-0.0040466958900102,23.0131171494392213,3.0036372374062759,2.8212,-1.7224,-1.09885235,-2.85927435,1,2.0e-11
1.0178053601103823,0.0,0.0000000000008306,0.0000000000018193,0.0048381375411013,-0.0041193161867334,23.0151171494392237,3.0036367318229780,2.8527,-1.7317,-1.12100374,-2.94015219,1,1.1e-11
1.0178029510426714,0.0,-0.0000000000011161,-0.0000000000032330,0.0048425051009640,-0.0041906888315275,23.0171171494392226,3.0036362263768064,2.8843,-1.7410,-1.14336930,-3.02154342,1,1.4e-11
1.0178005390187590,0.0,-0.0000000000010783,-0.0000000000019316,0.0048468760355897,-0.0042608764998818,23.0191171494392215,3.0036357210680338,2.9161,-1.7501,-1.16595242,-3.10343109,1,1.8e-11
1.0177981240509211,0.0,0.0000000000005647,0.0000000000023596,0.0048512503166358,-0.0043299367969658,23.0211171494392239,3.0036352158969066,2.9479,-1.7591,-1.18875592,-3.18579671,1,1.5e-11
1.0177957061498599,0.0,-0.0000000000005253,-0.0000000000014133,0.0048556279201128,-0.0043979228069341,23.0231171494392228,3.0036347108637589,2.9799,-1.7681,-1.21178256,-3.26862116,1,1.9e-12
1.0177932853261782,0.0,-0.0000000000019289,-0.0000000000058521,0.0048600088210854,-0.0044648835899160,23.0251171494392217,3.0036342059688441,3.0119,-1.7769,-1.23503598,-3.35188589,1,2.9e-11
1.0177908615930282,0.0,0.0000000000003483,0.0000000000017818,0.0048643929906445,-0.0045308645770165,23.0271171494392242,3.0036337012124044,3.0441,-1.7856,-1.25851833,-3.43557024,1,9.1e-12
1.0177884349598296,0.0,0.0000000000021599,0.0000000000074905,0.0048687804069516,-0.0045959079459308,23.0291171494392231,3.0036331965947998,3.0764,-1.7942,-1.28223334,-3.51965444,1,4.1e-11
1.0177860054398864,0.0,-0.0000000000008703,-0.0000000000020560,0.0048731710404456,-0.0046600529390052,23.0311171494392219,3.0036326921162257,3.1088,-1.8026,-1.30618393,-3.60411796,1,2.2e-11
1.0177835730436215,0.0,-0.0000000000012123,-0.0000000000032540,0.0048775648673759,-0.0047233361390032,23.0331171494392208,3.0036321877769776,3.1414,-1.8110,-1.33037273,-3.68893864,1,2.0e-11
1.0177811377816393,0.0,-0.0000000000004035,-0.0000000000009908,0.0048819618636116,-0.0047857917131796,23.0351171494392233,3.0036316835773587,3.1740,-1.8192,-1.35480360,-3.77409521,1,2.3e-11
1.0177786996664238,0.0,0.0000000000006231,-0.0000000000065032,0.0048863620015573,-0.0048474516347387,23.0371171494392222,3.0036311795175767,3.2067,-1.8273,-1.37947880,-3.85956482,1,1.9e-11
1.0177762587089414,0.0,-0.0000000000002638,-0.0000000000014915,0.0048907652570329,-0.0049083458652245,23.0391171494392211,3.0036306755979623,3.2396,-1.8352,-1.40440183,-3.94532432,1,4.7e-12
1.0177738149204443,0.0,-0.0000000000004213,-0.0000000000007330,0.0048951716041527,-0.0049685025450749,23.0411171494392235,3.0036301718187350,3.2726,-1.8430,-1.42957633,-4.03135138,1,1.7e-11
1.0177713683123411,0.0,-0.0000000000019813,-0.0000000000052747,0.0048995810178041,-0.0050279481295761,23.0431171494392224,3.0036296681801526,3.3057,-1.8507,-1.45500441,-4.11762053,1,2.6e-11
1.0177689188953716,0.0,0.0000000000012129,-0.0000000000009680,0.0049039934742285,-0.0050867075276700,23.0451171494392213,3.0036291646825353,3.3388,-1.8582,-1.48069009,-4.20410794,1,5.3e-12
1.0177664666802948,0.0,0.0000000000073167,0.0000000000293147,0.0049084089496794,-0.0051448042342593,23.0471171494392237,3.0036286613261454,3.3721,-1.8655,-1.50663651,-4.29078878,1,4.3e-11
1.0177640116808824,0.0,-0.0000000000001818,-0.0000000000015102,0.0049128274133603,-0.0052022604399540,23.0491171494392226,3.0036281581111033,3.4056,-1.8727,-1.53284596,-4.37763597,1,5.8e-12
1.0177615539049227,0.0,-0.0000000000017426,-0.0000000000042240,0.0049172488478950,-0.0052590971142692,23.0511171494392215,3.0036276550378482,3.4391,-1.8798,-1.55932272,-4.46462459,1,3.9e-11
1.0177590933666973,0.0,0.0000000000002345,-0.0000000000006113,0.0049216732225731,-0.0053153341158773,23.0531171494392240,3.0036271521065112,3.4727,-1.8866,-1.58606960,-4.55172748,1,5.4e-11
1.0177566300751897,0.0,0.0000000000000197,-0.0000000000008912,0.0049261005170611,-0.0053709902672143,23.0551171494392229,3.0036266493174035,3.5064,-1.8933,-1.61308938,-4.63891655,1,1.9e-11
1.0177541640384917,0.0,0.0000000000117386,0.0000000000428491,0.0049305307133836,-0.0054260834216011,23.0571171494392217,3.0036261466709275,3.5403,-1.8999,-1.64038753,-4.72616605,1,3.2e-10
1.0177516952790078,0.0,0.0000000000122671,0.0000000000564450,0.0049349637636376,-0.0054806305443115,23.0591171494392242,3.0036256441669154,3.5742,-1.9063,-1.66796249,-4.81344285,1,5.8e-11
1.0177492237975003,0.0,-0.0000000000004502,-0.0000000000010178,0.0049393996646375,-0.0055346477713258,23.0611171494392231,3.0036251418058981,3.6083,-1.9125,-1.69582158,-4.90072127,1,2.6e-11
1.0177467496080483,0.0,-0.0000000000041631,-0.0000000000096375,0.0049438383869248,-0.0055881504427288,23.0631171494392220,3.0036246395881347,3.6424,-1.9185,-1.72396699,-4.98797111,1,5.4e-11
1.0177442727206103,0.0,-0.0000000000005868,-0.0000000000006494,0.0049482799080590,-0.0056411531886430,23.0651171494392209,3.0036241375138659,3.6767,-1.9243,-1.75240302,-5.07516298,1,1.2e-11
1.0177417931474337,0.0,-0.0000000000011481,-0.0000000000021266,0.0049527242015991,-0.0056936699569963,23.0671171494392233,3.0036236355832786,3.7111,-1.9300,-1.78113132,-5.16226387,1,9.1e-12
1.0177393108996773,0.0,-0.0000000000013866,-0.0000000000025642,0.0049571712435988,-0.0057457140564131,23.0691171494392222,3.0036231337966361,3.7456,-1.9354,-1.81015591,-5.24924332,1,2.2e-11
1.0177368259875725,0.0,-0.0000000000002130,0.0000000000003213,0.0049616210115872,-0.0057972982040939,23.0711171494392211,3.0036226321541886,3.7802,-1.9407,-1.83948059,-5.33606977,0,1.0e-11
1.0177343384225888,0.0,0.0000000000017829,0.0000000000041858,0.0049660734809328,-0.0058484345556610,23.0731171494392235,3.0036221306561659,3.8148,-1.9457,-1.86910844,-5.42271011,0,7.1e-11
1.0177318482165090,0.0,-0.0000000000027443,-0.0000000000050087,0.0049705286262846,-0.0058991347418635,23.0751171494392224,3.0036216293027791,3.8496,-1.9506,-1.89904173,-5.50912963,0,1.3e-11
1.0177293553787166,0.0,-0.0000000000012092,-0.0000000000031102,0.0049749864282270,-0.0059494099023148,23.0771171494392213,3.0036211280942799,3.8845,-1.9553,-1.92928524,-5.59529639,0,1.1e-11
1.0177268599204723,0.0,-0.0000000000006226,-0.0000000000011963,0.0049794468611824,-0.0059992707072000,23.0791171494392238,3.0036206270309243,3.9196,-1.9597,-1.95984186,-5.68117498,0,1.4e-12
1.0177243618533813,0.0,0.0000000000009468,0.0000000000021486,0.0049839099011708,-0.0060487273893064,23.0811171494392227,3.0036201261129181,3.9547,-1.9639,-1.99071484,-5.76673017,0,1.2e-11
1.0177218611878638,0.0,0.0000000000026624,0.0000000000059602,0.0049883755256512,-0.0060977897701221,23.0831171494392215,3.0036196253404883,3.9899,-1.9680,-2.02190774,-5.85192638,0,2.0e-11
1.0177193579349706,0.0,-0.0000000000004423,-0.0000000000007369,0.0049928437113063,-0.0061464672779560,23.0851171494392240,3.0036191247138664,4.0252,-1.9718,-2.05342403,-5.93672731,0,3.1e-11
1.0177168521055280,0.0,0.0000000000010650,-0.0000000000029503,0.0049973144346168,-0.0061947689730976,23.0871171494392229,3.0036186242332783,4.0606,-1.9753,-2.08526711,-6.02109580,0,8.3e-12
1.0177143437098335,0.0,-0.0000000000017122,-0.0000000000040659,0.0050017876744717,-0.0062427035656833,23.0891171494392218,3.0036181238989661,4.0961,-1.9787,-2.11744005,-6.10499379,0,1.7e-11
1.0177118327608914,0.0,-0.0000000000035328,-0.0000000000035734,0.0050062634026066,-0.0062902794366374,23.0911171494392242,3.0036176237110710,4.1318,-1.9818,-2.14994626,-6.18838300,0,1.6e-10
1.0177093192641578,0.0,0.0000000000005884,0.0000000000007065,0.0050107416077634,-0.0063375046538300,23.0931171494392231,3.0036171236699793,4.1675,-1.9847,-2.18279088,-6.27122674,0,2.2e-12
1.0177068032353072,0.0,-0.0000000000005728,-0.0000000000004327,0.0050152222568102,-0.0063843869841487,23.0951171494392220,3.0036166237757675,4.2033,-1.9874,-2.21597537,-6.35348269,0,6.8e-12
1.0177042846836839,0.0,-0.0000000000003991,-0.0000000000016599,0.0050197053299986,-0.0064309339168850,23.0971171494392209,3.0036161240286745,4.2393,-1.9898,-2.24950380,-6.43511137,0,4.7e-11
1.0177017636202184,0.0,-0.0000000000013134,-0.0000000000031915,0.0050241908044188,-0.0064771526696908,23.0991171494392233,3.0036156244289258,4.2753,-1.9919,-2.28337945,-6.51607170,0,1.8e-12
1.0176992400546456,0.0,-0.0000000000003597,-0.0000000000004197,0.0050286786594900,-0.0065230502087338,23.1011171494392222,3.0036151249767444,4.3114,-1.9938,-2.31760642,-6.59632311,0,7.3e-12
1.0176967139984616,0.0,0.0000000000004613,0.0000000000010698,0.0050331688713533,-0.0065686332548181,23.1031171494392211,3.0036146256723262,4.3477,-1.9955,-2.35218794,-6.67582296,0,4.1e-11
1.0176941854617485,0.0,-0.0000000000004623,-0.0000000000009434,0.0050376614187659,-0.0066139082996199,23.1051171494392236,3.0036141265158953,4.3840,-1.9969,-2.38712683,-6.75452727,0,2.8e-11
1.0176916544553349,0.0,0.0000000000008153,0.0000000000015883,0.0050421562791449,-0.0066588816150160,23.1071171494392225,3.0036136275076455,4.4205,-1.9981,-2.42242793,-6.83239479,0,9.1e-12
1.0176891209894749,0.0,-0.0000000000003009,-0.0000000000000749,0.0050466534311232,-0.0067035592625975,23.1091171494392214,3.0036131286477987,4.4570,-1.9989,-2.45809358,-6.90937930,0,1.8e-11
1.0176865850753647,0.0,-0.0000000000008843,-0.0000000000021673,0.0050511528515702,-0.0067479471057612,23.1111171494392238,3.0036126299365171,4.4937,-1.9996,-2.49412827,-6.98543772,0,3.4e-11
1.0176840467219803,0.0,0.0000000000001654,0.0000000000046942,0.0050556545214657,-0.0067920508148019,23.1131171494392227,3.0036121313740769,4.5305,-1.9999,-2.53053507,-7.06052365,0,2.8e-11
1.0176820659472026,0.0,-0.0000000000008443,0.0000000000000000,0.0050591659047335,-0.0068262437883426,23.1146764997099439,3.0036117427606461,4.559181,-2.000000,-2.5591806153289,-7.1183612342690,0,8.6e-12
1.0176820617127929,0.0,-0.0000000000001014,0.0000000000000000,0.0050591734098801,-0.0068263166710340,23.1146798316549678,3.0036117419303840,4.559242,-2.000000,-2.5592422615380,-7.1184845084096,0,1.0e-11
1.0176820574788987,0.0,-0.0000000000016377,0.0000000000000000,0.0050591809141962,-0.0068263895522181,23.1146831635999881,3.0036117411001113,4.559304,-2.000000,-2.5593036540429,-7.1186072914678,0,6.7e-12
1.0176815059421243,0.0,-0.0000000000014763,-0.0000000000031651,0.0050601584148104,-0.0068358758791861,23.1151171494392216,3.0036116329605851,4.5673,-2.0000,-2.56731713,-7.13459019,0,7.1e-12
1.0176789627454013,0.0,-0.0000000000024761,-0.0000000000057391,0.0050646645112245,-0.0068794276150145,23.1171171494392240,3.0036111346962628,4.6043,-1.9998,-2.60447832,-7.20759104,0,1.0e-10
1.0176764171396113,0.0,-0.0000000000007515,0.0000000000028020,0.0050691727949857,-0.0069227111702456,23.1191171494392229,3.0036106365814073,4.6413,-1.9993,-2.64202307,-7.27948038,0,1.5e-11
1.0176738691387712,0.0,-0.0000000000002211,-0.0000000000004827,0.0050736832372398,-0.0069657315341958,23.1211171494392218,3.0036101386160836,4.6785,-1.9985,-2.67995371,-7.35020756,0,9.5e-12
1.0176713187518487,0.0,0.0000000000023851,0.0000000000044185,0.0050781958193310,-0.0070084935448369,23.1231171494392242,3.0036096408005251,4.7158,-1.9975,-2.71827434,-7.41972466,0,3.7e-11
1.0176687659886219,0.0,0.0000000000005821,0.0000000000010870,0.0050827105212247,-0.0070510018925303,23.1251171494392231,3.0036091431349505,4.7531,-1.9962,-2.75698851,-7.48798209,0,9.5e-12
1.0176662108598034,0.0,0.0000000000029099,0.0000000000069441,0.0050872273211338,-0.0070932611286136,23.1271171494392220,3.0036086456195288,4.7906,-1.9945,-2.79610002,-7.55492995,0,4.9e-11
1.0176636533767440,0.0,-0.0000000000001578,-0.0000000000006708,0.0050917461958171,-0.0071352756703388,23.1291171494392209,3.0036081482544059,4.8282,-1.9926,-2.83561175,-7.62051566,0,2.6e-11
1.0176610935480768,0.0,-0.0000000000003190,-0.0000000000005887,0.0050962671274667,-0.0071770498061867,23.1311171494392234,3.0036076510398249,4.8659,-1.9903,-2.87552806,-7.68468925,0,2.2e-11
1.0176585313848749,0.0,0.0000000000000503,0.0000000000007433,0.0051007900938729,-0.0072185877003843,23.1331171494392223,3.0036071539759432,4.9036,-1.9878,-2.91585264,-7.74739841,0,1.2e-11
1.0176559668971585,0.0,-0.0000000000016202,-0.0000000000037412,0.0051053150742966,-0.0072598933999858,23.1351171494392212,3.0036066570629418,4.9415,-1.9849,-2.95658832,-7.80858839,0,1.6e-11
1.0176534000952875,0.0,0.0000000000002034,-0.0000000000012100,0.0051098420479461,-0.0073009708368092,23.1371171494392236,3.0036061603009987,4.9795,-1.9818,-2.99773937,-7.86820673,0,2.1e-11
1.0176508309892276,0.0,-0.0000000000018159,-0.0000000000011824,0.0051143709947859,-0.0073418238341989,23.1391171494392225,3.0036056636902910,5.0176,-1.9783,-3.03930917,-7.92619836,0,4.0e-11
1.0176482595881939,0.0,-0.0000000000001933,-0.0000000000000059,0.0051189018955016,-0.0073824561108876,23.1411171494392214,3.0036051672310204,5.0558,-1.9745,-3.08130184,-7.98250921,0,8.1e-12
1.0176456859040668,0.0,0.0000000000047776,0.0000000000083856,0.0051234347270455,-0.0074228712810484,23.1431171494392238,3.0036046709233188,5.0941,-1.9703,-3.12372021,-8.03708159,0,4.9e-11
1.0176431099462719,0.0,0.0000000000008238,0.0000000000016176,0.0051279694700686,-0.0074630728664918,23.1451171494392227,3.0036041747673452,5.1325,-1.9659,-3.16656812,-8.08985878,0,2.1e-11
1.0176405317243646,0.0,-0.0000000000004837,-0.0000000000006988,0.0051325061052686,-0.0075030642909373,23.1471171494392216,3.0036036787633118,5.1710,-1.9611,-3.20984963,-8.14078486,0,7.0e-12
1.0176379512486227,0.0,-0.0000000000014374,-0.0000000000033886,0.0051370446120564,-0.0075428488900552,23.1491171494392241,3.0036031829113670,5.2096,-1.9560,-3.25356824,-8.18980105,0,5.0e-12
1.0176353685290551,0.0,0.0000000000037068,0.0000000000057839,0.0051415849703689,-0.0075824299116463,23.1511171494392229,3.0036026872116786,5.2483,-1.9505,-3.29772751,-8.23684807,0,4.2e-11
1.0176327835752172,0.0,-0.0000000000014077,-0.0000000000025508,0.0051461271610873,-0.0076218105206725,23.1531171494392218,3.0036021916644149,5.2871,-1.9447,-3.34233130,-8.28186756,0,4.2e-11
1.0176301963973065,0.0,0.0000000000006106,0.0000000000011768,0.0051506711640241,-0.0076609937992727,23.1551171494392243,3.0036016962697420,5.3260,-1.9386,-3.38738278,-8.32479691,0,7.6e-12
1.0176276070054240,0.0,-0.0000000000039090,-0.0000000000073290,0.0051552169589676,-0.0076999827541214,23.1571171494392232,3.0036012010277937,5.3650,-1.9321,-3.43288602,-8.36557688,0,1.1e-11
1.0176250154095761,0.0,-0.0000000000081990,-0.0000000000123713,0.0051597645260326,-0.0077387803142223,23.1591171494392221,3.0036007059387382,5.4041,-1.9252,-3.47884449,-8.40414450,0,4.6e-11
1.0176224216073257,0.0,0.0000000000034759,0.0000000000555909,0.0051643138713788,-0.0077773893402577,23.1611171494392210,3.0036002110031323,5.4433,-1.9180,-3.52526635,-8.44045151,0,9.0e-10
1.0176198256435847,0.0,0.0000000000009166,0.0000000000018178,0.0051688649019453,-0.0078158126109442,23.1631171494392234,3.0035997162199766,5.4826,-1.9105,-3.57214249,-8.47439447,0,2.1e-11
1.0176172274923889,0.0,0.0000000000006724,0.0000000000028739,0.0051734176734727,-0.0078540528545486,23.1651171494392223,3.0035992215905964,5.5220,-1.9025,-3.61948976,-8.50595052,0,9.4e-11
1.0176146271857689,0.0,0.0000000000657106,0.0000000001346254,0.0051779721214259,-0.0078921127207161,23.1671171494392212,3.0035987271143778,5.5616,-1.8943,-3.66730291,-8.53502586,0,6.8e-10
1.0176120247074654,0.0,0.0000000000014954,0.0000000000028691,0.0051825282765170,-0.0079299948052898,23.1691171494392236,3.0035982327923922,5.6012,-1.8856,-3.71559663,-8.56159227,0,2.2e-11
1.0176094200913135,0.0,0.0000000000008727,0.0000000000015979,0.0051870860740115,-0.0079677016317626,23.1711171494392225,3.0035977386239434,5.6409,-1.8766,-3.76436464,-8.58554919,0,2.4e-11
1.0176068133389640,0.0,0.0000000000031919,0.0000000000057390,0.0051916455097374,-0.0080052356736301,23.1731171494392214,3.0035972446094417,5.6808,-1.8672,-3.81361347,-8.60683950,0,8.3e-12
1.0176042044602063,0.0,-0.0000000000016188,-0.0000000000035737,0.0051962065647825,-0.0080425993431080,23.1751171494392239,3.0035967507490353,5.7207,-1.8574,-3.86334755,-8.62539723,0,6.6e-12
1.0176015934644782,0.0,0.0000000000025143,0.0000000000047687,0.0052007692205801,-0.0080797949981638,23.1771171494392227,3.0035962570428696,5.7608,-1.8472,-3.91356990,-8.64115217,0,4.9e-12
1.0175989803615635,0.0,-0.0000000000019458,-0.0000000000043189,0.0052053334580022,-0.0081168249433343,23.1791171494392216,3.0035957634910670,5.8009,-1.8366,-3.96428443,-8.65403531,0,1.6e-11
1.0175963651609745,0.0,-0.0000000000032459,-0.0000000000069781,0.0052098992588695,-0.0081536914295663,23.1811171494392241,3.0035952700937800,5.8412,-1.8257,-4.01549471,-8.66397592,0,2.5e-12
1.0175937478721506,0.0,0.0000000000020885,0.0000000000034463,0.0052144666044254,-0.0081903966594379,23.1831171494392230,3.0035947768511386,5.8815,-1.8143,-4.06720474,-8.67090336,0,4.5e-11
1.0175911285045083,0.0,0.0000000000046327,0.0000000000073413,0.0052190354764051,-0.0082269427856421,23.1851171494392219,3.0035942837632827,5.9220,-1.8026,-4.11941847,-8.67474805,0,4.3e-11
1.0175885070673885,0.0,0.0000000000000653,-0.0000000000008587,0.0052236058569200,-0.0082633319148643,23.1871171494392243,3.0035937908303301,5.9626,-1.7904,-4.17213846,-8.67543290,0,2.2e-11
1.0175858835707141,0.0,-0.0000000000026016,-0.0000000000062538,0.0052281777267428,-0.0082995661057242,23.1891171494392232,3.0035932980524134,6.0032,-1.7779,-4.22536938,-8.67288732,0,3.2e-12
1.0175832580233695,0.0,0.0000000000026253,0.0000000000068409,0.0052327510688245,-0.0083356473732207,23.1911171494392221,3.0035928054296850,6.0440,-1.7649,-4.27911490,-8.66703773,0,4.0e-11
1.0175806304351944,0.0,-0.0000000000001288,-0.0000000000000646,0.0052373258638825,-0.0083715776906512,23.1931171494392210,3.0035923129622413,6.0849,-1.7515,-4.33337814,-8.65780671,0,8.7e-13
1.0175780008149633,0.0,-0.0000000000019686,-0.0000000000027557,0.0052419020953789,-0.0084073589886041,23.1951171494392234,3.0035918206502226,6.1259,-1.7377,-4.38816332,-8.64512060,0,6.0e-12
1.0175753691724290,0.0,-0.0000000000018175,-0.0000000000030028,0.0052464797442820,-0.0084429931569219,23.1971171494392223,3.0035913284937386,6.1670,-1.7235,-4.44347427,-8.62890329,0,4.1e-11
1.0175727355159938,0.0,-0.0000000000038193,-0.0000000000052469,0.0052510587948986,-0.0084784820458774,23.1991171494392212,3.0035908364929425,6.2082,-1.7089,-4.49931413,-8.60907597,0,9.9e-11
1.0175700998568060,0.0,-0.0000000000031325,-0.0000000000035559,0.0052556392255098,-0.0085138274673158,23.2011171494392237,3.0035903446478902,6.2495,-1.6938,-4.55568661,-8.58555822,0,1.0e-11
1.0175674622021254,0.0,-0.0000000000005435,-0.0000000000016799,0.0052602210224003,-0.0085490311969579,23.2031171494392225,3.0035898529587635,6.2909,-1.6783,-4.61259592,-8.55827552,0,4.8e-12
1.0175648225622624,0.0,0.0000000000019011,0.0000000000034364,0.0052648041661147,-0.0085840949735103,23.2051171494392214,3.0035893614256342,6.3325,-1.6624,-4.67004524,-8.52714526,0,2.1e-11
1.0175621809454680,0.0,0.0000000000031312,0.0000000000061878,0.0052693886406860,-0.0086190205006457,23.2071171494392239,3.0035888700486586,6.3741,-1.6461,-4.72803905,-8.49208971,0,4.1e-11
1.0175595373617090,0.0,0.0000000000007103,0.0000000000011914,0.0052739744273308,-0.0086538094482534,23.2091171494392228,3.0035883788279105,6.4158,-1.6293,-4.78658002,-8.45302341,0,9.1e-12
1.0175568918190263,0.0,-0.0000000000009150,-0.0000000000004438,0.0052785615107516,-0.0086884634537892,23.2111171494392217,3.0035878877635294,6.4577,-1.6120,-4.84567269,-8.40986786,0,6.9e-11
1.0175542443281314,0.0,-0.0000000000020966,-0.0000000000038511,0.0052831498706692,-0.0087229841196938,23.2131171494392241,3.0035873968555915,6.4996,-1.5943,-4.90531989,-8.36253612,0,3.7e-11
1.0175515948960390,0.0,0.0000000000233624,0.0000000000416724,0.0052877394933403,-0.0087573730194285,23.2151171494392230,3.0035869061042799,6.5417,-1.5762,-4.96552652,-8.31094821,0,9.4e-11
1.0175489435344609,0.0,0.0000000000008201,0.0000000000008857,0.0052923303586242,-0.0087916316981579,23.2171171494392219,3.0035864155095267,6.5839,-1.5576,-5.02629469,-8.25501472,0,1.0e-11
1.0175462902493049,0.0,0.0000000000049632,0.0000000000097312,0.0052969224533528,-0.0088257616662192,23.2191171494392243,3.0035859250716213,6.6262,-1.5385,-5.08762926,-8.19465468,0,1.0e-11
1.0175436350517053,0.0,-0.0000000000001425,0.0000000000008152,0.0053015157571648,-0.0088597644075989,23.2211171494392232,3.0035854347905730,6.6686,-1.5190,-5.14953369,-8.12977997,0,2.4e-11
1.0175409779496014,0.0,-0.0000000000013206,-0.0000000000034640,0.0053061102553756,-0.0088936413784919,23.2231171494392221,3.0035849446665122,6.7111,-1.4991,-5.21201166,-8.06030353,0,4.5e-11
1.0175383189519291,0.0,-0.0000000000025590,-0.0000000000040567,0.0053107059313057,-0.0089273940075566,23.2251171494392210,3.0035844546995292,6.7537,-1.4786,-5.27506651,-7.98613602,0,4.6e-11
1.0175356580672450,0.0,-0.0000000000144848,-0.0000000000194278,0.0053153027685549,-0.0089610236964292,23.2271171494392235,3.0035839648897427,6.7964,-1.4577,-5.33870225,-7.90719029,0,7.8e-11
1.0175329953060066,0.0,-0.0000000000018661,-0.0000000000019400,0.0053199007485021,-0.0089945318222376,23.2291171494392223,3.0035834752371464,6.8392,-1.4363,-5.40292234,-7.82337351,0,1.7e-11
1.0175303306760335,0.0,-0.0000000000018180,-0.0000000000034068,0.0053244998556250,-0.0090279197331288,23.2311171494392212,3.0035829857419278,6.8822,-1.4145,-5.46773023,-7.73459676,0,4.8e-11
1.0175276641846567,0.0,-0.0000000000055093,-0.0000000000075551,0.0053291000770056,-0.0090611887572374,23.2331171494392237,3.0035824964041886,6.9252,-1.3921,-5.53313072,-7.64077233,0,1.3e-11
1.0175249958424026,0.0,0.0000000000053565,0.0000000000082607,0.0053337013924806,-0.0090943401953921,23.2351171494392226,3.0035820072239710,6.9684,-1.3693,-5.59912608,-7.54180224,0,1.2e-11
1.0175223256574231,0.0,0.0000000000006974,0.0000000000009432,0.0053383037876738,-0.0091273753258588,23.2371171494392215,3.0035815182013819,7.0117,-1.3460,-5.66572053,-7.43759527,0,1.7e-11
1.0175196536387299,0.0,-0.0000000000041814,-0.0000000000054616,0.0053429072455649,-0.0091602954041475,23.2391171494392239,3.0035810293364995,7.0551,-1.3222,-5.73291771,-7.32805716,0,5.1e-11
1.0175169797946149,0.0,0.0000000000132132,0.0000000000168729,0.0053475117504898,-0.0091931016652666,23.2411171494392228,3.0035805406293981,7.0986,-1.2979,-5.80072124,-7.21309312,0,7.7e-11
1.0175143041323460,0.0,0.0000000000013734,0.0000000000019627,0.0053521172901992,-0.0092257953199672,23.2431171494392217,3.0035800520802201,7.1422,-1.2731,-5.86913536,-7.09261107,0,8.8e-12
1.0175116266626616,0.0,-0.0000000000006317,-0.0000000000013877,0.0053567238439972,-0.0092583775584361,23.2451171494392241,3.0035795636889739,7.1859,-1.2478,-5.93816263,-6.96650825,0,1.6e-11
1.0175089473934287,0.0,-0.0000000000002626,-0.0000000000003930,0.0053613313976549,-0.0092908495508610,23.2471171494392230,3.0035790754557605,7.2298,-1.2220,-6.00780725,-6.83468856,0,2.5e-11
1.0175062663330690,0.0,-0.0000000000010317,-0.0000000000010378,0.0053659399359309,-0.0093232124462150,23.2491171494392219,3.0035785873806717,7.2738,-1.1957,-6.07807292,-6.69705634,0,1.1e-11
1.0175035834896506,0.0,-0.0000000000004240,0.0000000000015015,0.0053705494440012,-0.0093554673754347,23.2511171494392244,3.0035780994637857,7.3178,-1.1689,-6.14896287,-6.55351010,0,3.5e-11
1.0175008988729726,0.0,0.0000000000038860,0.0000000000074714,0.0053751599038831,-0.0093876154492708,23.2531171494392233,3.0035776117051234,7.3620,-1.1415,-6.22048119,-6.40394920,0,1.8e-11
1.0174982124901766,0.0,-0.0000000000022335,-0.0000000000046448,0.0053797713027944,-0.0094196577592239,23.2551171494392221,3.0035771241048197,7.4063,-1.1137,-6.29263094,-6.24827273,0,2.0e-11
1.0174955243500410,0.0,0.0000000000031798,0.0000000000030881,0.0053843836245250,-0.0094515953796920,23.2571171494392210,3.0035766366629213,7.4507,-1.0853,-6.36541644,-6.08638092,0,3.3e-12
1.0174928344619720,0.0,-0.0000000000110043,0.0000000000000000,0.0053889968534110,-0.0094834293615404,23.2591171494392199,3.0035761493795334,7.495263,-1.056423,-6.4388402717399,-5.9181645035243,0,1.8e-10
1.0174901428309349,0.0,-0.0000000000005964,0.0000000000000000,0.0053936109771661,-0.0095151607564134,23.2611171494392224,3.0035756622546512,7.539913,-1.027006,-6.5129077056585,-5.7435332272288,0,1.1e-11
1.0174874494673725,0.0,-0.0000000000071010,0.0000000000000000,0.0053982259800393,-0.0095467905749602,23.2631171494392213,3.0035751752884194,7.584680,-0.997059,-6.5876209316769,-5.5623725699662,0,1.3e-10
1.0174847543831240,0.0,0.0000000000004736,0.0000000000000000,0.0054028418393948,-0.0095783198209648,23.2651171494392202,3.0035746884807861,7.629562,-0.966579,-6.6629833537567,-5.3745709851499,0,4.0e-12
1.0174820575800685,0.0,-0.0000000000023801,0.0000000000000000,0.0054074585527533,-0.0096097494892222,23.2671171494392226,3.0035742018319493,7.674562,-0.935563,-6.7389995248721,-5.1800347975091,0,6.2e-11
1.0174793590721412,0.0,-0.0000000000000335,0.0000000000000000,0.0054120760935279,-0.0096410805446656,23.2691171494392215,3.0035737153418909,7.719679,-0.904007,-6.8156721858212,-4.9786458846798,0,4.4e-11
1.0174766588632642,0.0,-0.0000000000001716,0.0000000000000000,0.0054166944557817,-0.0096723139508821,23.2711171494392204,3.0035732290107124,7.764915,-0.871910,-6.8930056344167,-4.7703062480881,0,3.6e-11
1.0174739569638196,0.0,0.0000000000003230,0.0000000000000000,0.0054213136210273,-0.0097034506460252,23.2731171494392193,3.0035727428384429,7.810269,-0.839267,-6.9710027261894,-4.5548980584919,0,8.0e-12
1.0174712533815446,0.0,0.0000000000006334,0.0000000000000000,0.0054259335748312,-0.0097344915597002,23.2751171494392217,3.0035722568251106,7.855742,-0.806075,-7.0496673926866,-4.3323146844381,0,4.8e-11
1.0174685481237191,0.0,-0.0000000000000869,0.0000000000000000,0.0054305543048182,-0.0097654376013311,23.2771171494392206,3.0035717709708525,7.901335,-0.772331,-7.1290034180990,-4.1024476479630,0,1.5e-12
1.0174658412000579,0.0,0.0000000000015821,0.0000000000000000,0.0054351757930863,-0.0097962896697727,23.2791171494392195,3.0035712852756435,7.947046,-0.738033,-7.2090136980783,-3.8651796704742,0,3.9e-11
1.0174631326171555,0.0,0.0000000000070694,0.0000000000000000,0.0054397980279406,-0.0098270486496780,23.2811171494392219,3.0035707997395873,7.992879,-0.703176,-7.2897023082357,-3.6204024586123,0,1.4e-11
1.0174604223833323,0.0,-0.0000000000035051,0.0000000000000000,0.0054444209966781,-0.0098577154125290,23.2831171494392208,3.0035703143626793,8.038831,-0.667759,-7.3710721334426,-3.3679977225706,0,9.2e-11
1.0174577105088456,0.0,-0.0000000000010440,0.0000000000000000,0.0054490446759579,-0.0098882908150086,23.2851171494392197,3.0035698291449355,8.084903,-0.631776,-7.4531269986028,-3.1078484061048,0,2.8e-10
1.0174549969955959,0.0,0.0000000000003468,0.0000000000000000,0.0054536690695503,-0.0099187756964093,23.2871171494392222,3.0035693440866842,8.131100,-0.595228,-7.5358716239823,-2.8398606053108,0,8.6e-12
1.0174522818575820,0.0,-0.0000000000004630,0.0000000000000000,0.0054582941473546,-0.0099491708944775,23.2891171494392211,3.0035688591876397,8.177417,-0.558109,-7.6193076401231,-2.5638910544165,0,1.9e-11
1.0174495651005324,0.0,-0.0000000000034435,0.0000000000000000,0.0054629199016400,-0.0099794772255262,23.2911171494392200,3.0035683744479673,8.223856,-0.520417,-7.7034392814978,-2.2798326071704,0,1.6e-11
1.0174468467339677,0.0,0.0000000000002836,0.0000000000000000,0.0054675463141314,-0.0100096954963504,23.2931171494392224,3.0035678898676506,8.270417,-0.482148,-7.7882695719190,-1.9875638456363,0,3.3e-11
1.0174441267623171,0.0,0.0000000000011135,0.0000000000000000,0.0054721733785786,-0.0100398265022079,23.2951171494392213,3.0035674054468506,8.317103,-0.443300,-7.8738029399726,-1.6869731013636,0,6.9e-11
1.0174414051965885,0.0,-0.0000000000003672,0.0000000000000000,0.0054768010748788,-0.0100698710247412,23.2971171494392202,3.0035669211855041,8.363912,-0.403870,-7.9600420516102,-1.3779294235406,0,9.1e-12
1.0174386820428318,0.0,-0.0000000000005483,0.0000000000000000,0.0054814293927671,-0.0100998298368456,23.2991171494392226,3.0035664370836912,8.410845,-0.363854,-8.0469906631638,-1.0603191964972,0,2.6e-11
1.0174359573100391,0.0,0.0000000000002882,0.0000000000000000,0.0054860583162172,-0.0101297036968860,23.3011171494392215,3.0035659531414369,8.457902,-0.323250,-8.1346521489787,-0.7340161833733,0,8.9e-12
1.0174332310047964,0.0,0.0000000000002838,0.0000000000000000,0.0054906878342996,-0.0101594933559042,23.3031171494392204,3.0035654693587812,8.505084,-0.282055,-8.2230297192527,-0.3988988022467,0,4.0e-11
1.0174305031347537,0.0,-0.0000000000008775,0.0000000000000000,0.0054953179337150,-0.0101891995516350,23.3051171494392193,3.0035649857357747,8.552393,-0.240266,-8.3121271731134,-0.0548471030432,0,5.1e-11
1.0174277737089958,0.0,-0.0000000000018184,0.0000000000000000,0.0054999485979470,-0.0102188230113915,23.3071171494392217,3.0035645022724049,8.599827,-0.197879,-8.4019475940338,0.2982728333855,0,1.3e-11
1.0174250427341214,0.0,-0.0000000000003759,0.0000000000000000,0.0055045798161792,-0.0102483644527840,23.3091171494392206,3.0035640189687398,8.647387,-0.154893,-8.4924946419375,0.6605829434162,0,2.7e-11
1.0174223102179696,0.0,-0.0000000000002980,0.0000000000000000,0.0055092115750473,-0.0102778245831205,23.3111171494392195,3.0035635358247941,8.695075,-0.111304,-8.5837715769604,1.0322071203930,0,1.1e-11
1.0174195761680644,0.0,0.0000000000014576,0.0000000000000000,0.0055138438608578,-0.0103072041004908,23.3131171494392220,3.0035630528405921,8.742890,-0.067109,-8.6757817908198,1.4132760081337,0,2.9e-11
1.0174168405921045,0.0,-0.0000000000000812,0.0000000000000000,0.0055184766610880,-0.0103365036910207,23.3151171494392209,3.0035625700161752,8.790833,-0.022305,-8.7685284556917,1.8039215994704,0,2.4e-11
1.0174141034976893,0.0,0.0000000000011460,0.0000000000000000,0.0055231099622461,-0.0103657240334872,23.3171171494392198,3.0035620873515532,8.838905,0.023110,-8.8620153228431,2.2042686864624,0,9.5e-12
1.0174113648918168,0.0,-0.0000000000001074,0.0000000000000000,0.0055277437527948,-0.0103948657968833,23.3191171494392222,3.0035616048467593,8.887106,0.069140,-8.9562453091675,2.6144510769034,0,1.5e-11
1.0174086247829410,0.0,0.0000000000010251,0.0000000000000000,0.0055323780176117,-0.0104239296398529,23.3211171494392211,3.0035611225017949,8.935436,0.115786,-9.0512220826735,3.0346006956140,0,2.1e-11
1.0174058831773478,0.0,0.0000000000011403,0.0000000000000000,0.0055370127467615,-0.0104529162129500,23.3231171494392200,3.0035606403167194,8.983896,0.163053,-9.1469488506311,3.4648475997343,0,1.5e-11
1.0174031400833874,0.0,0.0000000000003049,0.0000000000000000,0.0055416479249896,-0.0104818261581612,23.3251171494392224,3.0035601582915126,9.032487,0.210942,-9.2434287371757,3.9053314248688,0,2.8e-11
1.0174003955081763,0.0,-0.0000000000001931,0.0000000000000000,0.0055462835411143,-0.0105106601072946,23.3271171494392213,3.0035596764262156,9.081209,0.259457,-9.3406654654236,4.3561808676996,0,8.0e-12
1.0173976494587367,0.0,-0.0000000000017981,0.0000000000000000,0.0055509195828145,-0.0105394186858862,23.3291171494392202,3.0035591947208378,9.130062,0.308600,-9.4386619607798,4.8175331456171,0,5.3e-11
1.0173949019438080,0.0,0.0000000000021548,0.0000000000000000,0.0055555560346700,-0.0105681025087535,23.3311171494392227,3.0035587131753640,9.179048,0.358374,-9.5374215726099,5.2895313338903,0,1.3e-11
1.0173921529707268,0.0,0.0000000000050175,0.0000000000000000,0.0055601928839612,-0.0105967121815151,23.3331171494392215,3.0035582317898539,9.228165,0.408782,-9.6369473451195,5.7723102118280,0,1.1e-10
1.0173894025422745,0.0,0.0000000000006274,0.0000000000000000,0.0055648301302228,-0.0106252483119766,23.3351171494392204,3.0035577505643043,9.277417,0.459826,-9.7372431275427,6.2659962596974,0,1.2e-11
1.0173866506713425,0.0,0.0000000000003303,0.0000000000000000,0.0055694677467800,-0.0106537114832672,23.3371171494392193,3.0035572694987107,9.326802,0.511510,-9.8383116400645,6.7707479459084,0,4.8e-11
1.0173838973619369,0.0,0.0000000000014097,0.0000000000000000,0.0055741057282252,-0.0106821022848698,23.3391171494392218,3.0035567885930980,9.376322,0.563834,-9.9401565298583,7.2866923797653,0,6.4e-11
1.0173811426238324,0.0,-0.0000000000001301,0.0000000000000000,0.0055787440586919,-0.0107104212869415,23.3411171494392207,3.0035563078474863,9.425976,0.616804,-10.0427803248033,7.8139825866777,0,3.4e-12
1.0173783864621508,0.0,0.0000000000003403,0.0000000000000000,0.0055833827292952,-0.0107386690645137,23.3431171494392196,3.0035558272618483,9.475766,0.670421,-10.1461869570451,8.3527544891594,0,1.2e-11
1.0173756288859959,0.0,-0.0000000000001000,0.0000000000000000,0.0055880217238321,-0.0107668461767800,23.3451171494392220,3.0035553468361642,9.525690,0.724689,-10.2503790040684,8.9031603390699,0,1.7e-10
1.0173728698987883,0.0,0.0000000000011046,0.0000000000000000,0.0055926610399052,-0.0107949531781764,23.3471171494392209,3.0035548665705698,9.575753,0.779607,-10.3553602855130,9.4653234058595,0,3.2e-11
1.0173701095108483,0.0,0.0000000000000834,0.0000000000000000,0.0055973006568977,-0.0108229906171197,23.3491171494392198,3.0035543864649359,9.625953,0.835181,-10.4611335095075,10.0394103450331,0,2.2e-12
1.0173673477288436,0.0,0.0000000000008691,0.0000000000000000,0.0056019405647751,-0.0108509590328357,23.3511171494392222,3.0035539065192962,9.676290,0.891412,-10.5677020400661,10.6255636419237,0,1.0e-11
1.0173645845590724,0.0,-0.0000000000010123,0.0000000000000000,0.0056065807537513,-0.0108788589589974,23.3531171494392211,3.0035534267336752,9.726765,0.948304,-10.6750687845018,11.2239282721482,0,1.2e-11
1.0173618200093566,0.0,-0.0000000000001446,0.0000000000000000,0.0056112212091470,-0.0109066909237433,23.3551171494392200,3.0035529471080258,9.777379,1.005858,-10.7832370944843,11.8346579001110,0,4.1e-11
1.0173590540860529,0.0,0.0000000000003329,0.0000000000000000,0.0056158619225150,-0.0109344554448685,23.3571171494392225,3.0035524676424066,9.828132,1.064078,-10.8922098258609,12.4578950666364,0,7.7e-12
1.0173562867968997,0.0,0.0000000000006720,0.0000000000000000,0.0056205028798269,-0.0109621530383902,23.3591171494392214,3.0035519883367439,9.879025,1.122965,-11.0019901766253,13.0937997270274,0,7.7e-11
1.0173535181464743,0.0,-0.0000000000146332,0.0000000000000000,0.0056251440741340,-0.0109897842087744,23.3611171494392202,3.0035515091912020,9.930060,1.182522,-11.1125816278926,13.7425130574508,0,2.2e-11
1.0173507481458974,0.0,-0.0000000000015857,0.0000000000000000,0.0056297854869581,-0.0110173494634906,23.3631171494392227,3.0035510302054433,9.981235,1.242752,-11.2239864516088,14.4041983744084,0,4.5e-11
1.0173479767984985,0.0,-0.0000000000003766,0.0000000000000000,0.0056344271125416,-0.0110448492917092,23.3651171494392216,3.0035505513797589,10.032552,1.303657,-11.3362083353060,15.0790020793579,0,1.8e-11
1.0173452041125783,0.0,-0.0000000000003595,0.0000000000000000,0.0056390689376550,-0.0110722841842468,23.3671171494392205,3.0035500727140287,10.084011,1.365239,-11.4492500424516,15.7670860506399,0,7.1e-12
1.0173424300944773,0.0,0.0000000000005771,0.0000000000000000,0.0056437109508939,-0.0110996546248780,23.3691171494392194,3.0035495942082648,10.135614,1.427501,-11.5631151315559,16.4686032906423,0,6.5e-11
1.0173396547521016,0.0,0.0000000000005004,0.0000000000000000,0.0056483531418411,-0.0111269610887468,23.3711171494392218,3.0035491158624223,10.187359,1.490446,-11.6778054524649,17.1837114806686,0,3.0e-12
1.0173368780910736,0.0,0.0000000000004451,0.0000000000000000,0.0056529954991542,-0.0111542040494525,23.3731171494392207,3.0035486376765226,10.239249,1.554076,-11.7933249804939,17.9125693921982,0,2.2e-11
1.0173341001183207,0.0,-0.0000000000003778,0.0000000000000000,0.0056576380122495,-0.0111813839729296,23.3751171494392196,3.0035481596505362,10.291284,1.618392,-11.9096763732835,18.6553337664512,0,3.0e-12
1.0173313208410970,0.0,0.0000000000027020,0.0000000000000000,0.0056622806690223,-0.0112085013184655,23.3771171494392220,3.0035476817844513,10.343465,1.683398,-12.0268627267734,19.4121694461567,0,2.6e-11
1.0173285402653629,0.0,-0.0000000000005753,0.0000000000000000,0.0056669234606576,-0.0112355565415531,23.3791171494392209,3.0035472040782656,10.395792,1.749095,-12.1448868329656,20.1832303472221,0,5.1e-11
1.0173257583975956,0.0,-0.0000000000065098,0.0000000000000000,0.0056715663762891,-0.0112625500923819,23.3811171494392198,3.0035467265319604,10.448265,1.815487,-12.2637518202360,20.9686852730954,0,1.0e-10
1.0173229752476580,0.0,0.0000000000001231,0.0000000000000000,0.0056762093989079,-0.0112894824128100,23.3831171494392187,3.0035462491454346,10.500885,1.882575,-12.3834602879512,21.7687051418052,0,1.3e-11
1.0173201908178398,0.0,-0.0000000000009431,0.0000000000000000,0.0056808525263337,-0.0113163539448053,23.3851171494392212,3.0035457719187919,10.553654,1.950361,-12.5040152143067,22.5834379972775,0,4.0e-11
1.0173174051184477,0.0,0.0000000000042147,0.0000000000000000,0.0056854957414519,-0.0113431651220451,23.3871171494392200,3.0035452948518495,10.606570,2.018849,-12.6254194533828,23.4130672804815,0,1.3e-10
1.0173146181516877,0.0,-0.0000000000027784,0.0000000000000000,0.0056901390409619,-0.0113699163709646,23.3891171494392189,3.0035448179448503,10.659638,2.088039,-12.7476764484223,24.2577378167611,0,1.7e-11
1.0173118299280852,0.0,-0.0000000000005940,0.0000000000000000,0.0056947824072557,-0.0113966081180503,23.3911171494392214,3.0035443411975349,10.712854,2.157935,-12.8707886128493,25.1176388865276,0,1.4e-11
1.0173090404527332,0.0,-0.0000000000000187,0.0000000000000000,0.0056994258330937,-0.0114232407818370,23.3931171494392203,3.0035438646099530,10.766221,2.228537,-12.9947584587551,25.9929265940058,0,4.9e-12
1.0173062497319687,0.0,-0.0000000000006710,0.0000000000000000,0.0057040693080534,-0.0114498147767716,23.3951171494392192,3.0035433881820905,10.819739,2.299850,-13.1195893694258,26.8837780416404,0,2.1e-11
1.0173034577726023,0.0,0.0000000000008153,0.0000000000000000,0.0057087128211172,-0.0114763305130904,23.3971171494392181,3.0035429119138963,10.873410,2.371874,-13.2452838079540,27.7903590080885,0,6.2e-12
1.0173006645808405,0.0,0.0000000000008295,0.0000000000000000,0.0057133563628616,-0.0115027883951018,23.3991171494392205,3.0035424358053686,10.927233,2.444612,-13.3718447431506,28.7128415996611,0,7.9e-11
1.0172978701643316,0.0,0.0000000000013479,0.0000000000000000,0.0057179999205813,-0.0115291888242582,23.4011171494392194,3.0035419598564062,10.981208,2.518066,-13.4992746293321,29.6514119849789,0,6.5e-11
1.0172950745276281,0.0,0.0000000000004417,0.0000000000000000,0.0057226434876651,-0.0115555321949049,23.4031171494392183,3.0035414840671013,11.035339,2.592238,-13.6275768438027,30.6062259591151,0,1.8e-11
1.0172922776777646,0.0,0.0000000000008599,0.0000000000000000,0.0057272870527753,-0.0115818189007042,23.4051171494392207,3.0035410084373493,11.089624,2.667130,-13.7567535343688,31.5774655890489,0,4.6e-11
1.0172894796218672,0.0,-0.0000000000003891,0.0000000000000000,0.0057319306045002,-0.0116080493281671,23.4071171494392196,3.0035405329671017,11.144063,2.742744,-13.8868075519498,32.5653166060185,0,1.5e-11
1.0172866803654637,0.0,0.0000000000005567,0.0000000000000000,0.0057365741344296,-0.0116342238602795,23.4091171494392185,3.0035400576563629,11.198659,2.819082,-14.0177417847125,33.5699433265783,0,2.1e-11
1.0172838799153785,0.0,0.0000000000019800,0.0000000000000000,0.0057412176315138,-0.0116603428762422,23.4111171494392210,3.0035395825050708,11.253412,2.896147,-14.1495588760613,34.5915326540581,0,3.8e-11
