x0,y0,z0,xd0,yd0,zd0,Tp,JC,stabilityIndex1,stabilityIndex2,alpha,beta,impactFlag,error
1.0176740924946561,0.0,0.0000002731126500,-0.0000000001266948,0.0134832039514094,0.0000169738522173,11.7544534304727168,3.0035025924757259,1316313.692729,2.000052,-1316315.6927803133149,2632697.1838378906250,1,1.8e-07
1.0176740922121021,0.0,-0.0000001633751612,0.0000000000874025,0.0134832043363228,0.0000195814058844,11.7544535304727180,3.0035025923864063,1316310.802089,2.000009,-1316312.8020984244067,2632635.2056884765625,1,3.4e-08
1.0176740919269067,0.0,-0.0000001515135352,0.0000000000906123,0.0134832047227688,0.0000218946010843,11.7544536304727174,3.0035025922963308,1316305.648158,1.999938,-1316307.6480960627086,2632531.7410888671875,1,2.3e-07
1.0176740916414933,0.0,-0.0000000824995307,0.0000000000536607,0.0134832051136324,0.0000239830563302,11.7544537304727168,3.0035025922063454,1316333.285021,2.000319,-1316335.2853400765453,2633089.6343994140625,1,1.1e-06
1.0176740913589282,0.0,0.0000000031347121,-0.0000000000021845,0.0134832054931042,0.0000258954543773,11.7544538304727180,3.0035025921168796,1316310.038227,1.999994,-1316312.0382211878896,2632614.5379638671875,1,2.3e-08
1.0176740910748143,0.0,-0.0000000086047101,0.0000000000065840,0.0134832058777634,0.0000276801979048,11.7544539304727174,3.0035025920270928,1316298.465937,1.999831,-1316300.4657676704228,2632375.3210449218750,1,6.0e-07
1.0176740907907520,0.0,0.0000000359111805,-0.0000000000286894,0.0134832062650565,0.0000293522621755,11.7544540304727168,3.0035025919374827,1316301.980499,1.999877,-1316303.9803754228633,2632443.2435302734375,1,4.3e-07
1.0176740905065262,0.0,0.0000000026521913,-0.0000000000023346,0.0134832066500127,0.0000309385319843,11.7544541304727179,3.0035025918476830,1316303.138661,1.999890,-1316305.1385508035310,2632462.8074951171875,1,3.8e-07
1.0176740902220689,0.0,-0.0000000041738381,0.0000000000036327,0.0134832070368864,0.0000324463202779,11.7544542304727173,3.0035025917579046,1316309.345439,1.999975,-1316311.3454132333864,2632586.3526611328125,1,8.4e-08
1.0176740899379102,0.0,-0.0000000050073104,0.0000000000045232,0.0134832074228635,0.0000338861804369,11.7544543304727167,3.0035025916681946,1316315.241633,2.000056,-1316317.2416890077293,2632706.2735595703125,1,2.0e-07
1.0176740896536658,0.0,-0.0000000021808146,0.0000000000021406,0.0134832078079296,0.0000352689040873,11.7544544304727179,3.0035025915784015,1316314.267367,2.000040,-1316316.2674078450073,2632683.5506591796875,1,1.4e-07
1.0176740893696783,0.0,0.0000000083085448,-0.0000000000082486,0.0134832081941701,0.0000365967531924,11.7544545304727173,3.0035025914887572,1316313.820763,2.000034,-1316315.8207966377959,2632674.8776855468750,1,1.2e-07
1.0176740890857152,0.0,-0.0000000036101365,0.0000000000041336,0.0134832085785928,0.0000378797878539,11.7544546304727167,3.0035025913990321,1316306.079395,1.999924,-1316308.0793190083932,2632513.6634521484375,1,2.7e-07
1.0176740888014155,0.0,-0.0000000000319622,0.0000000000001077,0.0134832089647307,0.0000391210309884,11.7544547304727178,3.0035025913092586,1316307.121609,1.999935,-1316309.1215435042977,2632529.8704833984375,1,2.3e-07
1.0176740885167923,0.0,-0.0000000067230611,0.0000000000072933,0.0134832093524024,0.0000403241136770,11.7544548304727172,3.0035025912194593,1316318.711057,2.000095,-1316320.7111522031482,2632764.0131835937500,1,3.4e-07
1.0176740882336521,0.0,-0.0000000035361665,0.0000000000035365,0.0134832097335723,0.0000414914676239,11.7544549304727166,3.0035025911298225,1316304.405625,1.999893,-1316306.4055180163123,2632468.5576171875000,1,3.7e-07
1.0176740879489314,0.0,0.0000000052230660,-0.0000000000061922,0.0134832101218764,0.0000426273140402,11.7544550304727178,3.0035025910400455,1316315.513708,2.000047,-1316317.5137551520020,2632695.6209716796875,1,1.7e-07
1.0176740876644139,0.0,0.0000000027066334,-0.0000000000032347,0.0134832105092418,0.0000437335669161,11.7544551304727172,3.0035025909502910,1316321.547414,2.000129,-1316323.5475431683008,2632814.7827148437500,1,4.6e-07
1.0176740873807097,0.0,0.0000000002738761,-0.0000000000003263,0.0134832108924557,0.0000448127255224,11.7544552304727166,3.0035025908605841,1316311.749679,1.999992,-1316313.7496701569762,2632614.7821044921875,1,3.3e-08
1.0176740870963197,0.0,0.0000000016649286,-0.0000000000022899,0.0134832112794381,0.0000458662325806,11.7544553304727177,3.0035025907708386,1316316.771769,2.000058,-1316318.7718270106707,2632712.5954589843750,1,2.1e-07
1.0176740868123160,0.0,0.0000000064732290,-0.0000000000083025,0.0134832116642839,0.0000468962435711,11.7544554304727171,3.0035025906811130,1316311.637513,1.999985,-1316313.6374985992443,2632606.1520996093750,1,5.2e-08
1.0176740865282323,0.0,-0.0000000031013185,0.0000000000039269,0.0134832120497218,0.0000479039316050,11.7544555304727165,3.0035025905913941,1316320.794697,2.000110,-1316322.7948072357103,2632788.4261474609375,1,3.9e-07
1.0176740862440119,0.0,0.0000000000177647,-0.0000000000000766,0.0134832124355418,0.0000488911110729,11.7544556304727177,3.0035025905016473,1316310.463509,1.999966,-1316312.4634746720549,2632578.1787109375000,1,1.2e-07
1.0176740859603379,0.0,-0.0000000018856627,0.0000000000024512,0.0134832128193139,0.0000498583414106,11.7544557304727171,3.0035025904119652,1316295.416714,1.999753,-1316297.4164670698810,2632267.6530761718750,1,8.7e-07
1.0176740856755837,0.0,0.0000000073628753,-0.0000000000101875,0.0134832132074127,0.0000508077880515,11.7544558304727165,3.0035025903221646,1316311.970448,1.999982,-1316313.9704305101186,2632602.7888183593750,1,6.2e-08
1.0176740853913420,0.0,-0.0000000039202306,0.0000000000053740,0.0134832135931328,0.0000517398293850,11.7544559304727176,3.0035025902323969,1316317.772864,2.000062,-1316319.7729267557152,2632720.4407958984375,1,2.2e-07
1.0176740851072319,0.0,-0.0000000002297021,0.0000000000003759,0.0134832139786823,0.0000526547594237,11.7544560304727170,3.0035025901426917,1316318.246655,2.000066,-1316320.2467203366105,2632725.2662353515625,1,2.3e-07
1.0176740848233312,0.0,-0.0000000000815138,0.0000000000002501,0.0134832143632024,0.0000535542166629,11.7544561304727164,3.0035025900529857,1316300.442513,1.999816,-1316302.4423290712293,2632361.5577392578125,1,6.5e-07
1.0176740845389796,0.0,-0.0000000013685284,0.0000000000018956,0.0134832147501571,0.0000544388343193,11.7544562304727176,3.0035025899632370,1316312.936623,1.999987,-1316314.9366095343139,2632609.9964599609375,1,4.3e-08
1.0176740842548759,0.0,0.0000000003185286,-0.0000000000005759,0.0134832151354669,0.0000553094258269,11.7544563304727170,3.0035025898735057,1316316.594691,2.000037,-1316318.5947277303785,2632683.3631591796875,1,1.3e-07
1.0176740839708640,0.0,-0.0000000003643284,0.0000000000006639,0.0134832155202375,0.0000561665908833,11.7544564304727164,3.0035025897837762,1316306.994361,1.999902,-1316308.9942624829710,2632487.1666259765625,1,3.5e-07
1.0176740836867857,0.0,-0.0000000006542430,0.0000000000010152,0.0134832159055652,0.0000570107204523,11.7544565304727175,3.0035025896940515,1316313.544081,1.999992,-1316315.5440737975296,2632619.8658447265625,1,3.3e-08
1.0176740834019256,0.0,-0.0000000000064247,-0.0000000000004213,0.0134832162947731,0.0000578427795843,11.7544566304727169,3.0035025896042398,1316332.323919,2.000250,-1316334.3241690341383,2632994.7841796875000,1,8.8e-07
1.0176740831179960,0.0,0.0000000020276857,-0.0000000000028669,0.0134832166782606,0.0000586628722580,11.7544567304727163,3.0035025895145475,1316312.261226,1.999968,-1316314.2611946482211,2632584.3201904296875,1,1.1e-07
1.0176740828341437,0.0,0.0000000021894001,-0.0000000000034135,0.0134832170634024,0.0000594714241077,11.7544568304727175,3.0035025894248344,1316311.678098,1.999959,-1316313.6780574724544,2632571.1927490234375,1,1.4e-07
1.0176740825500841,0.0,-0.0000000032607757,0.0000000000055201,0.0134832174483150,0.0000602694655383,11.7544569304727169,3.0035025893350991,1316307.878362,1.999906,-1316309.8782684684265,2632495.2474365234375,1,3.4e-07
1.0176740822655126,0.0,-0.0000000021981122,0.0000000000036147,0.0134832178360734,0.0000610569887195,11.7544570304727181,3.0035025892453269,1316315.757484,2.000012,-1316317.7574965357780,2632650.1015625000000,1,4.2e-08
1.0176740819818493,0.0,-0.0000000004648961,0.0000000000008537,0.0134832182193253,0.0000618343191825,11.7544571304727175,3.0035025891556444,1316304.572386,1.999854,-1316306.5722398625221,2632418.4174804687500,1,5.2e-07
1.0176740816972778,0.0,0.0000000004613486,-0.0000000000007772,0.0134832186071732,0.0000626021818115,11.7544572304727168,3.0035025890658673,1316319.476360,2.000059,-1316321.4764186062384,2632717.9256591796875,1,2.1e-07
1.0176740814132135,0.0,0.0000000000575871,-0.0000000000000445,0.0134832189920451,0.0000633607481947,11.7544573304727180,3.0035025889761395,1316309.921736,1.999925,-1316311.9216614568140,2632523.9124755859375,1,2.7e-07
1.0176740811293024,0.0,-0.0000000003345862,0.0000000000006056,0.0134832193767151,0.0000641101518324,11.7544574304727174,3.0035025888864335,1316308.999542,1.999910,-1316310.9994518621825,2632500.9713134765625,1,3.2e-07
1.0176740808451898,0.0,0.0000000001944512,-0.0000000000004800,0.0134832197619921,0.0000648511123702,11.7544575304727168,3.0035025887966937,1316308.294092,1.999900,-1316310.2939921789803,2632486.8956298828125,1,3.6e-07
1.0176740805608071,0.0,-0.0000000015400213,0.0000000000027783,0.0134832201488013,0.0000655836048138,11.7544576304727180,3.0035025887069415,1316312.783426,1.999960,-1316314.7833861543331,2632575.7209472656250,1,1.4e-07
1.0176740802765532,0.0,0.0000000002807026,-0.0000000000004973,0.0134832205350467,0.0000663080058373,11.7544577304727174,3.0035025886171964,1316316.748950,2.000013,-1316318.7489623441361,2632652.6734619140625,1,4.3e-08
1.0176740799925446,0.0,0.0000000002630944,0.0000000000001684,0.0134832209192279,0.0000670245498208,11.7544578304727168,3.0035025885274975,1316303.388088,1.999824,-1316305.3879116685130,2632376.5872802734375,1,6.2e-07
1.0176740797084449,0.0,0.0000000002846913,-0.0000000000003870,0.0134832213053679,0.0000677335105803,11.7544579304727179,3.0035025884377511,1316307.113716,1.999875,-1316309.1135908858851,2632451.3397216796875,1,4.4e-07
1.0176740794239842,0.0,0.0000000003288431,-0.0000000000005463,0.0134832216923237,0.0000684352565031,11.7544580304727173,3.0035025883479860,1316313.898412,1.999967,-1316315.8983790834900,2632587.6212158203125,1,1.2e-07
1.0176740791400338,0.0,-0.0000000000258644,0.0000000000002471,0.0134832220770440,0.0000691297611004,11.7544581304727167,3.0035025882582680,1316308.898174,1.999895,-1316310.8980697211809,2632482.4736328125000,1,3.7e-07
1.0176740788558225,0.0,-0.0000000000911126,0.0000000000003551,0.0134832224628732,0.0000698174282520,11.7544582304727179,3.0035025881685247,1316315.382197,1.999985,-1316317.3821825161576,2632613.8872070312500,1,5.7e-08
1.0176740785717588,0.0,-0.0000000001146377,0.0000000000001091,0.0134832228481319,0.0000704982947608,11.7544583304727173,3.0035025880788022,1316314.046358,1.999964,-1316316.0463221217506,2632583.6267089843750,1,1.3e-07
1.0176740782874809,0.0,0.0000000006383418,-0.0000000000010731,0.0134832232343361,0.0000711727143071,11.7544584304727167,3.0035025879890567,1316317.098198,2.000004,-1316319.0982016173657,2632641.3955078125000,1,1.5e-08
1.0176740780033646,0.0,-0.0000000001993601,0.0000000000005066,0.0134832236199688,0.0000718407299699,11.7544585304727178,3.0035025878993280,1316317.002697,2.000002,-1316319.0026989146136,2632639.3974609375000,1,3.4e-09
1.0176740777193571,0.0,-0.0000000000040789,-0.0000000000000291,0.0134832240046291,0.0000725026895375,11.7544586304727172,3.0035025878096051,1316316.386694,1.999989,-1316318.3866834104992,2632620.7484130859375,1,3.4e-08
1.0176740774356501,0.0,-0.0000000006624177,0.0000000000013239,0.0134832243881637,0.0000731585181048,11.7544587304727166,3.0035025877199160,1316299.000312,1.999747,-1316301.0000595687889,2632267.4462890625000,1,9.0e-07
1.0176740771511945,0.0,0.0000000000078826,0.0000000000001473,0.0134832247754120,0.0000738086340674,11.7544588304727178,3.0035025876301531,1316303.806327,1.999811,-1316305.8061375943944,2632360.5609130859375,1,6.7e-07
1.0176740768666386,0.0,0.0000000001829379,-0.0000000000001928,0.0134832251628732,0.0000744531739499,11.7544589304727172,3.0035025875403742,1316314.022142,1.999951,-1316316.0220927214250,2632565.4763183593750,1,1.7e-07
1.0176740765826524,0.0,0.0000000003016068,-0.0000000000004546,0.0134832255476507,0.0000750920596935,11.7544590304727166,3.0035025874506540,1316310.704060,1.999902,-1316312.7039616575930,2632493.9295654296875,1,3.4e-07
1.0176740762982224,0.0,0.0000000000571569,-0.0000000000000405,0.0134832259347488,0.0000757255675881,11.7544591304727177,3.0035025873608947,1316323.203350,2.000077,-1316325.2034263794776,2632749.7354736328125,1,2.7e-07
1.0176740760142915,0.0,-0.0000000000074779,0.0000000000001148,0.0134832263191389,0.0000763538033858,11.7544592304727171,3.0035025872711825,1316317.154117,1.999987,-1316319.1541042432655,2632618.5839843750000,1,3.8e-08
1.0176740757305074,0.0,-0.0000000025114438,0.0000000000035024,0.0134832267047856,0.0000769772012065,11.7544593304727165,3.0035025871813836,1316320.323244,2.000032,-1316322.3232768436428,2632685.6156005859375,1,1.1e-07
1.0176740754459799,0.0,-0.0000000003910070,0.0000000000007779,0.0134832270904149,0.0000775950524481,11.7544594304727177,3.0035025870917109,1316317.215940,1.999987,-1316319.2159265894443,2632619.4937744140625,1,4.8e-08
1.0176740751618063,0.0,-0.0000000001353032,0.0000000000003714,0.0134832274759601,0.0000782082749593,11.7544595304727171,3.0035025870019809,1316321.123659,2.000039,-1316323.1236979400273,2632695.8389892578125,1,1.4e-07
1.0176740748778237,0.0,-0.0000000000836879,0.0000000000001222,0.0134832278611006,0.0000788166523196,11.7544596304727165,3.0035025869122629,1316317.784109,1.999991,-1316319.7841006829403,2632626.2832031250000,1,3.4e-08
1.0176740745934576,0.0,0.0000000000084806,-0.0000000000000248,0.0134832282478351,0.0000794204961711,11.7544597304727176,3.0035025868225027,1316319.135737,2.000007,-1316321.1357437910046,2632649.7258300781250,1,2.6e-08
1.0176740743092316,0.0,0.0000000002900360,-0.0000000000005618,0.0134832286336283,0.0000800197422687,11.7544598304727170,3.0035025867327669,1316322.808181,2.000057,-1316324.8082377130631,2632721.7296142578125,1,2.0e-07
1.0176740740251315,0.0,-0.0000000000858289,0.0000000000003774,0.0134832290189878,0.0000806145276155,11.7544599304727164,3.0035025866430374,1316312.461248,1.999910,-1316314.4611577664036,2632507.7993164062500,1,3.2e-07
1.0176740737409640,0.0,0.0000000000222606,-0.0000000000001783,0.0134832294047216,0.0000812049945623,11.7544600304727176,3.0035025865532954,1316329.479348,2.000145,-1316331.4794929404743,2632852.1580810546875,1,5.1e-07
1.0176740734566045,0.0,0.0000000000358099,-0.0000000000003142,0.0134832297912715,0.0000817912676258,11.7544601304727170,3.0035025864635303,1316324.671108,2.000078,-1316326.6711862045340,2632754.5761718750000,1,2.7e-07
1.0176740731729179,0.0,0.0000000000114507,-0.0000000000000407,0.0134832301751546,0.0000823730355533,11.7544602304727164,3.0035025863738540,1316309.761009,1.999868,-1316311.7608772595413,2632447.4143066406250,1,4.7e-07
1.0176740728885330,0.0,0.0000000010263046,-0.0000000000023602,0.0134832305617836,0.0000829509661146,11.7544603304727175,3.0035025862841032,1316317.710600,1.999975,-1316319.7105750171468,2632604.3704833984375,1,8.4e-08
1.0176740726043829,0.0,0.0000000000641059,-0.0000000000002516,0.0134832309473322,0.0000835249356730,11.7544604304727169,3.0035025861943616,1316313.154444,1.999911,-1316315.1543549806811,2632511.0970458984375,1,3.2e-07
1.0176740723203341,0.0,0.0000000000439625,-0.0000000000000548,0.0134832313322615,0.0000840949513453,11.7544605304727163,3.0035025861046374,1316317.215919,1.999966,-1316319.2158849993721,2632590.9555664062500,1,1.2e-07
1.0176740720360404,0.0,-0.0000000000253085,0.0000000000000568,0.0134832317184776,0.0000846611522764,11.7544606304727175,3.0035025860148878,1316318.780958,1.999984,-1316320.7809422602877,2632618.4510498046875,1,5.1e-08
1.0176740717519064,0.0,0.0000000000541241,-0.0000000000000132,0.0134832321041758,0.0000852235164097,11.7544607304727169,3.0035025859251570,1316314.915236,1.999930,-1316316.9151656867471,2632538.6623535156250,1,2.5e-07
1.0176740714677130,0.0,-0.0000000000275920,0.0000000000003077,0.0134832324900211,0.0000857822385510,11.7544608304727181,3.0035025858354176,1316316.924205,1.999954,-1316318.9241589650046,2632574.0408935546875,1,1.6e-07
1.0176740711835932,0.0,-0.0000000001708539,0.0000000000005570,0.0134832328754829,0.0000863373220984,11.7544609304727175,3.0035025857456881,1316313.517039,1.999907,-1316315.5169461357873,2632507.4589843750000,1,3.3e-07
1.0176740708992749,0.0,-0.0000000001083207,0.0000000000005657,0.0134832332621799,0.0000868888759781,11.7544610304727168,3.0035025856559336,1316313.178862,1.999901,-1316315.1787630829494,2632498.4050292968750,1,3.5e-07
1.0176740706151479,0.0,0.0000000002225741,-0.0000000000008588,0.0134832336483446,0.0000874369158878,11.7544611304727180,3.0035025855661890,1316323.094410,2.000036,-1316325.0944453484844,2632695.0473632812500,1,1.3e-07
1.0176740703311455,0.0,0.0000000000944295,0.0000000000000109,0.0134832340320196,0.0000879816287872,11.7544612304727174,3.0035025854764892,1316310.778941,1.999862,-1316312.7788030765951,2632441.9482421875000,1,4.9e-07
1.0176740700476863,0.0,-0.0000000002308591,0.0000000000015250,0.0134832344137141,0.0000885226443866,11.7544613304727168,3.0035025853868729,1316291.754221,1.999596,-1316293.7538169722538,2632053.1105957031250,1,1.4e-06
1.0176740697629576,0.0,-0.0000000003245763,0.0000000000011030,0.0134832348026962,0.0000890609072080,11.7544614304727180,3.0035025852970376,1316314.921980,1.999917,-1316316.9218970707152,2632522.3941650390625,1,3.0e-07
1.0176740694787436,0.0,-0.0000000000790359,0.0000000000003270,0.0134832351888437,0.0000895957226171,11.7544615304727174,3.0035025852072872,1316314.383697,1.999907,-1316316.3836034503765,2632507.8746337890625,1,3.3e-07
1.0176740691942812,0.0,0.0000000005176706,-0.0000000000015769,0.0134832355762180,0.0000901273645061,11.7544616304727167,3.0035025851175181,1316328.504196,2.000103,-1316330.5042987572961,2632794.6555175781250,1,3.6e-07
1.0176740689104358,0.0,0.0000000000054722,0.0000000000001128,0.0134832359602622,0.0000906558091151,11.7544617304727179,3.0035025850278183,1316313.066081,1.999883,-1316315.0659644061234,2632473.5159912109375,1,4.1e-07
1.0176740686259835,0.0,-0.0000000000474617,-0.0000000000000642,0.0134832363473004,0.0000911813119245,11.7544618304727173,3.0035025849380501,1316328.125353,2.000092,-1316330.1254447533283,2632779.3562011718750,1,3.3e-07
1.0176740683421635,0.0,-0.0000000001746390,0.0000000000005083,0.0134832367313002,0.0000917036726429,11.7544619304727167,3.0035025848483516,1316314.929033,1.999907,-1316316.9289393979125,2632509.2930908203125,1,3.3e-07
1.0176740680579190,0.0,-0.0000000001307585,0.0000000000004068,0.0134832371173154,0.0000922231564789,11.7544620304727179,3.0035025847586079,1316315.468594,1.999911,-1316317.4685049906839,2632515.8760986328125,1,3.1e-07
1.0176740677734804,0.0,-0.0000000000173718,-0.0000000000000226,0.0134832375042857,0.0000927397686777,11.7544621304727173,3.0035025846688428,1316323.859775,2.000027,-1316325.8598023408558,2632685.3925781250000,1,9.6e-08
1.0176740674890099,0.0,0.0000000003788907,-0.0000000000011491,0.0134832378918420,0.0000932534913205,11.7544622304727167,3.0035025845790688,1316333.353556,2.000158,-1316335.3537139541004,2632877.2099609375000,1,5.6e-07
1.0176740672053304,0.0,0.0000000000745002,-0.0000000000001172,0.0134832382748932,0.0000937642927208,11.7544623304727178,3.0035025844893912,1316323.194239,2.000013,-1316325.1942513638642,2632663.8406982421875,1,5.1e-08
1.0176740669212032,0.0,0.0000000008699717,-0.0000000000024797,0.0134832386598680,0.0000942725320276,11.7544624304727172,3.0035025843996483,1316325.600882,2.000046,-1316327.6009277964476,2632714.3089599609375,1,1.6e-07
1.0176740663528701,0.0,0.0000000012126558,-0.0000000000031143,0.0134832394319119,0.0000952804830319,11.7544626304727160,3.0035025842201857,1316318.219612,1.999939,-1316320.2195508715231,2632558.0126953125000,1,2.1e-07
1.0176740657846075,0.0,-0.0000000000306670,0.0000000000000653,0.0134832402028609,0.0000962780098608,11.7544628304727166,3.0035025840407248,1316323.203193,2.000005,-1316325.2031979511958,2632654.4267578125000,1,1.7e-08
1.0176740652163474,0.0,0.0000000020492103,-0.0000000000055364,0.0134832409728378,0.0000972654984848,11.7544630304727171,3.0035025838612519,1316324.779055,2.000023,-1316326.7790780477226,2632681.7380371093750,1,8.1e-08
1.0176740646479188,0.0,0.0000000009446641,-0.0000000000026438,0.0134832417455947,0.0000982427668408,11.7544632304727159,3.0035025836817719,1316330.396098,2.000097,-1316332.3961952440441,2632790.3518066406250,1,3.4e-07
1.0176740640795003,0.0,0.0000000003574049,-0.0000000000009738,0.0134832425176985,0.0000992105137033,11.7544634304727165,3.0035025835022888,1316322.467508,1.999983,-1316324.4674909526948,2632624.3743896484375,1,5.9e-08
1.0176740635113795,0.0,-0.0000000000388146,0.0000000000003271,0.0134832432880922,0.0001001688019484,11.7544636304727170,3.0035025833228555,1316317.092053,1.999905,-1316319.0919580869377,2632511.7841796875000,1,3.4e-07
1.0176740629430898,0.0,0.0000000000628746,-0.0000000000002439,0.0134832440589863,0.0001011181958835,11.7544638304727158,3.0035025831433813,1316321.964485,1.999968,-1316323.9644532469101,2632604.3178710937500,1,1.1e-07
1.0176740623747020,0.0,0.0000000000330283,-0.0000000000000857,0.0134832448307690,0.0001020586785092,11.7544640304727164,3.0035025829639048,1316320.135845,1.999940,-1316322.1357851382345,2632563.0230712890625,1,2.2e-07
1.0176740618063749,0.0,0.0000000000064033,-0.0000000000000925,0.0134832456023101,0.0001029905681284,11.7544642304727169,3.0035025827844324,1316324.179042,1.999991,-1316326.1790326810442,2632638.5799560546875,1,2.9e-08
1.0176740612379547,0.0,-0.0000000000914100,0.0000000000004846,0.0134832463739837,0.0001039141741526,11.7544644304727157,3.0035025826049471,1316324.446658,1.999991,-1316326.4466491367202,2632639.0646972656250,1,3.0e-08
1.0176740606698176,0.0,0.0000000059565287,-0.0000000000172960,0.0134832471443766,0.0001048296891599,11.7544646304727163,3.0035025824254702,1316320.785091,1.999936,-1316322.7850265277084,2632559.4071044921875,1,2.2e-07
1.0176740601013148,0.0,0.0000000003648247,-0.0000000000012510,0.0134832479168114,0.0001057370008617,11.7544648304727168,3.0035025822460177,1316328.679298,2.000043,-1316330.6793411467224,2632715.4155273437500,1,1.5e-07
1.0176740595331968,0.0,0.0000000005435943,-0.0000000000016466,0.0134832486869615,0.0001066367653783,11.7544650304727156,3.0035025820665679,1316322.992967,1.999961,-1316324.9929271840956,2632595.8153076171875,1,1.4e-07
1.0176740589645663,0.0,-0.0000000000039784,0.0000000000000039,0.0134832494598800,0.0001075290544647,11.7544652304727162,3.0035025818870613,1316335.455057,2.000129,-1316337.4551860569045,2632842.4593505859375,1,4.6e-07
1.0176740583965680,0.0,-0.0000000000073562,0.0000000000001049,0.0134832502298425,0.0001084138630210,11.7544654304727167,3.0035025817076280,1316326.522870,2.000000,-1316328.5228698190767,2632654.6668701171875,1,3.5e-09
1.0176740578282029,0.0,-0.0000000002334949,0.0000000000006010,0.0134832510010829,0.0001092916400287,11.7544656304727155,3.0035025815281524,1316325.395134,1.999982,-1316327.3951155261602,2632628.5340576171875,1,6.5e-08
1.0176740572600593,0.0,-0.0000000000356029,0.0000000000000572,0.0134832517714032,0.0001101622086325,11.7544658304727161,3.0035025813487364,1316324.858052,1.999970,-1316326.8580222753808,2632611.5955810546875,1,1.1e-07
1.0176740566916713,0.0,0.0000000001161474,-0.0000000000004082,0.0134832525432837,0.0001110262361809,11.7544660304727167,3.0035025811692293,1316325.365820,1.999975,-1316327.3657948514447,2632619.5614013671875,1,9.3e-08
1.0176740561233153,0.0,0.0000000000354973,-0.0000000000002479,0.0134832533149409,0.0001118834945254,11.7544662304727172,3.0035025809897480,1316327.082035,1.999995,-1316329.0820295927115,2632648.8494873046875,1,2.1e-08
1.0176740555548518,0.0,-0.0000000000035095,-0.0000000000000839,0.0134832540870448,0.0001127342893648,11.7544664304727160,3.0035025808102476,1316330.731776,2.000040,-1316332.7318162750453,2632716.4572753906250,1,1.4e-07
1.0176740549865568,0.0,0.0000000002781524,-0.0000000000010171,0.0134832548578949,0.0001135786187040,11.7544666304727166,3.0035025806307929,1316334.142062,2.000086,-1316336.1421478169505,2632783.2441406250000,1,3.0e-07
1.0176740544182652,0.0,0.0000000005985836,-0.0000000000020040,0.0134832556293461,0.0001144166451033,11.7544668304727171,3.0035025804513382,1316327.251586,1.999987,-1316329.2515731148887,2632640.0944824218750,1,5.3e-08
1.0176740538499418,0.0,-0.0000000000097037,0.0000000000001315,0.0134832564006210,0.0001152487245901,11.7544670304727159,3.0035025802718569,1316328.781325,2.000002,-1316330.7813270085026,2632663.1302490234375,1,8.0e-09
1.0176740532816153,0.0,-0.0000000002212971,0.0000000000006465,0.0134832571719300,0.0001160748045155,11.7544672304727165,3.0035025800923827,1316335.535794,2.000093,-1316337.5358864837326,2632795.3807373046875,1,3.3e-07
1.0176740527133776,0.0,-0.0000000000438816,0.0000000000000458,0.0134832579430795,0.0001168949676130,11.7544674304727170,3.0035025799129258,1316330.764242,2.000022,-1316332.7642640788108,2632693.6134033203125,1,7.7e-08
1.0176740521450407,0.0,0.0000000005486584,-0.0000000000018314,0.0134832587143409,0.0001177095048020,11.7544676304727158,3.0035025797334507,1316325.573703,1.999946,-1316327.5736490814015,2632581.8839111328125,1,1.9e-07
1.0176740515771341,0.0,-0.0000000007891271,0.0000000000025875,0.0134832594832231,0.0001185182985327,11.7544678304727164,3.0035025795540502,1316327.851740,1.999973,-1316329.8517125309445,2632621.5576171875000,1,9.1e-08
1.0176740510083966,0.0,0.0000000000214776,-0.0000000000001869,0.0134832602570044,0.0001193218318104,11.7544680304727169,3.0035025793745125,1316333.578453,2.000050,-1316335.5785025281366,2632734.8405761718750,1,1.7e-07
1.0176740504400199,0.0,-0.0000000000196800,-0.0000000000000552,0.0134832610288160,0.0001201198590626,11.7544682304727157,3.0035025791950378,1316333.432368,2.000044,-1316335.4324112071190,2632726.4245605468750,1,1.5e-07
1.0176740498717110,0.0,-0.0000000000593344,0.0000000000000352,0.0134832618000468,0.0001209126499598,11.7544684304727163,3.0035025790155681,1316337.114126,2.000091,-1316339.1142168310471,2632796.1068115234375,1,3.2e-07
1.0176737805660299,0.0,-0.0000000000268199,0.0000000000001259,0.0134836272973956,0.0003242992838422,11.7545632060679139,3.0035024939709700,1316462.959001,2.000030,-1316464.9590310438070,2632966.8818359375000,1,1.1e-07
1.0176736669091684,0.0,0.0000000000128338,-0.0000000000001800,0.0134837815496339,0.0003786633304927,11.7546032060679142,3.0035024580790961,1316517.556177,2.000027,-1316519.5562043266837,2633073.6701660156250,1,8.8e-08
1.0176735532543091,0.0,-0.0000000001033900,0.0000000000015037,0.0134839357990796,0.0004261471029914,11.7546432060679145,3.0035024221879021,1316558.648072,1.999832,-1316560.6479039161932,2632898.7224121093750,1,6.0e-07
1.0176734396015505,0.0,0.0000000000009692,-0.0000000000000294,0.0134840900448868,0.0004688457391200,11.7546832060679147,3.0035023862974120,1316622.232459,1.999950,-1316624.2324095298536,2633181.7086181640625,1,1.7e-07
1.0176733259509427,0.0,-0.0000000000134888,0.0000000000001802,0.0134842442870527,0.0005079673682924,11.7547232060679132,3.0035023504076128,1316676.038140,1.999933,-1316678.0380729087628,2633265.9908447265625,1,2.3e-07
1.0176732123023216,0.0,-0.0000000000308419,0.0000000000004933,0.0134843985263501,0.0005442838510185,11.7547632060679135,3.0035023145184985,1316728.520216,1.999899,-1316730.5201153936796,2633326.4254150390625,1,3.6e-07
1.0176730986558020,0.0,-0.0000000000472788,0.0000000000008567,0.0134845527619246,0.0005783238889240,11.7548032060679137,3.0035022786300805,1316786.559757,1.999940,-1316788.5596968827303,2633496.3005371093750,1,2.1e-07
1.0176729850111486,0.0,0.0000000000076956,-0.0000000000002115,0.0134847069952251,0.0006104684092133,11.7548432060679140,3.0035022427423312,1316848.948828,2.000044,-1316850.9488715783227,2633757.5014648437500,1,1.6e-07
1.0176728713687961,0.0,0.0000000000137361,-0.0000000000000075,0.0134848612243329,0.0006410026259911,11.7548832060679143,3.0035022068552975,1316893.984216,1.999903,-1316895.9841191333253,2633661.9748535156250,1,3.3e-07
1.0176727577285076,0.0,-0.0000000000034605,0.0000000000001379,0.0134850154499389,0.0006701467059020,11.7549232060679145,3.0035021709689502,1316958.648753,2.000037,-1316960.6487902253866,2633967.8887939453125,1,1.4e-07
1.0176726440897932,0.0,-0.0000000002286175,0.0000000000052731,0.0134851696730484,0.0006980748024354,11.7549632060679148,3.0035021350832620,1317006.714121,1.999940,-1317008.7140605943277,2633935.2845458984375,1,2.0e-07
1.0176725304538803,0.0,-0.0000000000453358,0.0000000000013304,0.0134853238923094,0.0007249273942669,11.7550032060679133,3.0035020991983048,1317065.061762,1.999986,-1317067.0617474825121,2634112.0756835937500,1,4.1e-08
1.0176724168199687,0.0,-0.0000000000028456,0.0000000000000502,0.0134854781070284,0.0007508199483459,11.7550432060679135,3.0035020633140488,1317121.808657,2.000010,-1317123.8086669265758,2634258.4798583984375,1,4.2e-08
1.0176723031880150,0.0,-0.0000000000197045,0.0000000000004226,0.0134856323191271,0.0007758485711920,11.7550832060679138,3.0035020274304718,1317173.455545,1.999961,-1317175.4555052774958,2634296.4193115234375,1,1.3e-07
1.0176721895581926,0.0,-0.0000000000341324,0.0000000000009534,0.0134857865278050,0.0008000943385557,11.7551232060679141,3.0035019915475938,1317215.075331,1.999775,-1317217.0751060792245,2634136.0706787109375,1,7.8e-07
1.0176720759301598,0.0,-0.0000000000311559,0.0000000000006681,0.0134859407338272,0.0008236264116500,11.7551632060679143,3.0035019556653770,1317282.634102,1.999947,-1317284.6340481615625,2634496.8031005859375,1,1.7e-07
1.0176719623042905,0.0,-0.0000000000177235,0.0000000000004486,0.0134860949365779,0.0008465042899208,11.7552032060679146,3.0035019197838566,1317338.688522,1.999960,-1317340.6884810230695,2634625.5872802734375,1,1.2e-07
1.0176718486803904,0.0,0.0000000000006787,0.0000000000000066,0.0134862491363697,0.0008687796673840,11.7552432060679131,3.0035018839030161,1317398.752895,2.000028,-1317400.7529229556676,2634835.3183593750000,1,1.2e-07
1.0176717350586866,0.0,-0.0000000000040949,0.0000000000001745,0.0134864033321052,0.0008904977510603,11.7552832060679133,3.0035018480228857,1317443.722875,1.999888,-1317445.7227626151871,2634740.8737792968750,1,3.8e-07
1.0176716214389843,0.0,0.0000000000005881,-0.0000000000001202,0.0134865575248941,0.0009116983757965,11.7553232060679136,3.0035018121434334,1317509.256856,2.000033,-1317511.2568888554815,2635063.6086425781250,1,1.4e-07
1.0176715078217247,0.0,-0.0000000000075862,0.0000000000003680,0.0134867117126711,0.0009324168266442,11.7553632060679139,3.0035017762647134,1317554.163009,1.999890,-1317556.1628985214047,2634964.5241699218750,1,3.6e-07
1.0176713942060323,0.0,0.0000000000113183,-0.0000000000002521,0.0134868658993260,0.0009526845835023,11.7554032060679141,3.0035017403866302,1317616.995100,1.999999,-1317618.9950976213440,2635232.9306640625000,1,1.4e-08
1.0176712805930468,0.0,0.0000000000000053,0.0000000000001259,0.0134870200798890,0.0009725297991853,11.7554432060679144,3.0035017045093020,1317657.790445,1.999797,-1317659.7902412563562,2635049.1054687500000,1,6.9e-07
1.0176711669816343,0.0,-0.0000000000275257,0.0000000000004912,0.0134871742592538,0.0009919778602653,11.7554832060679146,3.0035016686326084,1317724.243521,1.999954,-1317726.2434747598600,2635389.9464111328125,1,1.3e-07
1.0176710533721514,0.0,0.0000000000040594,-0.0000000000001653,0.0134873284359908,0.0010110516673635,11.7555232060679131,3.0035016327566049,1317779.996521,1.999962,-1317781.9964825448114,2635512.2839355468750,1,1.0e-07
1.0176709397642887,0.0,0.0000000000215979,-0.0000000000006744,0.0134874826114159,0.0010297720345249,11.7555632060679134,3.0035015968812364,1317854.547457,2.000231,-1317856.5476870839484,2636014.8741455078125,1,8.5e-07
1.0176708261595444,0.0,0.0000000000020423,-0.0000000000000338,0.0134876367785928,0.0010481578690264,11.7556032060679136,3.0035015610066687,1317900.711227,2.000105,-1317902.7113312645815,2635940.2310791015625,1,4.1e-07
1.0176707125571467,0.0,0.0000000000354629,-0.0000000000008221,0.0134877909408272,0.0010662264887242,11.7556432060679139,3.0035015251328319,1317930.264978,1.999749,-1317932.2647256841883,2635530.4282226562500,1,8.4e-07
1.0176705989555763,0.0,-0.0000000000005466,0.0000000000000143,0.0134879451061760,0.0010839937840461,11.7556832060679142,3.0035014892595342,1318007.507114,2.000055,-1318009.5071680559777,2636088.4412841796875,1,2.4e-07
1.0176704853567498,0.0,-0.0000000000022029,-0.0000000000000091,0.0134880992647587,0.0011014743056825,11.7557232060679144,3.0035014533870021,1318060.896671,2.000031,-1318062.8967015130911,2636163.9721679687500,1,1.5e-07
1.0176703717597846,0.0,-0.0000000000250963,0.0000000000010536,0.0134882534207939,0.0011186815082838,11.7557632060679147,3.0035014175151460,1318110.190975,1.999948,-1318112.1909221487585,2636152.9616699218750,1,1.4e-07
1.0176702581650023,0.0,0.0000000000126231,-0.0000000000003855,0.0134884075736858,0.0011356278030373,11.7558032060679132,3.0035013816439933,1318168.826054,2.000001,-1318170.8260484554339,2636332.0511474609375,1,3.3e-08
1.0176701445723644,0.0,0.0000000000023388,0.0000000000000068,0.0134885617222390,0.0011523247214711,11.7558432060679134,3.0035013457735320,1318219.333630,1.999929,-1318221.3335586106405,2636345.9691162109375,1,2.0e-07
1.0176700309819697,0.0,-0.0000000000032685,0.0000000000000251,0.0134887158664844,0.0011687829398704,11.7558832060679137,3.0035013099037808,1318277.228337,1.999966,-1318279.2283029186074,2636511.6107177734375,1,6.4e-08
1.0176699173932269,0.0,-0.0000000000009687,-0.0000000000001682,0.0134888700097384,0.0011850124062350,11.7559232060679140,3.0035012740346794,1318337.720943,2.000039,-1318339.7209808675107,2636726.6196289062500,1,2.0e-07
1.0176698038067584,0.0,0.0000000000247646,-0.0000000000009003,0.0134890241487949,0.0012010223884786,11.7559632060679142,3.0035012381662924,1318387.415228,1.999960,-1318389.4151871716604,2636723.2321777343750,1,7.3e-08
1.0176696902220088,0.0,-0.0000000000012165,0.0000000000005801,0.0134891782852363,0.0012168215695458,11.7560032060679145,3.0035012022985597,1318437.232141,1.999886,-1318439.2320268459152,2636725.9797363281250,1,3.4e-07
1.0176695766400803,0.0,-0.0000000000201251,0.0000000000009980,0.0134893324158509,0.0012324180276952,11.7560432060679148,3.0035011664315769,1318488.910761,1.999836,-1318490.9105961162131,2636762.3531494140625,1,5.1e-07
1.0176694630594803,0.0,0.0000000000120665,-0.0000000000005407,0.0134894865464279,0.0012478193853926,11.7560832060679132,3.0035011305652217,1318560.156386,2.000057,-1318562.1564411825966,2637194.5561523437500,1,2.7e-07
1.0176688951892163,0.0,0.0000000000069761,-0.0000000000001703,0.0134902571401737,0.0013221351940601,11.7562832060679128,3.0035009512439763,1318829.497574,1.999955,-1318831.4975289008580,2637601.2668457031250,1,6.1e-08
1.0176683273706881,0.0,-0.0000000000128940,0.0000000000007619,0.0134910276510177,0.0013924863822446,11.7564832060679141,3.0035007719399762,1319101.694595,1.999892,-1319103.6944854250178,2638060.2182617187500,1,2.6e-07
1.0176677596038075,0.0,-0.0000000000061805,0.0000000000001371,0.0134917980787253,0.0014594463998067,11.7566832060679136,3.0035005926532170,1319379.828483,1.999907,-1319381.8283885021228,2638637.5876464843750,1,1.9e-07
1.0176671918880442,0.0,0.0000000000360926,-0.0000000000014282,0.0134925684256423,0.0015234624765389,11.7568832060679132,3.0035004133836258,1319661.832401,2.000002,-1319663.8323710642289,2639286.4957275390625,1,7.3e-08
1.0176666242249823,0.0,-0.0000000000223735,0.0000000000012681,0.0134933386844002,0.0015848913481885,11.7570832060679127,3.0035002341314190,1319921.159544,1.999723,-1319923.1592645568307,2639475.3287353515625,1,7.8e-07
1.0176660566129125,0.0,0.0000000000156631,-0.0000000000006024,0.0134941088634919,0.0016440230842656,11.7572832060679140,3.0035000548963611,1320206.636015,1.999832,-1320208.6358445137739,2640190.4306640625000,1,3.7e-07
1.0176654890529235,0.0,-0.0000000000070231,0.0000000000004002,0.0134948789572055,0.0017010972431722,11.7574832060679135,3.0034998756785778,1320476.630601,1.999723,-1320478.6303206463344,2640584.1416015625000,1,7.2e-07
1.0176649215441493,0.0,-0.0000000000147326,0.0000000000006286,0.0134956489696836,0.0017563144359420,11.7576832060679131,3.0034996964779808,1320767.749535,1.999899,-1320769.7494339542463,2641403.7504882812500,1,4.9e-08
1.0176643540875205,0.0,0.0000000000021396,0.0000000000002562,0.0134964188967060,0.0018098446210582,11.7578832060679126,3.0034995172946797,1321027.133870,1.999643,-1321029.1335094156675,2641579.2335205078125,1,9.3e-07
1.0176637866830234,0.0,-0.0000000001629734,0.0000000000083957,0.0134971887383442,0.0018618333285449,11.7580832060679139,3.0034993381286226,1321287.624350,1.999397,-1321289.6237415149808,2641773.4512939453125,1,1.8e-06
1.0176632193283019,0.0,0.0000000000015504,0.0000000000000143,0.0134979585058858,0.0019124062821462,11.7582832060679134,3.0034991589796238,1321597.647794,1.999822,-1321599.6476124632172,2642957.4163818359375,1,2.0e-07
1.0176626520268779,0.0,0.0000000000074097,0.0000000000003749,0.0134987281811815,0.0019616729645495,11.7584832060679130,3.0034989798480334,1321854.001163,1.999517,-1321856.0006733178161,2643063.4104003906250,1,1.3e-06
1.0176620847763294,0.0,0.0000000000005006,0.0000000000002367,0.0134994977785435,0.0020097294610784,11.7586832060679125,3.0034988007335381,1322152.034735,1.999773,-1322154.0345044506248,2644000.5899658203125,1,2.9e-07
1.0176615175774066,0.0,-0.0000000000083350,0.0000000000004949,0.0135002672919800,0.0020566605993518,11.7588832060679138,3.0034986216362807,1322431.818372,1.999775,-1322433.8181446657982,2644564.7449951171875,1,2.2e-07
1.0176609504303329,0.0,-0.0000000000001115,0.0000000000001485,0.0135010367212533,0.0021025417374602,11.7590832060679134,3.0034984425562596,1322710.160175,1.999759,-1322712.1599317272194,2645100.2270507812500,1,2.3e-07
1.0176603833350699,0.0,0.0000000000039560,-0.0000000000003849,0.0135018060664907,0.0021474401780546,11.7592832060679129,3.0034982634934710,1322997.984326,2.000005,-1322999.9841926102526,2645822.3038330078125,1,2.2e-07
1.0176598162912467,0.0,0.0000000000013617,-0.0000000000001712,0.0135025753292579,0.0021914163276131,11.7594832060679124,3.0034980844478740,1323272.787978,2.000000,-1323274.7877734946087,2646276.5169677734375,1,2.2e-08
1.0176592492987733,0.0,0.0000000000190083,-0.0000000000014850,0.0135033445105204,0.0022345246389953,11.7596832060679137,3.0034979054194508,1323562.492816,2.000021,-1323564.4927392906975,2647025.2010498046875,1,5.4e-07
1.0176586823584270,0.0,0.0000000000031158,-0.0000000000000266,0.0135041136054931,0.0022768144046435,11.7598832060679133,3.0034977264082934,1323825.240731,1.999684,-1323827.2404124881141,2647230.8031005859375,1,2.5e-07
1.0176581154694921,0.0,-0.0000000000015402,0.0000000000001518,0.0135048826184121,0.0023183304223690,11.7600832060679128,3.0034975474143142,1324109.825536,1.999733,-1324111.8252692534588,2647868.2199707031250,1,1.5e-09
1.0176575486320480,0.0,0.0000000000012712,-0.0000000000002966,0.0135056515487866,0.0023591135416645,11.7602832060679141,3.0034973684375212,1324387.879863,1.999698,-1324389.8795598358847,2648377.1427001953125,1,6.8e-08
1.0176569818461176,0.0,-0.0000000000005671,0.0000000000000730,0.0135064203965151,0.0023992011375911,11.7604832060679136,3.0034971894779168,1324668.665479,1.999692,-1324670.6651693575550,2648928.3710937500000,1,1.3e-08
1.0176564151120813,0.0,-0.0000000000004316,0.0000000000000521,0.0135071891592503,0.0024386275113013,11.7606832060679132,3.0034970105355376,1324939.499477,1.999555,-1324941.4990273788571,2649285.3706054687500,1,4.4e-07
1.0176558484292166,0.0,-0.0000000000047587,0.0000000000002437,0.0135079578410818,0.0024774242329723,11.7608832060679127,3.0034968316103061,1325224.229397,1.999596,-1325226.2289904879872,2649912.6716308593750,1,2.2e-07
1.0176552817982745,0.0,-0.0000000000040265,0.0000000000003697,0.0135087264380795,0.0025156204325056,11.7610832060679140,3.0034966527022968,1325493.242453,1.999428,-1325495.2418730319478,2650219.5068359375000,1,7.5e-07
1.0176547152180373,0.0,0.0000000000108813,-0.0000000000010954,0.0135094949565589,0.0025532430664862,11.7612832060679136,3.0034964738113805,1325799.672217,2.000011,-1325801.6719679967500,2651270.6074218750000,1,5.0e-07
1.0176541486903572,0.0,0.0000000000001441,0.0000000000000497,0.0135102633865931,0.0025903171184387,11.7614832060679131,3.0034962949377624,1326066.183227,1.999543,-1326068.1827670314815,2651525.8751220703125,1,1.7e-07
1.0176535822136210,0.0,-0.0000000000086156,0.0000000000007207,0.0135110317365349,0.0026268658273728,11.7616832060679126,3.0034961160812461,1326342.997922,1.999469,-1326344.9973848299123,2651975.0311279296875,1,3.5e-07
1.0176530157888077,0.0,-0.0000000000057751,0.0000000000004732,0.0135118000019589,0.0026629108131311,11.7618832060679139,3.0034959372419556,1326625.151839,1.999463,-1326627.1512974265497,2652534.2548828125000,1,2.9e-07
1.0176524494148855,0.0,-0.0000000000019131,0.0000000000001279,0.0135125681870650,0.0026984722741424,11.7620832060679135,3.0034957584197652,1326912.514367,2.000001,-1326914.5138876154087,2653191.3703613281250,1,2.2e-08
1.0176518830932730,0.0,-0.0000000000405541,0.0000000000026691,0.0135133362855001,0.0027335690734267,11.7622832060679130,3.0034955796148068,1327198.024201,2.000005,-1327200.0237544998527,2653805.4974365234375,1,2.3e-07
1.0176513168225587,0.0,0.0000000000003655,0.0000000000003155,0.0135141043040016,0.0027682188811516,11.7624832060679125,3.0034954008269978,1327460.462747,1.999282,-1327462.4620197752956,2653958.7088623046875,1,6.7e-07
1.0176507506033676,0.0,-0.0000000000047969,0.0000000000004079,0.0135148722393033,0.0028024382889941,11.7626832060679138,3.0034952220563240,1327752.790520,1.999394,-1327754.7899117253255,2654698.7882080078125,1,1.5e-07
1.0176501844361781,0.0,-0.0000000000142932,0.0000000000016101,0.0135156400896192,0.0028362428630348,11.7628832060679134,3.0034950433028755,1328015.571229,1.999123,-1328017.5703398550395,2654852.1312255859375,1,1.1e-06
1.0176496183196999,0.0,-0.0000000000020641,0.0000000000002560,0.0135164078604673,0.0028696472782827,11.7630832060679129,3.0034948645664921,1328308.586183,1.999241,-1328310.5854166497011,2655601.3775634765625,1,5.1e-07
1.0176490522550339,0.0,-0.0000000000015705,0.0000000000002259,0.0135171755470798,0.0029026653388813,11.7632832060679124,3.0034946858473028,1328596.462879,1.999288,-1328598.4621633577626,2656244.2239990234375,1,2.3e-07
1.0176484862419934,0.0,-0.0000000000033337,0.0000000000000960,0.0135179431497391,0.0029353100873908,11.7634832060679138,3.0034945071452817,1328881.561306,1.999295,-1328883.5605998823885,2656825.6007080078125,1,9.0e-08
1.0176479202802136,0.0,-0.0000000000002539,0.0000000000000130,0.0135187106708535,0.0029675938428215,11.7636832060679133,3.0034943284603881,1329160.445280,1.999223,-1329162.4444991259370,2657285.6763916015625,1,2.5e-07
1.0176473543698923,0.0,-0.0000000000010442,0.0000000000000042,0.0135194781089996,0.0029995282622427,11.7638832060679128,3.0034941497926426,1329449.433599,2.000001,-1329451.4328744674567,2657937.8903808593750,1,6.1e-08
1.0176467885113456,0.0,-0.0000000000044690,0.0000000000003371,0.0135202454628292,0.0030311243853330,11.7640832060679124,3.0034939711420723,1329728.352027,1.999197,-1329730.3512224592268,2658388.4201660156250,1,1.2e-07
1.0176462227036176,0.0,0.0000000000001986,0.0000000000000755,0.0135210127370955,0.0030623926865436,11.7642832060679137,3.0034937925085807,1330009.301422,1.999141,-1330011.3005600129254,2658873.8035888671875,1,2.0e-07
1.0176456569476970,0.0,0.0000000000005700,0.0000000000000716,0.0135217799263899,0.0030933431059126,11.7644832060679132,3.0034936138922643,1330296.627886,1.999164,-1330298.6270500153769,2659482.1693115234375,1,7.6e-09
1.0176450912431727,0.0,-0.0000000000001679,0.0000000000000924,0.0135225470333177,0.0031239850906727,11.7646832060679127,3.0034934352930791,1330582.195166,2.000002,-1330584.1943301735446,2660055.2423095703125,1,1.2e-07
1.0176445255902187,0.0,-0.0000000000015081,0.0000000000003607,0.0135233140567390,0.0031543276307537,11.7648832060679140,3.0034932567110384,1330853.988029,1.998984,-1330855.9870064288843,2660349.5988769531250,1,4.2e-07
1.0176439599883731,0.0,0.0000000000009126,0.0000000000000323,0.0135240809987859,0.0031843792871394,11.7650832060679136,3.0034930781461013,1331140.096435,1.998983,-1331142.0954124210402,2660920.5205078125000,1,2.9e-07
1.0176433944378931,0.0,0.0000000000010248,-0.0000000000000793,0.0135248478585616,0.0032141482179329,11.7652832060679131,3.0034928995982830,1331426.547444,1.998983,-1331428.5464251819067,2661498.4631347656250,1,1.6e-07
1.0176428289389881,0.0,0.0000000000002230,0.0000000000000703,0.0135256146346908,0.0032436422076703,11.7654832060679126,3.0034927210676066,1331714.312007,2.000000,-1331716.3110037611332,2662094.9798583984375,1,3.2e-08
1.0176422634916296,0.0,-0.0000000000066935,0.0000000000005192,0.0135263813273632,0.0032728686894103,11.7656832060679140,3.0034925425540671,1331981.250607,1.998747,-1331983.2493429535534,2662281.2105712890625,1,7.7e-07
1.0176416980949030,0.0,0.0000000000075753,-0.0000000000008917,0.0135271479411545,0.0033018347711663,11.7658832060679135,3.0034923640575619,1332292.260364,2.000010,-1332294.2594208058435,2663329.7153320312500,1,5.0e-07
1.0176411327502075,0.0,0.0000000000053649,-0.0000000000003580,0.0135279144686726,0.0033305472409133,11.7660832060679130,3.0034921855782515,1332573.039917,2.000006,-1332575.0388881266117,2663777.9234619140625,1,3.4e-07
1.0176383067961483,0.0,0.0000000000060813,-0.0000000000007208,0.0135317458738661,0.0034705238317776,11.7670832060679125,3.0034912934381932,1334001.068675,2.000010,-1334003.0675026271492,2666439.7255859375000,1,5.4e-07
1.0176354821279014,0.0,-0.0000000000284200,0.0000000000036057,0.0135355752023905,0.0036050303435716,11.7680832060679137,3.0034904017259016,1335343.340548,1.997526,-1335345.3380345152691,2667332.3167724609375,1,3.5e-06
1.0176326587362912,0.0,-0.0000000000058090,0.0000000000003868,0.0135394024987100,0.0037346579260287,11.7690832060679131,3.0034895104399930,1336851.796388,2.000002,-1336853.7946506533772,2671382.1566162109375,1,1.1e-07
1.0176298366285284,0.0,-0.0000000000002825,0.0000000000000089,0.0135432277237121,0.0038598981386515,11.7700832060679126,3.0034886195811290,1338281.334972,1.997934,-1338283.3329022673424,2673795.4520263671875,1,1.9e-07
1.0176270158005631,0.0,-0.0000000000003632,0.0000000000003446,0.0135470508947213,0.0039811651041357,11.7710832060679138,3.0034877291485720,1339719.188364,1.997645,-1339721.1860030957032,2676277.1687011718750,1,3.0e-07
1.0176241962518107,0.0,0.0000000000233397,-0.0000000000024338,0.0135508720123628,0.0040988115169283,11.7720832060679133,3.0034868391420053,1341177.329348,2.000007,-1341179.3268908935133,2679061.5504150390625,1,3.4e-07
1.0176213779820034,0.0,0.0000000000000653,0.0000000000002322,0.0135546910760759,0.0042131407067249,11.7730832060679127,3.0034859495611355,1342609.759795,1.997047,-1342611.7568345027976,2681245.9713134765625,1,3.9e-07
1.0176185609893602,0.0,-0.0000000000067614,0.0000000000009584,0.0135585080918786,0.0043244158115566,11.7740832060679139,3.0034850604055245,1344063.271574,1.996752,-1344065.2683206223883,2683755.4271240234375,1,3.4e-07
1.0176157452728591,0.0,0.0000000000020462,-0.0000000000003034,0.0135623230617951,0.0044328668562103,11.7750832060679134,3.0034841716748093,1345531.212358,2.000003,-1345533.2089247312397,2686445.2163085937500,1,1.8e-07
1.0176129308323600,0.0,-0.0000000000057603,0.0000000000009989,0.0135661359847071,0.0045386963035207,11.7760832060679128,3.0034832833687246,1346972.284859,1.995990,-1346974.2808362217620,2688528.0538330078125,1,7.2e-07
1.0176101176660675,0.0,-0.0000000000017757,0.0000000000000618,0.0135699468668632,0.0046420834840904,11.7770832060679140,3.0034823954868117,1348451.102307,1.995803,-1348453.0981088611297,2691242.9934082031250,1,7.7e-08
1.0176073057734150,0.0,0.0000000000036579,-0.0000000000005784,0.0135737557085972,0.0047431881219871,11.7780832060679135,3.0034815080287687,1349934.811765,2.000011,-1349936.8073848388158,2693959.6470947265625,1,5.9e-07
1.0176044951538865,0.0,0.0000000000033052,-0.0000000000005311,0.0135775625095677,0.0048421532195024,11.7790832060679129,3.0034806209942868,1351397.680265,1.995105,-1351399.6753724773880,2696185.3073730468750,1,1.3e-07
1.0176016858056465,0.0,0.0000000000013225,-0.0000000000004108,0.0135813672773820,0.0049391074102463,11.7800832060679124,3.0034797343829096,1352879.317471,1.994758,-1352881.3122361507267,2698679.0578613281250,1,3.4e-07
1.0175988777289480,0.0,-0.0000000000009700,0.0000000000002950,0.0135851700075736,0.0050341668996261,11.7810832060679136,3.0034788481944141,1354346.233171,1.994176,-1354348.2273404155858,2700798.6094970703125,1,3.1e-07
1.0175960709220750,0.0,-0.0000000000053424,0.0000000000010122,0.0135889707059069,0.0051274370909541,11.7820832060679130,3.0034779624283692,1355825.465126,1.993676,-1355827.4587911500130,2703064.1916503906250,1,5.8e-07
1.0175932653838993,0.0,0.0000000000019217,0.0000000000000614,0.0135927693765162,0.0052190139335355,11.7830832060679125,3.0034770770844035,1357322.411085,1.993320,-1357324.4044002448209,2705573.5474853515625,1,2.4e-07
1.0175904611141957,0.0,-0.0000000000016177,0.0000000000003146,0.0135965660174596,0.0053089850766686,11.7840832060679137,3.0034761921622186,1358814.259661,1.992842,-1358816.2524975454435,2707896.8190917968750,1,3.1e-07
1.0175876581111345,0.0,-0.0000000000007254,0.0000000000001162,0.0136003606353516,0.0053974308370665,11.7850832060679132,3.0034753076613976,1360316.926611,1.992427,-1360318.9190369192511,2710333.1528320312500,1,9.0e-08
1.0175848563746175,0.0,-0.0000000000007955,0.0000000000000515,0.0136041532282302,0.0054844250308820,11.7860832060679126,3.0034744235816664,1361820.564619,1.991960,-1361822.5565787595697,2712693.8284912109375,1,6.5e-09
1.0175820559025770,0.0,-0.0000000000118919,0.0000000000021415,0.0136079438030524,0.0055700356955267,11.7870832060679138,3.0034735399225445,1363330.649931,1.991506,-1363332.6414408865385,2715088.7553710937500,1,1.8e-07
1.0175792566964488,0.0,0.0000000000003888,-0.0000000000001806,0.0136117323527682,0.0056543256771227,11.7880832060679133,3.0034726566839640,1364832.424072,1.990897,-1364834.4149653003551,2717237.1162109375000,1,1.8e-07
1.0175764587528473,0.0,-0.0000000000013292,0.0000000000003124,0.0136155188893348,0.0057373532164855,11.7890832060679127,3.0034717738652876,1366341.350065,1.990309,-1366343.3403662738856,2719432.0167236328125,1,4.0e-07
1.0175736620710008,0.0,-0.0000000000120146,0.0000000000022812,0.0136193034137868,0.0058191723683923,11.7900832060679139,3.0034708914661885,1367893.789656,1.990148,-1367895.7798260136042,2722343.4556884765625,1,1.1e-06
1.0175708666523811,0.0,0.0000000000006694,-0.0000000000001075,0.0136230859194778,0.0058998334108273,11.7910832060679134,3.0034700094865721,1369384.548564,1.989236,-1369386.5377949038520,2724023.7746582031250,1,2.8e-07
1.0175680724936293,0.0,0.0000000000005038,0.0000000000001267,0.0136268664175819,0.0059793832419201,11.7920832060679128,3.0034691279258365,1370910.662158,1.988661,-1370912.6508143965621,2726272.0838623046875,1,2.9e-07
1.0175652795943602,0.0,-0.0000000000035531,0.0000000000006222,0.0136306449088568,0.0060578656504637,11.7930832060679140,3.0034682467836902,1372450.600431,1.988181,-1372452.5886140847579,2728684.9978027343750,1,1.2e-07
1.0175624879536971,0.0,0.0000000000007308,0.0000000000001124,0.0136344213943855,0.0061353216172853,11.7940832060679135,3.0034673660597972,1373989.373827,1.987625,-1373991.3614578233100,2730985.5432128906250,1,2.9e-07
1.0175596975717123,0.0,-0.0000000000013935,0.0000000000004640,0.0136381958723517,0.0062117895518825,11.7950832060679129,3.0034664857539024,1375512.136322,1.986836,-1375514.1231498743873,2732907.4173583984375,1,3.9e-07
1.0175569084458786,0.0,-0.0000000000027332,0.0000000000004645,0.0136419683524854,0.0062873055247435,11.7960832060679124,3.0034656058654958,1377070.284714,1.986375,-1377072.2710944788996,2735387.3773193359375,1,2.7e-07
1.0175541205765979,0.0,-0.0000000000005689,0.0000000000002292,0.0136457388301620,0.0063619034478640,11.7970832060679136,3.0034647263943777,1378599.538668,1.985542,-1378601.5241996732075,2737255.5718994140625,1,4.8e-07
1.0175513339619813,0.0,-0.0000000000025097,0.0000000000006829,0.0136495073125698,0.0064356152632965,11.7980832060679131,3.0034638473400990,1380149.298509,1.984874,-1380151.2833713714499,2739408.9042968750000,1,5.4e-07
1.0175485486012454,0.0,-0.0000000000005002,0.0000000000001061,0.0136532738009057,0.0065084710944161,11.7990832060679125,3.0034629687023182,1381715.281658,1.984323,-1381717.2659789444879,2741768.8023681640625,1,7.6e-08
1.0175457644940427,0.0,-0.0000000000000562,0.0000000000000076,0.0136570382946719,0.0065804993849366,11.8000832060679137,3.0034620904807614,1383274.078556,1.983637,-1383276.0621903915890,2743912.3272705078125,1,9.3e-08
1.0175429816390871,0.0,0.0000000000014346,-0.0000000000002495,0.0136608007978158,0.0066517270339470,11.8010832060679132,3.0034612126750453,1384837.049945,1.982937,-1384839.0328801763244,2746043.4337158203125,1,1.1e-07
1.0175402000354230,0.0,-0.0000000000027670,0.0000000000006143,0.0136645613125211,0.0067221795072311,11.8020832060679126,3.0034603352848213,1386399.888508,1.982180,-1386401.8706812553573,2748086.5943603515625,1,3.0e-07
1.0175374196821516,0.0,-0.0000000000000315,-0.0000000000000547,0.0136683198408704,0.0067918809424870,11.8030832060679138,3.0034594583097438,1387977.174929,1.981519,-1387979.1564457952045,2750301.6336669921875,1,6.1e-08
1.0175346405783026,0.0,-0.0000000000020547,0.0000000000004943,0.0136720763852841,0.0068608542438379,11.8040832060679133,3.0034585817494710,1389545.588984,1.980708,-1389547.5696837720461,2752274.3613281250000,1,3.6e-07
1.0175318627226309,0.0,0.0000000000019902,-0.0000000000003237,0.0136758309495586,0.0069291211709335,11.8050832060679127,3.0034577056036138,1391130.340533,1.980013,-1391132.3205415375996,2754452.0169677734375,1,1.5e-07
1.0175290861149702,0.0,0.0000000000001493,-0.0000000000000669,0.0136795835320937,0.0069967024118606,11.8060832060679139,3.0034568298719200,1392718.626795,1.979299,-1392720.6060948856175,2756609.2014160156250,1,2.7e-08
1.0175263107536479,0.0,0.0000000000013982,-0.0000000000003763,0.0136833341389467,0.0070636176628170,11.8070832060679134,3.0034559545539690,1394315.564243,1.978620,-1394317.5428710861597,2758833.9127197265625,1,4.0e-07
1.0175235366380073,0.0,0.0000000000042325,-0.0000000000004231,0.0136870827696041,0.0071298856910572,11.8080832060679128,3.0034550796494464,1395908.772983,1.977844,-1395910.7508366359398,2760905.2340087890625,1,4.4e-07
1.0175207637680346,0.0,-0.0000000000024809,0.0000000000005108,0.0136908294248592,0.0071955243861979,11.8090832060679141,3.0034542051580808,1397495.711492,1.976948,-1397497.6884410746861,2762780.3933105468750,1,6.0e-08
1.0175179921412854,0.0,-0.0000000000070320,0.0000000000013371,0.0136945741113152,0.0072605508368766,11.8100832060679135,3.0034533310794056,1399092.886652,1.976105,-1399094.8627558334265,2764754.6539306640625,1,6.9e-08
1.0175152217578631,0.0,-0.0000000000067068,0.0000000000014980,0.0136983168272868,0.0073249813583288,11.8110832060679130,3.0034524574131751,1400687.650419,1.975182,-1400689.6255907791201,2766600.2656250000000,1,4.6e-07
1.0175124526160089,0.0,-0.0000000000010876,0.0000000000000522,0.0137020575790306,0.0073888315556174,11.8120832060679124,3.0034515841589533,1402301.838426,1.974404,-1402303.8128252646420,2768706.6052246093750,1,2.3e-07
1.0175096847150877,0.0,-0.0000000000006194,0.0000000000001025,0.0137057963670969,0.0074521163586282,11.8130832060679136,3.0034507113164288,1403925.460690,1.973668,-1403927.4343623614404,2770891.3142089843750,1,2.1e-07
1.0175069180545189,0.0,-0.0000000000056666,0.0000000000012879,0.0137095331919893,0.0075148500609916,11.8140832060679131,3.0034498388853388,1405546.238700,1.972845,-1405548.2115532420576,2772938.1851806640625,1,3.7e-07
1.0175041526333033,0.0,-0.0000000000022507,0.0000000000005416,0.0137132680569425,0.0075770463689105,11.8150832060679125,3.0034489668652453,1407156.806179,1.971869,-1407158.7780473700259,2774730.0388183593750,1,3.9e-08
1.0174958637953837,0.0,-0.0000000000000289,0.0000000000000717,0.0137244609152791,0.0077605396872886,11.8180832060679126,3.0034463532678197,1412044.433949,1.969180,-1412046.4031285124365,2780571.3746337890625,1,2.4e-08
1.0174875860767409,0.0,-0.0000000000026088,0.0000000000005003,0.0137356362165709,0.0079396392062388,11.8210832060679127,3.0034437433574537,1416983.663743,1.966526,-1416985.6302831759676,2786557.2507324218750,1,5.6e-07
1.0173753325962165,0.0,-0.0035777849866805,-0.0000000000001313,0.0137726480347887,-0.0000000000021487,11.8240832060679129,3.0034411371250411,1421930.323550,1.963476,-1421932.2870263545774,2791928.5644531250000,1,1.4e-08
1.0173626062857899,0.0,-0.0036525195438052,-0.0000000000010516,0.0137851056922377,-0.0000000000074808,11.8270832060679130,3.0034385345613934,1426938.297608,1.960603,-1426940.2582202081103,2797674.2325439453125,1,4.7e-07
1.0173498917781332,0.0,-0.0037256337466895,0.0000000000000989,0.0137975625828494,0.0000000000009045,11.8300832060679131,3.0034359356574591,1431968.495073,1.957419,-1431970.4524956787936,2802970.2457275390625,1,2.1e-07
1.0173371890457341,0.0,-0.0037972214370377,-0.0000000000003340,0.0138100187420156,0.0000000000059268,11.8330832060679132,3.0034333404041424,1437040.892633,1.954209,-1437042.8468465758488,2808287.6833496093750,1,2.1e-07
1.0173244980598106,0.0,-0.0038673676243825,0.0000000000007804,0.0138224742062740,0.0000000000075218,11.8360832060679133,3.0034307487923733,1442148.898357,1.950880,-1442150.8492385894060,2813463.6988525390625,1,1.4e-07
1.0173118187945043,0.0,-0.0039361496088954,-0.0000000000000955,0.0138349290046487,-0.0000000000002554,11.8390832060679116,3.0034281608132023,1447294.475682,1.947462,-1447296.4231456939597,2818554.7171630859375,1,8.9e-08
1.0172991512214500,0.0,-0.0040036379294329,-0.0000000000010436,0.0138473831750893,-0.0000000000097138,11.8420832060679118,3.0034255764575826,1452476.426148,1.943941,-1452478.3700888836756,2823531.3199462890625,1,5.1e-09
1.0172864953131135,0.0,-0.0040698971683249,-0.0000000000007263,0.0138598367499133,-0.0000000000068555,11.8450832060679119,3.0034229957164915,1457696.319524,1.940339,-1457698.2598615752067,2828425.2163085937500,1,3.7e-08
1.0172738510429395,0.0,-0.0041349866286893,0.0000000000019514,0.0138722897599769,0.0000000000140681,11.8480832060679120,3.0034204185810802,1462953.928282,1.936656,-1462955.8649364134762,2833238.2264404296875,1,5.0e-08
1.0172612183830110,0.0,-0.0041989609263051,-0.0000000000008837,0.0138847422419746,-0.0000000000057985,11.8510832060679121,3.0034178450423461,1468256.892840,1.933002,-1468258.8258500052616,2838157.0881347656250,1,3.5e-07
1.0172485973069814,0.0,-0.0042618704923384,-0.0000000000003067,0.0138971942233040,-0.0000000000014763,11.8540832060679122,3.0034152750914846,1473582.797186,1.929059,-1473584.7262450463604,2842630.5374755859375,1,3.8e-08
1.0172359877871731,0.0,-0.0043237620101785,-0.0000000000002229,0.0139096457401000,-0.0000000000012567,11.8570832060679123,3.0034127087195475,1478948.347697,1.925066,-1478950.2727591714356,2847069.8142089843750,1,1.5e-07
1.0172233897971874,0.0,-0.0043846787954011,-0.0000000000002723,0.0139220968208720,-0.0000000000036014,11.8600832060679124,3.0034101459177593,1484350.193506,1.920978,-1484352.1144742886536,2851392.6533203125000,1,3.8e-07
1.0172108033088549,0.0,-0.0044446611286650,0.0000000000012890,0.0139345475044958,0.0000000000149570,11.8630832060679126,3.0034075866771195,1489828.034131,1.917362,-1489829.9515245966613,2856589.2968750000000,1,1.3e-06
1.0171982282987042,0.0,-0.0045037465428406,-0.0000000000000428,0.0139469978033340,-0.0000000000001273,11.8660832060679127,3.0034050309892715,1495274.140375,1.912684,-1495276.0530493545812,2859974.7341308593750,1,4.1e-07
1.0171856647367885,0.0,-0.0045619700849031,0.0000000000004104,0.0139594477664896,0.0000000000034186,11.8690832060679128,3.0034024788450364,1500799.807334,1.908532,-1500801.7158649791963,2864325.4160156250000,1,4.0e-08
1.0171731125978658,0.0,-0.0046193645365881,-0.0000000000002812,0.0139718974171408,-0.0000000000019178,11.8720832060679129,3.0033999302358305,1506354.523671,1.904188,-1506356.4278563794214,2868380.7592773437500,1,7.4e-08
1.0171605718550722,0.0,-0.0046759606175567,0.0000000000037948,0.0139843467864222,0.0000000000282460,11.8750832060679130,3.0033973851529145,1511941.674158,1.899699,-1511943.5738478244748,2872222.7556152343750,1,3.5e-07
1.0171480424822248,0.0,-0.0047317871614841,-0.0000000000001278,0.0139967959039662,-0.0000000000008646,11.8780832060679131,3.0033948435876314,1517573.309002,1.895241,-1517575.2042356643360,2876158.4455566406250,1,2.7e-07
1.0171355244526508,0.0,-0.0047868712774677,-0.0000000000001076,0.0140092447999305,0.0000000000004669,11.8810832060679132,3.0033923055312703,1523246.089083,1.890769,-1523247.9798516645096,2880108.3193359375000,1,6.8e-09
1.0171230177405151,0.0,-0.0048412384891302,0.0000000000002616,0.0140216935013230,0.0000000000024692,11.8840832060679134,3.0033897709752493,1528955.687534,1.886219,-1528957.5737593837548,2883957.2893066406250,1,2.5e-07
1.0171105223204826,0.0,-0.0048949128623349,0.0000000000005542,0.0140341420350539,0.0000000000096433,11.8870832060679117,3.0033872399110209,1534684.764383,1.881345,-1534686.6457183740567,2887258.2712402343750,1,3.9e-07
1.0170980381636572,0.0,-0.0049479171240083,-0.0000000000000656,0.0140465904378107,-0.0000000000006362,11.8900832060679118,3.0033847123297681,1540476.333352,1.876767,-1540478.2101259604096,2891128.2890625000000,1,2.2e-07
1.0170855652467488,0.0,-0.0050002727563134,-0.0000000000001395,0.0140590387295485,-0.0000000000008526,11.8930832060679119,3.0033821882231497,1546293.341499,1.871954,-1546295.2134596956894,2894601.8188476562500,1,2.3e-07
1.0170731035429244,0.0,-0.0050520000977157,0.0000000000002531,0.0140714869410242,0.0000000000012278,11.8960832060679120,3.0033796675825748,1552145.034608,1.867038,-1552146.9016486327164,2897920.2951660156250,1,1.1e-07
1.0170606530263118,0.0,-0.0051031184243956,0.0000000000000110,0.0140839350999881,0.0000000000000037,11.8990832060679121,3.0033771503995084,1558032.781975,1.862042,-1558034.6440146123059,2901120.0385742187500,1,8.2e-08
1.0170482136710699,0.0,-0.0051536460258853,0.0000000000000302,0.0140963832341362,0.0000000000000181,11.9020832060679123,3.0033746366654848,1563961.509456,1.857036,-1563963.3664890842047,2904330.3630371093750,1,1.0e-07
1.0170357854517427,0.0,-0.0052036002762611,0.0000000000000087,0.0141088313691214,-0.0000000000002829,11.9050832060679124,3.0033721263720565,1569933.542906,1.852058,-1569935.3949675385375,2907615.9353027343750,1,1.7e-07
1.0170233683425540,0.0,-0.0052529976962949,-0.0000000000000532,0.0141212795326752,0.0000000000000631,11.9080832060679125,3.0033696195107713,1575937.111673,1.846936,-1575938.9586117947474,2910662.0153808593750,1,1.4e-07
1.0170109623180976,0.0,-0.0053018540120808,0.0000000000015303,0.0141337277503078,0.0000000000119706,11.9110832060679126,3.0033671160732198,1581976.762800,1.841739,-1581978.6045396735426,2913590.9624023437500,1,4.6e-08
1.0169985673528150,0.0,-0.0053501842059630,0.0000000000002423,0.0141461760494154,0.0000000000023071,11.9140832060679127,3.0033646160510519,1588059.052774,1.836562,-1588060.8893404772971,2916578.0424804687500,1,2.0e-07
1.0169861834214118,0.0,-0.0053980025685478,-0.0000000000000078,0.0141586244548767,0.0000000000001700,11.9170832060679128,3.0033621194358773,1594175.208401,1.831280,-1594177.0396858532913,2919391.6894531250000,1,1.7e-07
1.0169738104987454,0.0,-0.0054453227395779,0.0000000000002854,0.0141710729918498,0.0000000000006994,11.9200832060679129,3.0033596262193916,1600316.771031,1.825773,-1600318.5967906508595,2921795.9394531250000,1,4.6e-07
1.0169614485590741,0.0,-0.0054921577506822,0.0000000000000487,0.0141835216882290,0.0000000000001770,11.9230832060679131,3.0033571363932361,1606518.576820,1.820541,-1606520.3973613632843,2924734.8464355468750,1,1.9e-08
1.0169490975778253,0.0,-0.0055385200620380,-0.0000000000048529,0.0141959705670800,-0.0000000000318679,11.9260832060679132,3.0033546499491783,1612749.546836,1.815140,-1612751.3619780843146,2927371.1530761718750,1,8.2e-08
1.0169367575295509,0.0,-0.0055844215990335,-0.0000000000002924,0.0142084196529333,-0.0000000000022115,11.9290832060679133,3.0033521668789112,1619016.681279,1.809671,-1619018.4909527627751,2929894.6938476562500,1,7.2e-08
1.0169244283898415,0.0,-0.0056298737802554,0.0000000000022782,0.0142208689694477,0.0000000000148020,11.9320832060679134,3.0033496871742638,1625319.693168,1.804132,-1625321.4972999058664,2932292.8256835937500,1,2.8e-08
1.0169121101326357,0.0,-0.0056748875506311,0.0000000000002036,0.0142333185463660,0.0000000000014757,11.9350832060679117,3.0033472108269281,1631674.148583,1.798745,-1631675.9473445161711,2934994.0290527343750,1,5.4e-07
1.0168998027347895,0.0,-0.0057194734073389,0.0000000000000322,0.0142457683997219,-0.0000000000003657,11.9380832060679118,3.0033447378288747,1638044.207159,1.793002,-1638046.0001613250934,2937018.4228515625000,1,2.8e-08
1.0168875061711109,0.0,-0.0057636414281388,0.0000000000037299,0.0142582185507554,0.0000000000149214,11.9410832060679120,3.0033422681718842,1644408.528588,1.786596,-1644410.3151071087923,2937769.2368164062500,1,2.6e-06
1.0168752204160474,0.0,-0.0058074012835485,-0.0000000000034821,0.0142706690415460,-0.0000000000135303,11.9440832060679121,3.0033398018477193,1650897.254200,1.781385,-1650899.0355549701490,2940836.7998046875000,1,1.0e-06
1.0168629454438163,0.0,-0.0058507622804234,-0.0000000000000712,0.0142831198827760,-0.0000000000007416,11.9470832060679122,3.0033373388482612,1657414.952831,1.776011,-1657416.7288459055126,2943594.7897949218750,1,1.4e-07
1.0168506812329223,0.0,-0.0058937333595857,0.0000000000022505,0.0142955710928632,0.0000000000137464,11.9500832060679123,3.0033348791655810,1663935.798985,1.770107,-1663937.5690795648843,2945325.7556152343750,1,4.0e-07
1.0168384277572577,0.0,-0.0059363231267374,-0.0000000000001453,0.0143080227017995,-0.0000000000011132,11.9530832060679124,3.0033324227915306,1670517.061253,1.764486,-1670518.8257439068984,2947614.4174804687500,1,1.6e-07
1.0168261849928772,0.0,-0.0059785398695228,0.0000000000001295,0.0143204747286474,0.0000000000009975,11.9560832060679125,3.0033299697180835,1677119.612352,1.758596,-1677121.3709455297794,2949373.3427734375000,1,9.0e-08
1.0168139529152778,0.0,-0.0060203915709678,0.0000000000000249,0.0143329271973829,0.0000000000006080,11.9590832060679126,3.0033275199372125,1683769.047318,1.752800,-1683770.8001205907203,2951316.3937988281250,1,9.4e-08
1.0168017315003004,0.0,-0.0060618859268739,-0.0000000000000714,0.0143453801293801,-0.0000000000001028,11.9620832060679128,3.0033250734409331,1690453.401509,1.746928,-1690455.1484410213307,2953108.1262207031250,1,1.3e-07
1.0167895207237356,0.0,-0.0061030303593121,-0.0000000000000285,0.0143578335471343,-0.0000000000000678,11.9650832060679129,3.0033226302212772,1697172.118182,1.740975,-1697173.8591573233716,2954736.7277832031250,1,9.9e-09
1.0167773205616026,0.0,-0.0061438320307627,-0.0000000000009469,0.0143702874716489,-0.0000000000052264,11.9680832060679130,3.0033201902703102,1703940.586226,1.735158,-1703942.3213970041834,2956630.4150390625000,1,4.1e-07
1.0167651309901349,0.0,-0.0061842978567592,-0.0000000000000422,0.0143827419229582,-0.0000000000007912,11.9710832060679131,3.0033177535801250,1710725.449750,1.729008,-1710727.1787524570245,2957849.8500976562500,1,2.0e-07
1.0167529519849285,0.0,-0.0062244345170141,0.0000000000000208,0.0143951969246127,0.0000000000005102,11.9740832060679132,3.0033153201427942,1717567.187515,1.723097,-1717568.9106155787595,2959542.5175781250000,1,8.4e-08
1.0167407835225601,0.0,-0.0062642484673434,-0.0000000000001871,0.0144076524957034,-0.0000000000011360,11.9770832060679133,3.0033128899504775,1724432.813768,1.716959,-1724434.5307166911662,2960763.7678222656250,1,3.1e-07
1.0167286255786918,0.0,-0.0063037459499329,-0.0000000000007235,0.0144201086590930,-0.0000000000036127,11.9800832060679117,3.0033104629952847,1731355.404570,1.711062,-1731357.1156387182418,2962469.4116210937500,1,1.9e-07
1.0167164781303384,0.0,-0.0063429330029187,-0.0000000000002135,0.0144325654318906,-0.0000000000011402,11.9830832060679118,3.0033080392694607,1738303.363950,1.704962,-1738305.0689151666593,2963749.6447753906250,1,8.8e-08
1.0167043411535566,0.0,-0.0063818154701093,0.0000000000002377,0.0144450228362667,0.0000000000009915,11.9860832060679119,3.0033056187651606,1745288.060104,1.698819,-1745289.7589196434710,2964924.8156738281250,1,8.9e-08
1.0166922146246715,0.0,-0.0064203990093253,-0.0000000000000487,0.0144574808922211,-0.0000000000002058,11.9890832060679120,3.0033032014746168,1752316.352555,1.692731,-1752318.0452856640331,2966201.9367675781250,1,8.1e-09
1.0166800985204261,0.0,-0.0064586891008967,0.0000000000000960,0.0144699396187593,0.0000000000011394,11.9920832060679121,3.0033007873900850,1759380.823494,1.686592,-1759382.5100858388469,2967359.3525390625000,1,2.6e-08
1.0166679928171096,0.0,-0.0064966910552893,0.0000000000000047,0.0144823990364528,-0.0000000000000011,11.9950832060679122,3.0032983765038246,1766481.103484,1.680400,-1766482.7838788521476,2968387.2834472656250,1,1.6e-07
1.0166558974915247,0.0,-0.0065344100205650,0.0000000000000954,0.0144948591643280,0.0000000000000697,11.9980832060679123,3.0032959688081271,1773626.667869,1.674288,-1773628.3421579906717,2969565.1611328125000,1,3.4e-08
1.0166438125205526,0.0,-0.0065718509892164,0.0000000000001050,0.0145073200205990,-0.0000000000001130,12.0010832060679125,3.0032935642953316,1780803.835529,1.668065,-1780805.5035902860109,2970491.5043945312500,1,9.0e-08
1.0166317378809480,0.0,-0.0066090188048072,0.0000000000000351,0.0145197816243662,-0.0000000000002210,12.0040832060679126,3.0032911629577717,1788023.492623,1.661883,-1788025.1545061788056,2971487.9492187500000,1,1.9e-08
1.0166196735496316,0.0,-0.0066459181682504,0.0000000000005083,0.0145322439938659,0.0000000000022286,12.0070832060679127,3.0032887647878108,1795270.927791,1.655540,-1795272.5833157824818,2972117.4282226562500,1,4.5e-07
1.0166076195027034,0.0,-0.0066825536425494,0.0000000000000084,0.0145447071528789,0.0000000000004464,12.0100832060679128,3.0032863697777845,1802588.944477,1.649626,-1802590.5941255684011,2973641.0441894531250,1,6.4e-07
1.0165955757189435,0.0,-0.0067189296616337,0.0000000000006148,0.0145571711090230,0.0000000000039649,12.0130832060679129,3.0032839779202303,1809902.030216,1.643102,-1809903.6733071561903,2973834.9501953125000,1,3.1e-07
1.0165835421736729,0.0,-0.0067550505307351,-0.0000000000000093,0.0145696358905676,0.0000000000002254,12.0160832060679130,3.0032815892074578,1817286.869852,1.637023,-1817288.5068858808372,2974961.6682128906250,1,2.9e-07
1.0165715188449513,0.0,-0.0067909204359743,0.0000000000000843,0.0145821015104813,0.0000000000002207,12.0190832060679131,3.0032792036319775,1824696.952831,1.630750,-1824698.5835923664272,2975646.7158203125000,1,2.8e-07
1.0165595057101551,0.0,-0.0068265434465038,0.0000000000004886,0.0145945679855934,0.0000000000025367,12.0220832060679133,3.0032768211862879,1832132.093258,1.624284,-1832133.7175281685777,2975878.9865722656250,1,3.6e-07
1.0165475027458248,0.0,-0.0068619235194591,-0.0000000000004325,0.0146070353372522,-0.0000000000017482,12.0250832060679134,3.0032744418628350,1839630.013990,1.618139,-1839631.6321335146204,2976786.7883300781250,1,1.3e-07
1.0165355099298061,0.0,-0.0068970645050846,-0.0000000000000165,0.0146195035799009,0.0000000000001007,12.0280832060679117,3.0032720656541798,1847158.180302,1.611871,-1847159.7921813789289,2977397.1081542968750,1,2.2e-07
1.0165235272396769,0.0,-0.0069319701496787,0.0000000000003603,0.0146319727305866,0.0000000000019358,12.0310832060679118,3.0032696925528857,1854717.406617,1.605493,-1854719.0121088046581,2977735.7167968750000,1,2.7e-08
1.0165115546525523,0.0,-0.0069666441003699,0.0000000000000092,0.0146444428076141,-0.0000000000000440,12.0340832060679119,3.0032673225514941,1862317.833094,1.599143,-1862319.4322311866563,2978104.1916503906250,1,1.6e-07
1.0164995921462310,0.0,-0.0070010899085558,0.0000000000000446,0.0146569138266617,0.0000000000003234,12.0370832060679120,3.0032649556426052,1869962.218040,1.592859,-1869963.8108982313424,2978586.1628417968750,1,4.6e-08
1.0164876396981355,0.0,-0.0070353110329673,0.0000000000001073,0.0146693858053858,0.0000000000002530,12.0400832060679122,3.0032625918188294,1877646.375596,1.586585,-1877647.9621853884310,2979055.0773925781250,1,1.2e-07
1.0164756972863600,0.0,-0.0070693108438319,0.0000000000000077,0.0146818587580326,-0.0000000000002307,12.0430832060679123,3.0032602310728334,1885359.813616,1.580178,-1885361.3937874215189,2979193.4614257812500,1,1.6e-07
1.0164637648881678,0.0,-0.0071030926253551,0.0000000000006178,0.0146943327032331,0.0000000000034603,12.0460832060679124,3.0032578733972355,1893127.538321,1.573977,-1893129.1123082651757,2979760.3769531250000,1,2.8e-07
1.0164518424818667,0.0,-0.0071366595789613,-0.0000000000003975,0.0147068076549838,-0.0000000000030237,12.0490832060679125,3.0032555187847718,1900919.444399,1.567577,-1900921.0119772718754,2979842.2802734375000,1,5.5e-08
1.0164399300451119,0.0,-0.0071700148270852,-0.0000000000005262,0.0147192836299418,-0.0000000000023623,12.0520832060679126,3.0032531672280922,1908756.634867,1.561262,-1908758.1961339570116,2980080.6689453125000,1,1.2e-07
1.0164280275559845,0.0,-0.0072031614142939,-0.0000000000001205,0.0147317606430026,-0.0000000000005601,12.0550832060679127,3.0032508187199642,1916626.041982,1.554858,-1916627.5968357205857,2980076.1315917968750,1,1.1e-07
1.0164161349921432,0.0,-0.0072361023110310,-0.0000000000000780,0.0147442387117410,-0.0000000000006488,12.0580832060679128,3.0032484732531048,1924552.748458,1.548698,-1924554.2971745673567,2980589.5375976562500,1,5.0e-07
1.0164042523324071,0.0,-0.0072688404164408,0.0000000000007347,0.0147567178479166,0.0000000000031336,12.0610832060679130,3.0032461308203304,1932491.524738,1.542183,-1932493.0669163467828,2980249.0869140625000,1,1.2e-07
1.0163923795544880,0.0,-0.0073013785598536,-0.0000000000000928,0.0147691980689198,-0.0000000000005433,12.0640832060679131,3.0032437914143992,1940479.292552,1.535803,-1940480.8283444903791,2980175.6264648437500,1,2.7e-07
1.0163805166363429,0.0,-0.0073337195037197,0.0000000000000881,0.0147816793906581,0.0000000000006252,12.0670832060679132,3.0032414550281130,1948523.200020,1.529651,-1948524.7296850075945,2980589.6113281250000,1,3.6e-07
1.0163686635569453,0.0,-0.0073658659458253,0.0000000000010819,0.0147941618247608,0.0000000000047103,12.0700832060679133,3.0032391216543610,1956577.483496,1.523126,-1956579.0066092235502,2980089.9353027343750,1,3.1e-07
1.0163568202940230,0.0,-0.0073978205209379,-0.0000000000000538,0.0148066453890656,-0.0000000000003939,12.0730832060679134,3.0032367912859561,1964694.468659,1.516915,-1964695.9855773109011,2980282.8586425781250,1,9.2e-08
1.0163449868264767,0.0,-0.0074295858037861,0.0000000000000080,0.0148191300954314,0.0000000000000232,12.0760832060679117,3.0032344639158062,1972838.282882,1.510547,-1972839.7934279162437,2980063.9838867187500,1,5.3e-08
1.0163331631322510,0.0,-0.0074611643098264,0.0000000000011870,0.0148316159605657,0.0000000000038887,12.0790832060679119,3.0032321395367911,1981029.791181,1.504297,-1981031.2954861591570,2980074.8349609375000,1,1.9e-07
1.0163213491909542,0.0,-0.0074925584984274,-0.0000000000001156,0.0148441029943954,-0.0000000000004117,12.0820832060679120,3.0032298181418766,1989242.414899,1.497820,-1989243.9127040179446,2979498.6330566406250,1,3.7e-07
1.0163095449800228,0.0,-0.0075237707731814,-0.0000000000000910,0.0148565912154337,-0.0000000000009264,12.0850832060679121,3.0032274997239581,1997510.350029,1.491559,-1997511.8415800523944,2979389.9477539062500,1,2.0e-07
1.0162977504786617,0.0,-0.0075548034851191,-0.0000000000010288,0.0148690806352957,-0.0000000000047925,12.0880832060679122,3.0032251842760180,2005815.062204,1.485273,-2005816.5474707281683,2979172.9899902343750,1,1.4e-07
1.0162859656657948,0.0,-0.0075856589328899,0.0000000000003913,0.0148815712670755,0.0000000000012410,12.0910832060679123,3.0032228717910892,2014150.960844,1.478893,-2014152.4397184369154,2978677.2966308593750,1,4.3e-07
1.0162741905197881,0.0,-0.0076163393660995,-0.0000000000000431,0.0148940631259726,-0.0000000000002134,12.0940832060679124,3.0032205622621087,2022539.542672,1.472693,-2022541.0153598545585,2978571.1232910156250,1,1.3e-07
1.0162624250199994,0.0,-0.0076468469852839,-0.0000000000000217,0.0149065562229673,-0.0000000000001124,12.0970832060679125,3.0032182556821638,2030952.338954,1.466310,-2030953.8052430225071,2977964.2949218750000,1,4.8e-07
1.0162506691447408,0.0,-0.0076771839435474,-0.0000000000000147,0.0149190505746878,0.0000000000001006,12.1000832060679127,3.0032159520442718,2039422.516004,1.460165,-2039423.9761684187688,2977893.6184082031250,1,3.4e-08
1.0162389228737700,0.0,-0.0077073523496656,0.0000000000000362,0.0149315461895768,0.0000000000002178,12.1030832060679128,3.0032136513415435,2047919.736347,1.453877,-2047921.1902181336191,2977414.5002441406250,1,1.2e-07
1.0162271861856698,0.0,-0.0077373542669094,0.0000000000001008,0.0149440430834353,0.0000000000007006,12.1060832060679129,3.0032113535670466,2056463.583868,1.447690,-2056465.0315623779316,2977131.9008789062500,1,1.1e-07
1.0162154590596550,0.0,-0.0077671917161714,0.0000000000005331,0.0149565412682445,0.0000000000015710,12.1090832060679130,3.0032090587139084,2065029.013918,1.441291,-2065030.4551903582178,2976271.3706054687500,1,4.3e-07
1.0162037414747858,0.0,-0.0077968666766856,-0.0000000000000778,0.0149690407573069,-0.0000000000001508,12.1120832060679131,3.0032067667752393,2073658.243730,1.435211,-2073659.6789452498779,2976146.8654785156250,1,9.4e-08
1.0161920334105936,0.0,-0.0078263810869193,-0.0000000000001927,0.0149815415616699,-0.0000000000007853,12.1150832060679132,3.0032044777442382,2082313.638231,1.428977,-2082315.0672094272450,2975583.3764648437500,1,4.9e-08
1.0161803348464309,0.0,-0.0078557368464910,0.0000000000000609,0.0149940436928749,0.0000000000004700,12.1180832060679133,3.0032021916140810,2091006.116607,1.422726,-2091007.5393284684978,2974921.4199218750000,1,9.4e-08
1.0161686457612442,0.0,-0.0078849358163428,0.0000000000011114,0.0150065471653928,0.0000000000047324,12.1210832060679117,3.0031999083779310,2099742.822389,1.416549,-2099744.2389368964359,2974388.0527343750000,1,2.8e-08
1.0161569661347758,0.0,-0.0079139798204311,0.0000000000000326,0.0150190519900107,0.0000000000000089,12.1240832060679118,3.0031976280290369,2108518.971483,1.410385,-2108520.3818685030565,2973827.0781250000000,1,4.0e-08
1.0161452959463468,0.0,-0.0079428706469419,0.0000000000000076,0.0150315581787995,0.0000000000000607,12.1270832060679119,3.0031953505606186,2117335.330003,1.404243,-2117336.7342523019761,2973268.3281250000000,1,1.4e-07
1.0161336351758574,0.0,-0.0079716100487121,-0.0000000000000130,0.0150440657419114,0.0000000000000118,12.1300832060679120,3.0031930759659740,2126183.653969,1.398024,-2126185.0519895502366,2972450.9956054687500,1,7.6e-08
1.0161219838024480,0.0,-0.0080001997444121,-0.0000000000001355,0.0150565746932130,-0.0000000000003566,12.1330832060679121,3.0031908042383448,2135080.785381,1.391934,-2135082.1773196314462,2971903.8413085937500,1,1.0e-07
1.0161103418060717,0.0,-0.0080286414198278,-0.0000000000005406,0.0150690850427050,-0.0000000000022005,12.1360832060679122,3.0031885353710503,2144010.313555,1.385772,-2144011.6993257803842,2971109.7939453125000,1,1.5e-08
1.0160987091664198,0.0,-0.0080569367281215,-0.0000000000001140,0.0150815968017990,-0.0000000000006336,12.1390832060679124,3.0031862693574265,2152979.611114,1.379628,-2152980.9907356183976,2970299.1572265625000,1,1.2e-07
1.0160870858632911,0.0,-0.0080850872914712,-0.0000000000000508,0.0150941099816314,-0.0000000000003499,12.1420832060679125,3.0031840061907973,2161993.605082,1.373562,-2161994.9786433326080,2969632.5454101562500,1,1.2e-08
1.0160754718765017,0.0,-0.0081130947012374,-0.0000000000001756,0.0151066245932494,-0.0000000000008395,12.1450832060679126,3.0031817458645311,2171042.809628,1.367461,-2171044.1770847709849,2968809.2080078125000,1,8.4e-08
1.0160638671859754,0.0,-0.0081409605192338,0.0000000000031714,0.0151191406473807,0.0000000000139791,12.1480832060679127,3.0031794883720004,2180127.681305,1.361330,-2180129.0426196865737,2967842.6113281250000,1,3.2e-07
1.0160522717717455,0.0,-0.0081686862775574,0.0000000000000511,0.0151316581549668,0.0000000000004127,12.1510832060679128,3.0031772337066505,2189267.629717,1.355400,-2189268.9851212063804,2967344.5649414062500,1,9.5e-08
1.0160406856136728,0.0,-0.0081962734813137,-0.0000000000000001,0.0151441771266807,0.0000000000003216,12.1540832060679129,3.0031749818618572,2198435.490221,1.349348,-2198436.8395700305700,2966458.4868164062500,1,1.9e-08
1.0160021316823276,0.0,-0.0082872489186922,0.0000000000000000,0.0151859177386319,0.0000000000000000,12.1640832060679127,3.0031674959993477,2229285.103548,1.329350,-2229286.4328936734237,2963493.0966796875000,1,7.0e-08
1.0159636796446203,0.0,-0.0083767536378989,0.0000000000000000,0.0152276751090968,0.0000000000000000,12.1740832060679125,3.0031600411626722,2260587.189834,1.309695,-2260588.4995447774418,2960717.3715820312500,1,3.1e-07
1.0159253287746273,0.0,-0.0084648372191582,0.0000000000000000,0.0152694496007862,0.0000000000000000,12.1840832060679123,3.0031526171130212,2292315.408016,1.290084,-2292316.6981033962220,2957289.9379882812500,1,7.2e-08
1.0158870783537195,0.0,-0.0085515464475114,0.0000000000000000,0.0153112415596823,0.0000000000000000,12.1940832060679121,3.0031452236140361,2324492.657444,1.270786,-2324493.9282364021055,2953948.6206054687500,1,1.1e-07
1.0158489276698228,0.0,-0.0086369255310989,0.0000000000000000,0.0153530513200327,0.0000000000000000,12.2040832060679136,3.0031378604316994,2357104.087853,1.251638,-2357105.3394818608649,2950220.5566406250000,1,1.8e-07
1.0158108760174762,0.0,-0.0087210162987722,0.0000000000000000,0.0153948792022816,0.0000000000000000,12.2140832060679134,3.0031305273343274,2390165.552990,1.232821,-2390166.7858002646826,2946623.0966796875000,1,2.1e-07
1.0157729226983974,0.0,-0.0088038583771918,0.0000000000000000,0.0154367255123687,0.0000000000000000,12.2240832060679132,3.0031232240926178,2423675.974126,1.214325,-2423677.1884494298138,2943128.9814453125000,1,2.1e-08
1.0157350670209082,0.0,-0.0088854893526705,0.0000000000000000,0.0154785905431839,0.0000000000000000,12.2340832060679130,3.0031159504795530,2457622.957341,1.196018,-2457624.1533527518623,2939348.8286132812500,1,1.2e-07
1.0156973082997318,0.0,-0.0089659449168650,0.0000000000000000,0.0155204745755985,0.0000000000000000,12.2440832060679128,3.0031087062703925,2492013.085435,1.177980,-2492014.2633994077332,2935505.1318359375000,1,2.6e-07
1.0156596458558731,0.0,-0.0090452589996029,0.0000000000000000,0.0155623778794744,0.0000000000000000,12.2540832060679126,3.0031014912426404,2526857.839426,1.160329,-2526858.9997527613305,2931981.8276367187500,1,3.3e-08
1.0156220790169903,0.0,-0.0091234638904740,0.0000000000000000,0.0156043007118820,0.0000000000000000,12.2640832060679124,3.0030943051760133,2562133.957054,1.142830,-2562135.0998661792837,2928040.5107421875000,1,3.0e-07
1.0155846071168868,0.0,-0.0092005903484871,0.0000000000000000,0.0156462433190466,0.0000000000000000,12.2740832060679121,3.0030871478524657,2597870.990269,1.125787,-2597872.1160566569306,2924653.4667968750000,1,9.1e-09
1.0155472294957570,0.0,-0.0092766677038072,0.0000000000000000,0.0156882059356722,0.0000000000000000,12.2840832060679137,3.0030800190561147,2634047.786296,1.108990,-2634048.8952932772227,2921154.8945312500000,1,1.2e-07
1.0155099454998688,0.0,-0.0093517239501061,0.0000000000000000,0.0157301887861911,0.0000000000000000,12.2940832060679135,3.0030729185732210,2670660.834751,1.092411,-2670661.9271560097113,2917446.4355468750000,1,9.0e-08
1.0154727544813282,0.0,-0.0094257858291935,0.0000000000000000,0.0157721920858690,0.0000000000000000,12.3040832060679133,3.0030658461921718,2707730.074518,1.076245,-2707731.1507681719959,2914195.9565429687500,1,8.5e-08
1.0154356557984860,0.0,-0.0094988789095954,0.0000000000000000,0.0158142160388398,0.0000000000000000,12.3140832060679131,3.0030588017034647,2745242.625170,1.060371,-2745243.6855529975146,2911010.4355468750000,1,1.9e-07
1.0153986488156859,0.0,-0.0095710276582449,0.0000000000000000,0.0158562608391248,0.0000000000000000,12.3240832060679129,3.0030517848996818,2783182.793604,1.044653,-2783183.8382380809635,2907410.3818359375000,1,2.9e-07
1.0153617329025164,0.0,-0.0096422555062884,0.0000000000000000,0.0158983266746593,0.0000000000000000,12.3340832060679126,3.0030447955754269,2821590.067799,1.029453,-2821591.0972498226911,2904688.9755859375000,1,2.8e-08
1.0153249074350283,0.0,-0.0097125849111907,0.0000000000000000,0.0159404137205275,0.0000000000000000,12.3440832060679124,3.0030378335273773,2860433.267848,1.014493,-2860434.2823370331898,2901878.9335937500000,1,5.6e-08
1.0152881717949211,0.0,-0.0097820374123880,0.0000000000000000,0.0159825221440929,0.0000000000000000,12.3540832060679122,3.0030308985542367,2899718.679924,0.999833,-2899719.6797469109297,2899208.9775390625000,1,1.5e-07
1.0152515253684613,0.0,-0.0098506336848173,0.0000000000000000,0.0160246521079526,0.0000000000000000,12.3640832060679138,3.0030239904565437,2939452.237320,0.985531,-2939453.2228432158008,2896901.0000000000000,1,1.1e-07
1.0152149675489768,0.0,-0.0099183935858197,0.0000000000000000,0.0160668037610224,0.0000000000000000,12.3740832060679136,3.0030171090370175,2979626.475359,0.971526,-2979627.4468729710206,2894751.2148437500000,1,1.7e-07
1.0151784977343243,0.0,-0.0099853362019001,0.0000000000000000,0.0161089772477735,0.0000000000000000,12.3840832060679134,3.0030102541001753,3020246.472358,0.957865,-3020247.4302139026113,2892962.1328125000000,1,1.3e-07
1.0151421153278979,0.0,-0.0100514798897757,0.0000000000000000,0.0161511727048121,0.0000000000000000,12.3940832060679131,3.0030034254524707,3061314.165184,0.944567,-3061315.1097562150098,2891633.5761718750000,1,5.8e-08
1.0151058197385734,0.0,-0.0101168423155950,0.0000000000000000,0.0161933902606098,0.0000000000000000,12.4040832060679129,3.0029966229022724,3102812.587838,0.931502,-3102813.5193326422013,2890255.3867187500000,1,8.8e-08
1.0150696103806729,0.0,-0.0101814404914492,0.0000000000000000,0.0162356300353757,0.0000000000000000,12.4140832060679127,3.0029898462598301,3144754.757385,0.918778,-3144755.6761516877450,2889297.1347656250000,1,1.5e-07
1.0150334866729493,0.0,-0.0102452908086129,0.0000000000000000,0.0162778921472744,0.0000000000000000,12.4240832060679125,3.0029830953371675,3187143.718573,0.906425,-3187144.6249958872795,2888902.2441406250000,1,2.5e-08
1.0149974480402362,0.0,-0.0103084090703514,0.0000000000000000,0.0163201767015855,0.0000000000000000,12.4340832060679123,3.0029763699482346,3229967.424935,0.894354,-3229968.3192861485295,2888729.0312500000000,1,3.6e-08
1.0149614939120173,0.0,-0.0103708105204200,0.0000000000000000,0.0163624838004566,0.0000000000000000,12.4440832060679121,3.0029696699087443,3273227.638640,0.882587,-3273228.5212189839222,2888885.2958984375000,1,1.0e-07
1.0149256237228708,0.0,-0.0104325098714583,0.0000000000000000,0.0164048135387164,0.0000000000000000,12.4540832060679136,3.0029629950361976,3316939.532393,0.871238,-3316940.4036483899690,2889905.1103515625000,1,2.3e-07
1.0148898369123096,0.0,-0.0104935213305421,0.0000000000000000,0.0164471660057438,0.0000000000000000,12.4640832060679134,3.0029563451498533,3361066.610918,0.860051,-3361067.4709663456306,2890681.3769531250000,1,3.8e-08
1.0148541329245395,0.0,-0.0105538586236127,0.0000000000000000,0.0164895412857127,0.0000000000000000,12.4740832060679132,3.0029497200707063,3405639.478961,0.849252,-3405640.3282127808779,2892248.5937500000000,1,9.1e-09
1.0148185112090680,0.0,-0.0106135350185090,0.0000000000000000,0.0165319394547535,0.0000000000000000,12.4840832060679130,3.0029431196215119,3450639.567022,0.838717,-3450640.4057268085890,2894068.9541015625000,1,1.6e-07
1.0147829712196192,0.0,-0.0106725633459038,0.0000000000000000,0.0165743605866054,0.0000000000000000,12.4940832060679128,3.0029365436266815,3496090.630027,0.828616,-3496091.4586567245424,2896965.8681640625000,1,1.7e-07
1.0147475124150775,0.0,-0.0107309560202197,0.0000000000000000,0.0166168047469190,0.0000000000000000,12.5040832060679126,3.0029299919123345,3541957.729518,0.818716,-3541958.5482421824709,2899887.6845703125000,1,9.0e-08
1.0147121342590912,0.0,-0.0107887250578533,0.0000000000000000,0.0166592719961793,0.0000000000000000,12.5140832060679124,3.0029234643062837,3588244.463791,0.809056,-3588245.2728261686862,2903018.6083984375000,1,2.4e-07
1.0146768362189653,0.0,-0.0108458820950183,0.0000000000000000,0.0167017623946119,0.0000000000000000,12.5240832060679121,3.0029169606378932,3635002.645185,0.799975,-3635003.4452035264112,2908071.2158203125000,1,5.1e-07
1.0146416177683433,0.0,-0.0109024384058869,0.0000000000000000,0.0167442759879195,0.0000000000000000,12.5340832060679137,3.0029104807382998,3682136.883392,0.790869,-3682137.6742606940679,2912086.8828125000000,1,9.5e-09
1.0146064783834410,0.0,-0.0109584049162168,0.0000000000000000,0.0167868128278596,0.0000000000000000,12.5440832060679135,3.0029040244400926,3729731.043629,0.782280,-3729731.8259381712414,2917804.4121093750000,1,3.3e-07
1.0145714175462410,0.0,-0.0110137922206842,0.0000000000000000,0.0168293729538746,0.0000000000000000,12.5540832060679133,3.0028975915775389,3777716.759060,0.773789,-3777717.5328407655470,2923126.1562500000000,1,9.2e-08
1.0145364347425112,0.0,-0.0110686105950936,0.0000000000000000,0.0168719564048336,0.0000000000000000,12.5640832060679131,3.0028911819864583,3826141.769763,0.765700,-3826142.5354549810290,2929650.0117187500000,1,8.4e-08
1.0145015294625148,0.0,-0.0111228700111012,0.0000000000000000,0.0169145632141095,0.0000000000000000,12.5740832060679129,3.0028847955041993,3874978.912012,0.757856,-3874979.6698457435705,2936590.5185546875000,1,2.5e-07
1.0144667012008328,0.0,-0.0111765801480950,0.0000000000000000,0.0169571934112450,0.0000000000000000,12.5840832060679126,3.0028784319696635,3924241.851384,0.750348,-3924242.6017124741338,2944470.7539062500000,1,2.2e-07
