x0,y0,z0,xd0,yd0,zd0,Tp,JC,stabilityIndex1,stabilityIndex2,alpha,beta,impactFlag,error
1.0190613958978132,0.0,0.0000000000000432,-0.0000000000000166,-0.0022885712593500,-0.0013923472117759,8.5073628106144472,3.0036199298205322,-2.1173,1.8323,0.2850,-1.8796,1,1.3e-12
1.0190451256888189,0.0,-0.0000000000005541,-0.0000000000064509,-0.0022530923309091,-0.0022187486733930,8.5103628106144473,3.0036175389723758,-2.1478,1.5824,0.5654,-1.3986,1,5.5e-10
1.0190288432304107,0.0,-0.0000000000000065,-0.0000000000001122,-0.0022176498846562,-0.0028113153823784,8.5133628106144474,3.0036151547324179,-2.1809,1.3428,0.8381,-0.9286,1,1.0e-11
1.0190125481787125,0.0,-0.0000000000000026,-0.0000000000000409,-0.0021822438276634,-0.0032985808246044,8.5163628106144476,3.0036127770812131,-2.2171,1.1138,1.1034,-0.4694,1,1.4e-12
1.0189962402358699,0.0,0.0000000000000140,0.0000000000000651,-0.0021468741568840,-0.0037221402382078,8.5193628106144477,3.0036104059989115,-2.2568,0.8954,1.3613,-0.0208,1,1.0e-12
1.0189799190913760,0.0,0.0000000000000823,-0.0000000000001801,-0.0021115408461476,-0.0041017840228848,8.5223628106144478,3.0036080414645396,-2.3002,0.6880,1.6121,0.4174,1,1.3e-12
1.0189635844456086,0.0,-0.0000000000000858,-0.0000000000003303,-0.0020762438926024,-0.0044487760087190,8.5253628106144479,3.0036056834578448,-2.3478,0.4918,1.8560,0.8453,1,2.4e-11
1.0189472359984879,0.0,0.0000000000000744,0.0000000000001932,-0.0020409832950882,-0.0047702533124082,8.5283628106144480,3.0036033319576432,-2.4000,0.3070,2.0930,1.2632,1,1.0e-12
1.0189308734560700,0.0,0.0000000000008737,0.0000000000032835,-0.0020057590652489,-0.0050710767897274,8.5313628106144481,3.0036009869427396,-2.4572,0.1338,2.3234,1.6713,1,1.1e-10
1.0189144965370165,0.0,-0.0000000000001823,-0.0000000000007481,-0.0019705712396314,-0.0053547343043025,8.5343628106144482,3.0035986483914652,-2.5197,-0.0277,2.5473,2.0698,1,1.3e-11
1.0188981049524133,0.0,0.0000000000000568,0.0000000000002231,-0.0019354198426406,-0.0056238295312465,8.5373628106144483,3.0035963162820307,-2.5876,-0.1773,2.7649,2.4588,1,1.2e-12
1.0188816984282614,0.0,0.0000000000001728,0.0000000000005283,-0.0019003049269026,-0.0058803673831865,8.5403628106144467,3.0035939905921585,-2.6612,-0.3151,2.9763,2.8385,1,4.4e-12
1.0188652766939386,0.0,-0.0000000000001074,-0.0000000000000562,-0.0018652265524346,-0.0061259308999747,8.5433628106144468,3.0035916712992705,-2.7404,-0.4413,3.1817,3.2092,1,2.0e-11
1.0188488394858177,0.0,0.0000000000001102,0.0000000000002831,-0.0018301847930978,-0.0063617961083714,8.5463628106144469,3.0035893583804012,-2.8250,-0.5561,3.3811,3.5711,1,2.3e-11
1.0188323865469178,0.0,-0.0000000000000638,-0.0000000000002176,-0.0017951797348853,-0.0065890095469186,8.5493628106144470,3.0035870518122083,-2.9147,-0.6602,3.5749,3.9243,1,1.6e-11
1.0188159176263083,0.0,-0.0000000000000016,0.0000000000000167,-0.0017602114753932,-0.0068084422949369,8.5523628106144471,3.0035847515710095,-3.0089,-0.7541,3.7630,4.2690,1,6.3e-12
1.0187994324810357,0.0,-0.0000000000000166,-0.0000000000000532,-0.0017252801266831,-0.0070208286681383,8.5553628106144473,3.0035824576326977,-3.1072,-0.8385,3.9457,4.6053,1,2.9e-12
1.0187829308794989,0.0,0.0000000000015916,0.0000000000024677,-0.0016903858213409,-0.0072267945916706,8.5583628106144474,3.0035801699724978,-3.2088,-0.9142,4.1230,4.9336,1,2.3e-10
1.0187664125843139,0.0,0.0000000000000255,-0.0000000000000814,-0.0016555286801347,-0.0074268787852995,8.5613628106144475,3.0035778885661197,-3.3130,-0.9822,4.2952,5.2540,1,2.2e-12
1.0187498773861632,0.0,0.0000000000001015,0.0000000000001746,-0.0016207088750335,-0.0076215489860132,8.5643628106144476,3.0035756133875280,-3.4192,-1.0431,4.4623,5.5666,1,1.7e-11
1.0187333250699711,0.0,0.0000000000004738,0.0000000000007792,-0.0015859265656884,-0.0078112143894259,8.5673628106144477,3.0035733444110635,-3.5268,-1.0978,4.6245,5.8716,1,6.1e-11
1.0187167554392638,0.0,0.0000000000000789,0.0000000000004925,-0.0015511819433326,-0.0079962354601304,8.5703628106144478,3.0035710816104420,-3.6350,-1.1470,4.7820,6.1693,1,2.4e-11
1.0187001682964683,0.0,0.0000000000003316,0.0000000000005964,-0.0015164751968364,-0.0081769317563113,8.5733628106144479,3.0035688249589274,-3.7433,-1.1914,4.9347,6.4598,1,1.7e-11
1.0186835634603755,0.0,0.0000000000005736,0.0000000000013563,-0.0014818065417285,-0.0083535881480629,8.5763628106144481,3.0035665744292395,-3.8514,-1.2316,5.0829,6.7432,1,3.1e-11
1.0186669407601614,0.0,0.0000000000002217,0.0000000000002253,-0.0014471762091289,-0.0085264599113989,8.5793628106144482,3.0035643299935120,-3.9587,-1.2680,5.2267,7.0198,1,4.6e-12
1.0186503000315987,0.0,0.0000000000001918,0.0000000000003519,-0.0014125844403734,-0.0086957768801737,8.5823628106144483,3.0035620916235568,-4.0650,-1.3013,5.3663,7.2897,1,1.4e-11
1.0186336411254620,0.0,-0.0000000000017011,-0.0000000000044937,-0.0013780314997196,-0.0088617468822214,8.5853628106144484,3.0035598592905299,-4.1699,-1.3317,5.5016,7.5531,1,7.5e-11
1.0186169638947993,0.0,0.0000000000002212,0.0000000000002774,-0.0013435176531800,-0.0090245586175679,8.5883628106144467,3.0035576329651299,-4.2732,-1.3597,5.6329,7.8102,1,1.8e-11
1.0186002682170687,0.0,0.0000000000002832,0.0000000000005884,-0.0013090432055126,-0.0091843840173389,8.5913628106144468,3.0035554126174260,-4.3748,-1.3855,5.7602,8.0611,1,4.3e-12
1.0185835539711596,0.0,-0.0000000000015409,-0.0000000000029148,-0.0012746084600968,-0.0093413803128112,8.5943628106144470,3.0035531982170127,-4.4744,-1.4094,5.8837,8.3060,1,5.3e-12
1.0185668210500796,0.0,-0.0000000000006371,-0.0000000000014993,-0.0012402137417429,-0.0094956917325399,8.5973628106144471,3.0035509897329131,-4.5719,-1.4316,6.0035,8.5451,1,2.7e-11
1.0185500693629077,0.0,-0.0000000000008088,-0.0000000000016726,-0.0012058593980494,-0.0096474509748632,8.6003628106144472,3.0035487871334592,-4.6674,-1.4523,6.1197,8.7785,1,7.4e-13
1.0185332988256701,0.0,0.0000000000000042,0.0000000000000093,-0.0011715457844617,-0.0097967804761869,8.6033628106144473,3.0035465903865601,-4.7606,-1.4717,6.2323,9.0064,1,5.3e-12
1.0185165093692146,0.0,0.0000000000001721,0.0000000000013847,-0.0011372732774420,-0.0099437934938712,8.6063628106144474,3.0035443994595132,-4.8516,-1.4900,6.3416,9.2290,1,5.1e-11
1.0184997009430048,0.0,0.0000000000000490,0.0000000000005003,-0.0011030422788355,-0.0100885950552048,8.6093628106144475,3.0035422143187769,-4.9403,-1.5073,6.4476,9.4463,1,4.9e-11
1.0184828734967692,0.0,-0.0000000000015907,-0.0000000000017631,-0.0010688531885867,-0.0102312827739786,8.6123628106144476,3.0035400349308650,-5.0267,-1.5236,6.5503,9.6587,1,1.4e-10
1.0184660270109211,0.0,-0.0000000000004137,-0.0000000000007991,-0.0010347064468893,-0.0103719476096584,8.6153628106144478,3.0035378612602961,-5.1109,-1.5391,6.6500,9.8661,1,3.8e-12
1.0184491614648974,0.0,-0.0000000000004329,-0.0000000000006606,-0.0010006024940175,-0.0105106744106550,8.6183628106144479,3.0035356932727164,-5.1927,-1.5539,6.7466,10.0688,1,2.0e-11
1.0184322768613319,0.0,0.0000000000009535,0.0000000000025344,-0.0009665417983148,-0.0106475425658875,8.6213628106144480,3.0035335309319771,-5.2724,-1.5680,6.8403,10.2670,0,1.0e-11
1.0184153732127441,0.0,-0.0000000000003144,-0.0000000000005215,-0.0009325248392314,-0.0107826264482403,8.6243628106144481,3.0035313742016947,-5.3497,-1.5815,6.9312,10.4607,0,1.5e-11
1.0183984505498835,0.0,0.0000000000011957,0.0000000000022604,-0.0008985521198802,-0.0109159958612538,8.6273628106144482,3.0035292230447066,-5.4249,-1.5945,7.0194,10.6501,0,2.0e-11
1.0183815088618453,0.0,-0.0000000001034991,-0.0000000002082614,-0.0008646240592952,-0.0110477164583288,8.6303628106144483,3.0035270774250247,-5.4979,-1.6071,7.1049,10.8354,0,2.3e-09
1.0183645483669637,0.0,-0.0000000000012483,-0.0000000000024324,-0.0008307414815365,-0.0111778499405792,8.6333628106144484,3.0035249372992512,-5.5688,-1.6192,7.1879,11.0167,0,2.8e-12
1.0183475689820036,0.0,-0.0000000000011827,-0.0000000000022156,-0.0007969046542498,-0.0113064546637825,8.6363628106144468,3.0035228026333396,-5.6375,-1.6309,7.2684,11.1941,0,1.4e-11
1.0183305708478396,0.0,-0.0000000000000050,0.0000000000000029,-0.0007631142412926,-0.0114335856223958,8.6393628106144469,3.0035206733860309,-5.7043,-1.6422,7.3465,11.3678,0,7.1e-12
1.0183135540710819,0.0,-0.0000000000003294,-0.0000000000006632,-0.0007293708329873,-0.0115592948458856,8.6423628106144470,3.0035185495169854,-5.7690,-1.6533,7.4223,11.5378,0,6.6e-12
1.0182965187728115,0.0,0.0000000000007252,0.0000000000012453,-0.0006956750348576,-0.0116836315964792,8.6453628106144471,3.0035164309852811,-5.8318,-1.6641,7.4959,11.7045,0,9.9e-12
1.0182794650856906,0.0,-0.0000000000041903,-0.0000000000101867,-0.0006620274631502,-0.0118066425787113,8.6483628106144472,3.0035143177494255,-5.8927,-1.6746,7.5673,11.8677,0,1.5e-10
1.0182623931770092,0.0,-0.0000000000008142,-0.0000000000015128,-0.0006284287794215,-0.0119283720980302,8.6513628106144473,3.0035122097669484,-5.9517,-1.6849,7.6366,12.0278,0,6.5e-12
1.0182453032019658,0.0,0.0000000000007507,0.0000000000013629,-0.0005948796193151,-0.0120488622809261,8.6543628106144475,3.0035101069952890,-6.0089,-1.6949,7.7039,12.1848,0,1.3e-11
1.0182281953525376,0.0,-0.0000000000000631,-0.0000000000001291,-0.0005613806668003,-0.0121681531761834,8.6573628106144476,3.0035080093908126,-6.0644,-1.7048,7.7692,12.3388,0,5.8e-12
1.0182110698296292,0.0,-0.0000000000013169,-0.0000000000022847,-0.0005279326106716,-0.0122862829187280,8.6603628106144477,3.0035059169094969,-6.1182,-1.7146,7.8327,12.4900,0,1.1e-11
1.0181939268520528,0.0,0.0000000000002704,0.0000000000004775,-0.0004945361588320,-0.0124032878531450,8.6633628106144478,3.0035038295066196,-6.1703,-1.7242,7.8944,12.6385,0,3.8e-12
1.0181767666555412,0.0,0.0000000000000453,0.0000000000000659,-0.0004611920360818,-0.0125192026479757,8.6663628106144479,3.0035017471368564,-6.2208,-1.7336,7.9544,12.7843,0,3.7e-12
1.0181595894910460,0.0,-0.0000000000002735,-0.0000000000006679,-0.0004279009811064,-0.0126340604043942,8.6693628106144480,3.0034996697543157,-6.2697,-1.7429,8.0126,12.9277,0,4.1e-12
1.0181423956272611,0.0,0.0000000000000968,-0.0000000000000814,-0.0003946637504582,-0.0127478927521167,8.6723628106144481,3.0034975973124753,-6.3172,-1.7522,8.0693,13.0686,0,2.0e-11
1.0181251853476248,0.0,-0.0000000000003711,-0.0000000000007216,-0.0003614811132431,-0.0128607299406572,8.6753628106144483,3.0034955297642973,-6.3631,-1.7613,8.1244,13.2073,0,3.9e-12
1.0181079589550679,0.0,-0.0000000000266122,-0.0000000000520763,-0.0003283538572309,-0.0129726009167431,8.6783628106144484,3.0034934670621443,-6.4077,-1.7703,8.1780,13.3438,0,2.7e-11
1.0180907167624376,0.0,-0.0000000000012371,-0.0000000000022299,-0.0002952827804066,-0.0130835334169967,8.6813628106144467,3.0034914091578164,-6.4509,-1.7793,8.2302,13.4782,0,3.7e-12
1.0180734591070963,0.0,-0.0000000000584389,-0.0000000001078849,-0.0002622687025701,-0.0131935540102734,8.6843628106144468,3.0034893560025959,-6.4928,-1.7882,8.2810,13.6107,0,2.1e-11
1.0180561863370112,0.0,0.0000000000020620,0.0000000000038204,-0.0002293124425820,-0.0133026881852227,8.6873628106144469,3.0034873075473381,-6.5334,-1.7971,8.3305,13.7413,0,3.1e-12
1.0180388988173323,0.0,0.0000000000012041,0.0000000000016155,-0.0001964148513169,-0.0134109604071618,8.6903628106144470,3.0034852637422360,-6.5727,-1.8060,8.3787,13.8700,0,1.4e-11
1.0180215969315114,0.0,-0.0000000004851858,-0.0000000008899633,-0.0001635767844122,-0.0135183941728179,8.6933628106144472,3.0034832245368106,-6.6109,-1.8147,8.4256,13.9971,0,7.8e-11
1.0180042810720504,0.0,0.0000000000036520,0.0000000000067570,-0.0001307991024259,-0.0136250120324757,8.6963628106144473,3.0034811898811733,-6.6479,-1.8235,8.4714,14.1226,0,6.1e-12
1.0179869516553837,0.0,0.0000000000039705,0.0000000000072125,-0.0000980826926935,-0.0137308357074799,8.6993628106144474,3.0034791597234252,-6.6838,-1.8323,8.5161,14.2466,0,1.4e-12
1.0179696091079160,0.0,0.0000000000018892,0.0000000000034853,-0.0000654284448229,-0.0138358860640861,8.7023628106144475,3.0034771340122712,-6.7186,-1.8410,8.5596,14.3691,0,5.5e-12
1.0179522538723247,0.0,0.0000000000278752,0.0000000000507391,-0.0000328372619959,-0.0139401831908660,8.7053628106144476,3.0034751126957513,-6.7524,-1.8498,8.6022,14.4903,0,7.5e-12
1.0179348864064650,0.0,0.0000000302977178,0.0000000548792145,-0.0000003100585297,-0.0140437464270883,8.7083628106144477,3.0034730957215814,-6.7852,-1.8585,8.6437,14.6102,0,1.1e-11
1.0179175071817537,0.0,-0.0000000000522691,-0.0000000000937454,0.0000321522425243,-0.0141465944097142,8.7113628106144478,3.0034710830369806,-6.8170,-1.8672,8.6842,14.7289,0,7.2e-12
1.0179001166864587,0.0,0.0000000002313006,0.0000000004159728,0.0000645487030656,-0.0142487450888609,8.7143628106144480,3.0034690745889563,-6.8479,-1.8760,8.7238,14.8465,0,9.7e-12
1.0178957785893235,0.0,-0.0000000000148857,-0.0000000000270044,0.0000726165436504,-0.0142741102476467,8.7151108743193042,3.0034685744269409,-6.8554,-1.8782,8.7336,14.8756,0,1.2e-11
1.0178783747161728,0.0,0.0000000000057604,0.0000000000102406,0.0001049294236685,-0.0143754140018205,8.7181108743193025,3.0034665711969306,-6.8852,-1.8869,8.7721,14.9919,0,4.4e-12
1.0178609607168512,0.0,0.0000000000002007,0.0000000000003537,0.0001371743304496,-0.0144760585313745,8.7211108743193027,3.0034645720831037,-6.9140,-1.8957,8.8098,15.1072,0,1.1e-11
1.0178435371225389,0.0,0.0000000000023938,0.0000000000042496,0.0001693503011930,-0.0145760598020981,8.7241108743193028,3.0034625770315082,-6.9421,-1.9046,8.8466,15.2216,0,4.0e-12
1.0178261044764390,0.0,0.0000000000014593,0.0000000000025890,0.0002014563669973,-0.0146754332252237,8.7271108743193029,3.0034605859880026,-6.9693,-1.9134,8.8827,15.3352,0,2.2e-11
1.0178086633360808,0.0,0.0000000000052448,0.0000000000094399,0.0002334915491655,-0.0147741936805325,8.7301108743193030,3.0034585988981690,-6.9958,-1.9223,8.9181,15.4479,0,9.1e-12
1.0177912142702963,0.0,-0.0000000000038583,-0.0000000000071173,0.0002654548642689,-0.0148723555392230,8.7331108743193031,3.0034566157074800,-7.0215,-1.9312,8.9527,15.5600,0,1.9e-12
1.0177737578600632,0.0,-0.0000000000052837,-0.0000000000091185,0.0002973453224292,-0.0149699326853729,8.7361108743193032,3.0034546363612544,-7.0465,-1.9402,8.9867,15.6714,0,6.3e-12
1.0177562946978347,0.0,-0.0000000000060464,-0.0000000000084968,0.0003291619277918,-0.0150669385367940,8.7391108743193033,3.0034526608046797,-7.0708,-1.9492,9.0200,15.7821,0,7.5e-12
1.0177388253857085,0.0,0.0000000000007453,0.0000000000012821,0.0003609036850080,-0.0151633860672440,8.7421108743193034,3.0034506889828143,-7.0944,-1.9582,9.0526,15.8923,0,2.8e-13
1.0177213505400415,0.0,0.0000000000000075,0.0000000000000402,0.0003925695845004,-0.0152592878104879,8.7451108743193036,3.0034487208407694,-7.1174,-1.9673,9.0847,16.0020,0,4.5e-12
1.0177038707853632,0.0,-0.0000000000004472,-0.0000000000008126,0.0004241586193012,-0.0153546558943638,8.7481108743193037,3.0034467563235197,-7.1397,-1.9764,9.1161,16.1111,0,1.1e-11
1.0176863867560921,0.0,0.0000000000003547,0.0000000000006160,0.0004556697785935,-0.0154495020479826,8.7511108743193038,3.0034447953760850,-7.1614,-1.9856,9.1470,16.2199,0,7.2e-13
1.0176688990967191,0.0,0.0000000000008768,0.0000000000015183,0.0004871020480570,-0.0155438376175737,8.7541108743193039,3.0034428379435036,-7.1825,-1.9949,9.1773,16.3282,0,2.7e-12
1.0176514084608044,0.0,0.0000000000005895,0.0000000000010292,0.0005184544112551,-0.0156376735815369,8.7571108743193040,3.0034408839708706,-7.2030,-2.0042,9.2072,16.4362,0,1.2e-12
1.0176339155103413,0.0,-0.0000000000001694,-0.0000000000003309,0.0005497258506369,-0.0157310205638610,8.7601108743193041,3.0034389334033831,-7.2229,-2.0136,9.2365,16.5438,0,6.5e-12
1.0176164209162792,0.0,-0.0000000000001529,-0.0000000000003033,0.0005809153463337,-0.0158238888470545,8.7631108743193025,3.0034369861863133,-7.2423,-2.0230,9.2653,16.6512,0,6.7e-12
1.0175989253567737,0.0,-0.0000000000010224,-0.0000000000017350,0.0006120218790109,-0.0159162883839565,8.7661108743193026,3.0034350422651257,-7.2612,-2.0325,9.2937,16.7583,0,1.9e-12
1.0175814295176511,0.0,0.0000000000003258,0.0000000000005814,0.0006430444287598,-0.0160082288101839,8.7691108743193027,3.0034331015854279,-7.2796,-2.0420,9.3216,16.8651,0,2.1e-12
1.0175639340926159,0.0,-0.0000000000008303,-0.0000000000014463,0.0006739819748283,-0.0160997194535738,8.7721108743193028,3.0034311640930138,-7.2974,-2.0517,9.3491,16.9717,0,1.3e-12
1.0175464397803993,0.0,0.0000000000001575,0.0000000000002570,0.0007048334995598,-0.0161907693468875,8.7751108743193029,3.0034292297339618,-7.3147,-2.0613,9.3761,17.0782,0,6.3e-12
1.0175289472878097,0.0,-0.0000000000007401,-0.0000000000013053,0.0007355979838327,-0.0162813872353281,8.7781108743193030,3.0034272984545414,-7.3316,-2.0711,9.4027,17.1844,0,6.1e-12
1.0175114573255910,0.0,-0.0000000000007807,-0.0000000000013809,0.0007662744130159,-0.0163715815891929,8.7811108743193032,3.0034253702013571,-7.3480,-2.0809,9.4289,17.2905,0,5.4e-12
1.0174939706115715,0.0,-0.0000000000007449,-0.0000000000012934,0.0007968617720796,-0.0164613606092037,8.7841108743193033,3.0034234449212902,-7.3640,-2.0908,9.4547,17.3965,0,1.1e-12
1.0174764878677456,0.0,-0.0000000000001618,0.0000000000000771,0.0008273590496848,-0.0165507322379466,8.7871108743193034,3.0034215225615823,-7.3794,-2.1007,9.4802,17.5023,0,1.0e-11
1.0174590098204508,0.0,-0.0000000000002613,-0.0000000000004645,0.0008577652382320,-0.0166397041685993,8.7901108743193035,3.0034196030698124,-7.3945,-2.1108,9.5052,17.6081,0,5.6e-12
1.0174415372011525,0.0,0.0000000000058155,0.0000000000102115,0.0008880793317119,-0.0167282838496303,8.7931108743193036,3.0034176863939632,-7.4091,-2.1209,9.5299,17.7137,0,2.5e-12
1.0174240707445308,0.0,0.0000000000006504,0.0000000000012749,0.0009183003287547,-0.0168164784942757,8.7961108743193037,3.0034157724824717,-7.4233,-2.1310,9.5543,17.8192,0,1.5e-11
1.0174066111898150,0.0,0.0000000000000674,0.0000000000001198,0.0009484272308389,-0.0169042950894003,8.7991108743193038,3.0034138612840970,-7.4370,-2.1413,9.5783,17.9246,0,6.2e-12
1.0173891592776572,0.0,-0.0000000000011959,-0.0000000000021646,0.0009784590462327,-0.0169917404004401,8.8021108743193039,3.0034119527481824,-7.4503,-2.1516,9.6019,18.0300,0,1.0e-11
1.0173717157519064,0.0,-0.0000000000002704,-0.0000000000004618,0.0010083947872297,-0.0170788209795145,8.8051108743193041,3.0034100468244960,-7.4633,-2.1619,9.6252,18.1352,0,5.1e-12
1.0173542813603089,0.0,-0.0000000000009003,-0.0000000000016019,0.0010382334692158,-0.0171655431683226,8.8081108743193042,3.0034081434633104,-7.4758,-2.1724,9.6482,18.2403,0,6.3e-12
1.0173368568513832,0.0,0.0000000000004678,0.0000000000008247,0.0010679741147624,-0.0172519131092990,8.8111108743193025,3.0034062426154255,-7.4879,-2.1829,9.6708,18.3454,0,1.8e-12
1.0173194429762162,0.0,-0.0000000000023017,-0.0000000000030644,0.0010976157510618,-0.0173379367472659,8.8141108743193026,3.0034043442322012,-7.4996,-2.1935,9.6931,18.4504,0,8.7e-12
1.0173020404858475,0.0,-0.0000000000016814,-0.0000000000031159,0.0011271574134286,-0.0174236198391970,8.8171108743193027,3.0034024482655806,-7.5109,-2.2041,9.7151,18.5552,0,1.4e-11
1.0172846501344102,0.0,-0.0000000000009640,-0.0000000000016746,0.0011565981406700,-0.0175089679553653,8.8201108743193029,3.0034005546680467,-7.5219,-2.2149,9.7367,18.6600,0,9.7e-12
1.0172672726757526,0.0,0.0000000000021439,0.0000000000038291,0.0011859369795609,-0.0175939864875415,8.8231108743193030,3.0033986633927250,-7.5324,-2.2257,9.7581,18.7646,0,1.3e-11
1.0172499088658344,0.0,-0.0000000000001791,-0.0000000000003431,0.0012151729816416,-0.0176786806515528,8.8261108743193031,3.0033967743933245,-7.5425,-2.2365,9.7791,18.8691,0,4.4e-12
1.0172325594590912,0.0,-0.0000000000004506,-0.0000000000007633,0.0012443052078667,-0.0177630554955646,8.8291108743193032,3.0033948876242462,-7.5523,-2.2474,9.7998,18.9734,0,3.7e-13
1.0172152252111275,0.0,0.0000000000000599,0.0000000000001107,0.0012733327249020,-0.0178471159022279,8.8321108743193033,3.0033930030405016,-7.5617,-2.2584,9.8201,19.0776,0,4.5e-12
1.0171979068773938,0.0,0.0000000000011825,0.0000000000020900,0.0013022546066715,-0.0179308665931452,8.8351108743193034,3.0033911205977977,-7.5707,-2.2695,9.8402,19.1815,0,8.1e-12
1.0171806052130334,0.0,0.0000000000001305,0.0000000000002301,0.0013310699346098,-0.0180143121342163,8.8381108743193035,3.0033892402525093,-7.5793,-2.2806,9.8599,19.2853,0,1.2e-12
1.0171633209727882,0.0,-0.0000000000000382,-0.0000000000001596,0.0013597777974074,-0.0180974569392007,8.8411108743193036,3.0033873619617113,-7.5875,-2.2918,9.8793,19.3889,0,9.5e-12
1.0171460549101237,0.0,0.0000000000003461,0.0000000000006051,0.0013883772925132,-0.0181803052744105,8.8441108743193038,3.0033854856832094,-7.5954,-2.3030,9.8984,19.4923,0,9.4e-12
1.0171288077787082,0.0,-0.0000000000001088,-0.0000000000002669,0.0014168675235060,-0.0182628612610516,8.8471108743193039,3.0033836113754981,-7.6028,-2.3143,9.9171,19.5953,0,6.2e-12
1.0171115803299937,0.0,0.0000000000006782,0.0000000000013094,0.0014452476036379,-0.0183451288813187,8.8501108743193040,3.0033817389978359,-7.6099,-2.3257,9.9356,19.6981,0,2.0e-12
1.0170943733146762,0.0,0.0000000000019308,0.0000000000039227,0.0014735166537991,-0.0184271119800330,8.8531108743193041,3.0033798685102222,-7.6166,-2.3371,9.9537,19.8006,0,1.0e-11
1.0170771874828819,0.0,0.0000000000000883,0.0000000000001672,0.0015016738016346,-0.0185088142679059,8.8561108743193024,3.0033779998733903,-7.6229,-2.3486,9.9714,19.9028,0,2.4e-12
1.0170600235838343,0.0,-0.0000000000296457,-0.0000000000514942,0.0015297181831276,-0.0185902393221656,8.8591108743193026,3.0033761330489317,-7.6288,-2.3601,9.9889,20.0046,0,1.0e-11
1.0170428823597455,0.0,0.0000000000003230,0.0000000000005485,0.0015576489483938,-0.0186713906117514,8.8621108743193027,3.0033742679989035,-7.6343,-2.3717,10.0060,20.1060,0,5.8e-12
1.0170257645594891,0.0,0.0000000000003244,0.0000000000005885,0.0015854652467679,-0.0187522714540528,8.8651108743193028,3.0033724046866088,-7.6395,-2.3833,10.0227,20.2070,0,1.4e-11
1.0170086709257449,0.0,0.0000000000004693,0.0000000000008521,0.0016131662407331,-0.0188328850631603,8.8681108743193029,3.0033705430758051,-7.6442,-2.3949,10.0392,20.3075,0,1.2e-11
1.0169916021993171,0.0,-0.0000000000003101,-0.0000000000005104,0.0016407511017474,-0.0189132345327016,8.8711108743193030,3.0033686831311512,-7.6486,-2.4067,10.0553,20.4076,0,8.8e-12
1.0169745591195347,0.0,-0.0000000000022488,-0.0000000000040891,0.0016682190093051,-0.0189933228409237,8.8741108743193031,3.0033668248180976,-7.6526,-2.4184,10.0710,20.5071,0,1.9e-12
1.0169575424243869,0.0,-0.0000000000005788,-0.0000000000010650,0.0016955691509100,-0.0190731528534088,8.8771108743193032,3.0033649681028778,-7.6561,-2.4302,10.0864,20.6061,0,4.3e-12
1.0169405528495283,0.0,-0.0000000000000857,-0.0000000000001885,0.0017228007229561,-0.0191527273258933,8.8801108743193033,3.0033631129525751,-7.6593,-2.4421,10.1014,20.7046,0,2.4e-12
1.0169235911290209,0.0,-0.0000000000000784,-0.0000000000002477,0.0017499129302340,-0.0192320489071505,8.8831108743193035,3.0033612593350538,-7.6621,-2.4539,10.1161,20.8024,0,2.4e-12
1.0169066579945627,0.0,-0.0000000000011949,-0.0000000000020594,0.0017769049866495,-0.0193111201414940,8.8861108743193036,3.0033594072190173,-7.6645,-2.4658,10.1304,20.8996,0,3.0e-12
1.0168897541756370,0.0,-0.0000000000001731,-0.0000000000003521,0.0018037761152988,-0.0193899434711041,8.8891108743193037,3.0033575565739987,-7.6665,-2.4778,10.1443,20.9960,0,5.8e-13
1.0168728804011813,0.0,0.0000000000008375,0.0000000000014752,0.0018305255458621,-0.0194685212367660,8.8921108743193038,3.0033557073703054,-7.6681,-2.4898,10.1579,21.0918,0,3.6e-12
1.0168560373968025,0.0,-0.0000000000010462,-0.0000000000018733,0.0018571525188862,-0.0195468556821548,8.8951108743193039,3.0033538595791383,-7.6693,-2.5018,10.1711,21.1868,0,4.1e-12
1.0168392258866334,0.0,-0.0000000000010572,-0.0000000000019401,0.0018836562829347,-0.0196249489553471,8.8981108743193040,3.0033520131724862,-7.6701,-2.5138,10.1839,21.2810,0,7.3e-12
1.0168224465929143,0.0,0.0000000000001275,-0.0000000000004957,0.0019100360954893,-0.0197028031104250,8.9011108743193041,3.0033501681231747,-7.6705,-2.5258,10.1963,21.3743,0,7.3e-12
1.0168057002371749,0.0,0.0000000000004028,0.0000000000007227,0.0019362912210700,-0.0197804201067551,8.9041108743193025,3.0033483244048909,-7.6705,-2.5379,10.2084,21.4668,0,5.2e-12
1.0167889875381635,0.0,0.0000000000006573,0.0000000000010851,0.0019624209347833,-0.0198578018168929,8.9071108743193026,3.0033464819921014,-7.6701,-2.5500,10.2200,21.5584,0,7.4e-12
1.0167723092128953,0.0,0.0000000000000330,0.0000000000000100,0.0019884245202934,-0.0199349500237811,8.9101108743193027,3.0033446408601607,-7.6693,-2.5620,10.2313,21.6490,0,3.4e-12
1.0167556659774935,0.0,-0.0000000000003752,-0.0000000000006210,0.0020143012691993,-0.0200118664233086,8.9131108743193028,3.0033428009852261,-7.6680,-2.5741,10.2422,21.7386,0,7.6e-13
1.0167390585470433,0.0,-0.0000000000008088,-0.0000000000004835,0.0020400504812328,-0.0200885526251744,8.9161108743193029,3.0033409623442999,-7.6664,-2.5862,10.2527,21.8272,0,7.9e-12
1.0167224876330174,0.0,0.0000000000004527,0.0000000000008817,0.0020656714678784,-0.0201650101600320,8.9191108743193031,3.0033391249152137,-7.6644,-2.5983,10.2627,21.9146,0,6.2e-12
1.0167059539490304,0.0,-0.0000000000001802,-0.0000000000003142,0.0020911635449648,-0.0202412404697055,8.9221108743193032,3.0033372886766507,-7.6619,-2.6104,10.2724,22.0010,0,4.3e-12
1.0166894582056809,0.0,-0.0000000000003104,-0.0000000000005160,0.0021165260394058,-0.0203172449195603,8.9251108743193033,3.0033354536081052,-7.6591,-2.6225,10.2816,22.0862,0,2.8e-12
1.0166730011124783,0.0,-0.0000000000003342,-0.0000000000006736,0.0021417582871192,-0.0203930247953869,8.9281108743193034,3.0033336196899296,-7.6559,-2.6346,10.2905,22.1702,0,1.3e-11
1.0166565833793459,0.0,-0.0000000000000354,-0.0000000000002910,0.0021668596309813,-0.0204685813033141,8.9311108743193035,3.0033317869032845,-7.6522,-2.6467,10.2989,22.2529,0,4.7e-12
1.0166402057142925,0.0,0.0000000000004955,0.0000000000004984,0.0021918294243516,-0.0205439155744767,8.9341108743193036,3.0033299552301860,-7.6481,-2.6587,10.3069,22.3344,0,5.1e-12
1.0166238688263525,0.0,-0.0000000000002584,-0.0000000000004340,0.0022166670272707,-0.0206190286616761,8.9371108743193037,3.0033281246534793,-7.6437,-2.6708,10.3144,22.4145,0,3.1e-12
1.0166075734217808,0.0,0.0000000000000037,-0.0000000000000027,0.0022413718115120,-0.0206939215480940,8.9401108743193038,3.0033262951568318,-7.6388,-2.6828,10.3216,22.4933,0,1.9e-12
1.0165913202092300,0.0,-0.0000000000002399,-0.0000000000004203,0.0022659431544559,-0.0207685951384989,8.9431108743193040,3.0033244667247470,-7.6335,-2.6948,10.3283,22.5706,0,1.0e-11
1.0165751098965281,0.0,0.0000000000000398,0.0000000000000875,0.0022903804432168,-0.0208430502670097,8.9461108743193041,3.0033226393425529,-7.6279,-2.7067,10.3346,22.6464,0,6.8e-13
1.0165589431910447,0.0,-0.0000000000008451,-0.0000000000015258,0.0023146830745948,-0.0209172876970215,8.9491108743193024,3.0033208129964284,-7.6218,-2.7186,10.3404,22.7208,0,2.8e-12
1.0165428208011498,0.0,0.0000000000000857,0.0000000000001658,0.0023388504533222,-0.0209913081208060,8.9521108743193025,3.0033189876733606,-7.6154,-2.7305,10.3458,22.7936,0,3.6e-12
1.0165267434360612,0.0,-0.0000000000003276,-0.0000000000005845,0.0023628819927582,-0.0210651121599448,8.9551108743193026,3.0033171633611793,-7.6085,-2.7423,10.3508,22.8648,0,2.2e-12
1.0165107118054142,0.0,0.0000000000000471,0.0000000000000853,0.0023867771155429,-0.0211387003682478,8.9581108743193028,3.0033153400485300,-7.6013,-2.7541,10.3553,22.9344,0,2.4e-12
1.0164947266200970,0.0,-0.0000000000001065,-0.0000000000002005,0.0024105352530000,-0.0212120732304847,8.9611108743193029,3.0033135177248997,-7.5936,-2.7658,10.3594,23.0023,0,3.2e-12
1.0164787885922038,0.0,-0.0000000000008342,-0.0000000000018648,0.0024341558453907,-0.0212852311639860,8.9641108743193030,3.0033116963806039,-7.5856,-2.7774,10.3630,23.0685,0,1.5e-12
1.0164628984351685,0.0,-0.0000000000000064,-0.0000000000000044,0.0024576383422649,-0.0213581745196441,8.9671108743193031,3.0033098760067767,-7.5772,-2.7890,10.3662,23.1329,0,2.3e-12
1.0164470568648014,0.0,-0.0000000000013291,-0.0000000000027117,0.0024809822013336,-0.0214309035804334,8.9701108743193032,3.0033080565953925,-7.5684,-2.8005,10.3689,23.1956,0,1.4e-11
1.0164312645975244,0.0,0.0000000000001515,0.0000000000002527,0.0025041868911196,-0.0215034185660009,8.9731108743193033,3.0033062381392597,-7.5593,-2.8120,10.3712,23.2564,0,3.6e-12
1.0164155223536440,0.0,-0.0000000000001760,-0.0000000000002313,0.0025272518873221,-0.0215757196277708,8.9761108743193034,3.0033044206320030,-7.5497,-2.8233,10.3730,23.3153,0,5.0e-12
1.0163998308551998,0.0,-0.0000000000015659,-0.0000000000014854,0.0025501766758430,-0.0216478068532527,8.9791108743193035,3.0033026040680904,-7.5398,-2.8346,10.3744,23.3723,0,7.1e-12
1.0163841908255009,0.0,-0.0000000000000721,-0.0000000000001758,0.0025729607535701,-0.0217196802681905,8.9821108743193037,3.0033007884428300,-7.5296,-2.8458,10.3753,23.4273,0,4.8e-12
1.0163686029934855,0.0,0.0000000000001924,0.0000000000003793,0.0025956036239298,-0.0217913398292171,8.9851108743193038,3.0032989737523499,-7.5189,-2.8568,10.3758,23.4803,0,1.7e-12
1.0163530680902062,0.0,0.0000000000005788,0.0000000000010979,0.0026181048010336,-0.0218627854310260,8.9881108743193039,3.0032971599936253,-7.5080,-2.8678,10.3758,23.5313,0,1.9e-12
1.0163375868498232,0.0,-0.0000000000000194,-0.0000000000000198,0.0026404638094255,-0.0219340169053913,8.9911108743193040,3.0032953471644741,-7.4966,-2.8787,10.3753,23.5802,0,3.4e-12
1.0163221600109813,0.0,-0.0000000000000141,-0.0000000000003289,0.0026626801825058,-0.0220050340195121,8.9941108743193041,3.0032935352635466,-7.4850,-2.8894,10.3743,23.6269,0,4.3e-12
1.0163067883156105,0.0,0.0000000000004802,0.0000000000009265,0.0026847534647268,-0.0220758364782249,8.9971108743193025,3.0032917242903627,-7.4729,-2.9000,10.3729,23.6716,0,6.5e-12
1.0162914725108259,0.0,0.0000000000003185,-0.0000000000006277,0.0027066832095725,-0.0221464239221988,9.0001108743193026,3.0032899142452663,-7.4606,-2.9105,10.3711,23.7140,0,2.8e-12
1.0162762133488072,0.0,0.0000000000001363,0.0000000000002319,0.0027284689804950,-0.0222167959275728,9.0031108743193027,3.0032881051294793,-7.4479,-2.9208,10.3687,23.7542,0,6.3e-12
1.0162610115857931,0.0,-0.0000000000007124,-0.0000000000009656,0.0027501103522561,-0.0222869520097863,9.0061108743193028,3.0032862969450562,-7.4349,-2.9311,10.3659,23.7921,0,2.8e-12
1.0162458679832149,0.0,-0.0000000000000077,-0.0000000000000133,0.0027716069104722,-0.0223568916206211,9.0091108743193029,3.0032844896949418,-7.4216,-2.9411,10.3627,23.8277,0,8.1e-13
1.0162307833095932,0.0,0.0000000000003206,0.0000000000005041,0.0027929582497125,-0.0224266141461518,9.0121108743193030,3.0032826833829307,-7.4079,-2.9510,10.3589,23.8609,0,1.4e-12
1.0162157583388183,0.0,0.0000000000000402,0.0000000000000890,0.0028141639761746,-0.0224961189100497,9.0151108743193031,3.0032808780136979,-7.3940,-2.9608,10.3547,23.8918,0,1.2e-11
1.0162007938505133,0.0,-0.0000000000000218,-0.0000000000000061,0.0028352237078856,-0.0225654051731483,9.0181108743193032,3.0032790735928132,-7.3798,-2.9703,10.3501,23.9203,0,1.2e-11
1.0161858906318644,0.0,-0.0000000000001867,-0.0000000000003478,0.0028561370729661,-0.0226344721312191,9.0211108743193034,3.0032772701267105,-7.3652,-2.9797,10.3449,23.9463,0,8.4e-12
1.0161710494762992,0.0,-0.0000000000002542,-0.0000000000004568,0.0028769037120718,-0.0227033189167974,9.0241108743193035,3.0032754676227467,-7.3504,-2.9889,10.3393,23.9698,0,6.0e-12
1.0161562711858065,0.0,-0.0000000000003372,-0.0000000000005632,0.0028975232760665,-0.0227719445963247,9.0271108743193036,3.0032736660891484,-7.3353,-2.9979,10.3332,23.9908,0,4.4e-12
1.0161415565686085,0.0,0.0000000000000297,0.0000000000000372,0.0029179954295203,-0.0228403481734761,9.0301108743193037,3.0032718655351007,-7.3199,-3.0068,10.3267,24.0093,0,5.3e-12
1.0161269064429659,0.0,0.0000000000012981,0.0000000000025162,0.0029383198469937,-0.0229085285838583,9.0331108743193038,3.0032700659706615,-7.3043,-3.0154,10.3197,24.0252,0,1.4e-11
1.0161123216350725,0.0,-0.0000000000001188,-0.0000000000002140,0.0029584962157161,-0.0229764846979672,9.0361108743193039,3.0032682674068503,-7.2884,-3.0238,10.3122,24.0385,0,2.1e-12
1.0160978029791354,0.0,-0.0000000000003848,-0.0000000000006544,0.0029785242371338,-0.0230442153218858,9.0391108743193040,3.0032664698556255,-7.2722,-3.0320,10.3042,24.0492,0,1.4e-11
1.0160833513190139,0.0,0.0000000000003626,0.0000000000006950,0.0029984036247444,-0.0231117191943759,9.0421108743193042,3.0032646733298942,-7.2558,-3.0399,10.2957,24.0572,0,3.5e-12
1.0160689675095362,0.0,0.0000000000010106,-0.0000000000006426,0.0030181341040077,-0.0231789949845671,9.0451108743193025,3.0032628778435160,-7.2392,-3.0477,10.2868,24.0625,0,9.6e-12
1.0160546524160288,0.0,-0.0000000000001960,-0.0000000000005809,0.0030377154128920,-0.0232460412919843,9.0481108743193026,3.0032610834113749,-7.2223,-3.0551,10.2774,24.0651,0,2.7e-12
1.0160404069122109,0.0,0.0000000000001786,0.0000000000003412,0.0030571473061583,-0.0233128566532795,9.0511108743193027,3.0032592900492729,-7.2052,-3.0624,10.2676,24.0649,0,1.3e-12
1.0160262318850450,0.0,0.0000000000003011,0.0000000000006529,0.0030764295495415,-0.0233794395301206,9.0541108743193028,3.0032574977740696,-7.1878,-3.0694,10.2572,24.0620,0,6.8e-12
1.0160121282321801,0.0,0.0000000000003190,0.0000000000004543,0.0030955619240727,-0.0234457883158154,9.0571108743193030,3.0032557066036278,-7.1703,-3.0761,10.2464,24.0563,0,9.7e-12
1.0159980968643816,0.0,0.0000000000001083,0.0000000000001848,0.0031145442239366,-0.0235119013304786,9.0601108743193031,3.0032539165568353,-7.1525,-3.0825,10.2350,24.0477,0,9.3e-12
1.0159841387035897,0.0,0.0000000000001682,0.0000000000003052,0.0031333762595696,-0.0235777768242904,9.0631108743193032,3.0032521276536484,-7.1346,-3.0887,10.2232,24.0364,0,4.0e-12
1.0159702546853588,0.0,-0.0000000000001095,-0.0000000000004850,0.0031520578557068,-0.0236434129731831,9.0661108743193033,3.0032503399150894,-7.1164,-3.0946,10.2110,24.0221,0,6.9e-12
1.0159564457601209,0.0,-0.0000000000001918,-0.0000000000003174,0.0031705888509712,-0.0237088078766423,9.0691108743193034,3.0032485533632389,-7.0981,-3.1001,10.1982,24.0050,0,7.1e-12
1.0159427128907934,0.0,-0.0000000000002488,-0.0000000000004537,0.0031889691013087,-0.0237739595614903,9.0721108743193035,3.0032467680213140,-7.0795,-3.1054,10.1849,23.9849,0,1.5e-11
1.0159290570559807,0.0,-0.0000000000001014,-0.0000000000002070,0.0032071984773985,-0.0238388659762851,9.0751108743193036,3.0032449839136350,-7.0608,-3.1104,10.1712,23.9619,0,8.5e-12
1.0159154792488851,0.0,0.0000000000000737,0.0000000000001345,0.0032252768668075,-0.0239035249928504,9.0781108743193037,3.0032432010656800,-7.0418,-3.1151,10.1569,23.9360,0,3.1e-12
1.0159019804801057,0.0,-0.0000000000007159,-0.0000000000012612,0.0032432041718827,-0.0239679344009819,9.0811108743193039,3.0032414195040795,-7.0227,-3.1194,10.1422,23.9071,0,2.0e-12
1.0158885617747719,0.0,-0.0000000000000040,0.0000000000000172,0.0032609803136642,-0.0240320919139667,9.0841108743193040,3.0032396392566523,-7.0035,-3.1235,10.1270,23.8752,0,1.4e-12
1.0158752241766904,0.0,0.0000000000000312,0.0000000000001052,0.0032786052287285,-0.0240959951596347,9.0871108743193041,3.0032378603524381,-6.9840,-3.1272,10.1112,23.8403,0,1.3e-12
1.0158619687471329,0.0,-0.0000000000009846,-0.0000000000016768,0.0032960788711861,-0.0241596416833723,9.0901108743193024,3.0032360828216977,-6.9644,-3.1306,10.0950,23.8024,0,5.0e-12
1.0158487965647311,0.0,-0.0000000000000381,-0.0000000000000633,0.0033134012137868,-0.0242230289472105,9.0931108743193025,3.0032343066959752,-6.9446,-3.1336,10.0782,23.7615,0,3.9e-12
1.0158357087297611,0.0,-0.0000000000003001,-0.0000000000005268,0.0033305722447767,-0.0242861543219056,9.0961108743193027,3.0032325320080719,-6.9246,-3.1363,10.0609,23.7175,0,9.1e-12
1.0158227063590761,0.0,-0.0000000000000505,-0.0000000000001260,0.0033475919738321,-0.0243490150963090,9.0991108743193028,3.0032307587921196,-6.9045,-3.1386,10.0431,23.6705,0,3.3e-12
1.0158097905933134,0.0,-0.0000000000004246,-0.0000000000007795,0.0033644604259052,-0.0244116084624354,9.1021108743193029,3.0032289870835918,-6.8842,-3.1406,10.0248,23.6204,0,9.7e-12
1.0157969625922492,0.0,-0.0000000000005526,-0.0000000000010905,0.0033811776469473,-0.0244739315247307,9.1051108743193030,3.0032272169193397,-6.8637,-3.1422,10.0059,23.5673,0,1.2e-12
1.0157842235387970,0.0,0.0000000000002970,0.0000000000006496,0.0033977437009301,-0.0245359812919302,9.1081108743193031,3.0032254483376022,-6.8431,-3.1435,9.9865,23.5110,0,1.8e-12
1.0157715746394933,0.0,-0.0000000000000016,0.0000000000000740,0.0034141586706138,-0.0245977546749759,9.1111108743193032,3.0032236813780693,-6.8222,-3.1444,9.9666,23.4516,0,1.2e-12
1.0157590171233919,0.0,-0.0000000000000571,-0.0000000000001935,0.0034304226595772,-0.0246592484894649,9.1141108743193033,3.0032219160818925,-6.8012,-3.1449,9.9461,23.3892,0,2.8e-12
1.0157465522455340,0.0,-0.0000000000000487,-0.0000000000000923,0.0034465357898787,-0.0247204594478339,9.1171108743193034,3.0032201524917337,-6.7800,-3.1451,9.9251,23.3236,0,3.2e-12
1.0157341812856158,0.0,0.0000000000000547,-0.0000000000000498,0.0034624982047111,-0.0247813841618624,9.1201108743193036,3.0032183906517878,-6.7586,-3.1449,9.9035,23.2548,0,2.0e-12
1.0157219055512692,0.0,-0.0000000000004097,-0.0000000000006138,0.0034783100661985,-0.0248420191351709,9.1231108743193037,3.0032166306078354,-6.7370,-3.1443,9.8813,23.1830,0,1.3e-12
1.0157097263762436,0.0,0.0000000000000946,0.0000000000002275,0.0034939715583829,-0.0249023607668812,9.1261108743193038,3.0032148724072645,-6.7152,-3.1433,9.8585,23.1080,0,1.1e-12
1.0156976451242830,0.0,-0.0000000000002728,-0.0000000000005923,0.0035094828845562,-0.0249624053424964,9.1291108743193039,3.0032131160991362,-6.6931,-3.1420,9.8351,23.0299,0,3.6e-12
1.0156856631880000,0.0,-0.0000000000000531,-0.0000000000007240,0.0035248442697563,-0.0250221490366017,9.1321108743193040,3.0032113617341838,-6.6708,-3.1403,9.8112,22.9486,0,6.0e-12
1.0156737819918433,0.0,0.0000000000000109,0.0000000000000216,0.0035400559588675,-0.0250815879046224,9.1351108743193041,3.0032096093649336,-6.6483,-3.1383,9.7866,22.8642,0,7.3e-12
1.0156620029912025,0.0,0.0000000000007161,0.0000000000011559,0.0035551182189673,-0.0251407178861232,9.1381108743193025,3.0032078590456472,-6.6256,-3.1358,9.7614,22.7766,0,8.7e-12
1.0156503276755355,0.0,-0.0000000000000634,-0.0000000000001567,0.0035700313373838,-0.0251995347959265,9.1411108743193026,3.0032061108324566,-6.6025,-3.1330,9.7356,22.6859,0,7.3e-12
1.0156387575681673,0.0,0.0000000000000652,0.0000000000001605,0.0035847956231450,-0.0252580343249034,9.1441108743193027,3.0032043647833637,-6.5792,-3.1299,9.7091,22.5920,0,5.6e-13
1.0156272942292059,0.0,-0.0000000000003493,-0.0000000000008730,0.0035994114057702,-0.0253162120327055,9.1471108743193028,3.0032026209583145,-6.5556,-3.1263,9.6819,22.4950,0,1.4e-12
1.0156159392547521,0.0,0.0000000000000889,0.0000000000001794,0.0036138790368189,-0.0253740633490453,9.1501108743193029,3.0032008794192397,-6.5317,-3.1224,9.6541,22.3948,0,8.9e-12
1.0156046942807542,0.0,0.0000000000000559,0.0000000000000938,0.0036281988880499,-0.0254315835645811,9.1531108743193030,3.0031991402301217,-6.5074,-3.1182,9.6256,22.2914,0,2.7e-13
1.0155935609825568,0.0,-0.0000000000001372,-0.0000000000002548,0.0036423713527721,-0.0254887678315390,9.1561108743193032,3.0031974034570332,-6.4828,-3.1136,9.5964,22.1849,0,4.3e-12
1.0155825410766082,0.0,0.0000000000000822,0.0000000000001490,0.0036563968457339,-0.0255456111591305,9.1591108743193033,3.0031956691682091,-6.4578,-3.1087,9.5665,22.0752,0,2.1e-12
1.0155716363242235,0.0,-0.0000000000000791,-0.0000000000001181,0.0036702758009241,-0.0256021084046246,9.1621108743193034,3.0031939374341134,-6.4324,-3.1034,9.5358,21.9624,0,3.8e-12
1.0155608485306618,0.0,0.0000000000000781,0.0000000000001306,0.0036840086737188,-0.0256582542749666,9.1651108743193035,3.0031922083274849,-6.4066,-3.0978,9.5044,21.8464,0,1.3e-12
1.0155501795476081,0.0,0.0000000000002389,0.0000000000005591,0.0036975959399484,-0.0257140433203364,9.1681108743193036,3.0031904819234176,-6.3803,-3.0919,9.4722,21.7272,0,3.5e-12
1.0155396312765701,0.0,0.0000000000000040,-0.0000000000002031,0.0037110380941012,-0.0257694699261819,9.1711108743193037,3.0031887582994270,-6.3536,-3.0857,9.4392,21.6049,0,3.0e-12
1.0155292056680600,0.0,-0.0000000000000729,0.0000000000000971,0.0037243356512107,-0.0258245283144644,9.1741108743193038,3.0031870375355014,-6.3263,-3.0791,9.4054,21.4794,0,4.1e-12
1.0155189047262023,0.0,0.0000000000000155,-0.0000000000000275,0.0037374891444446,-0.0258792125321984,9.1771108743193039,3.0031853197142158,-6.2986,-3.0723,9.3708,21.3508,0,2.4e-12
1.0155087305094088,0.0,-0.0000000000002858,-0.0000000000006077,0.0037504991253419,-0.0259335164497098,9.1801108743193041,3.0031836049207765,-6.2703,-3.0651,9.3354,21.2190,0,5.6e-12
1.0154986851322525,0.0,-0.0000000000000373,-0.0000000000000442,0.0037633661635961,-0.0259874337558368,9.1831108743193042,3.0031818932430960,-6.2414,-3.0577,9.2991,21.0841,0,4.5e-13
1.0154887707693321,0.0,-0.0000000000000389,-0.0000000000001388,0.0037760908449289,-0.0260409579480319,9.1861108743193025,3.0031801847719111,-6.2119,-3.0500,9.2618,20.9461,0,1.3e-12
1.0154789896562577,0.0,0.0000000000000385,-0.0000000000000174,0.0037886737714388,-0.0260940823301974,9.1891108743193026,3.0031784796008201,-6.1817,-3.0420,9.2237,20.8048,0,1.3e-12
1.0154693440925247,0.0,-0.0000000000024408,-0.0000000000080750,0.0038011155605238,-0.0261468000048831,9.1921108743193027,3.0031767778264080,-6.1509,-3.0338,9.1847,20.6605,0,1.8e-11
1.0154598364446326,0.0,0.0000000000005522,0.0000000000009733,0.0038134168427820,-0.0261991038652029,9.1951108743193029,3.0031750795483632,-6.1194,-3.0253,9.1447,20.5129,0,4.6e-12
1.0154504691478354,0.0,0.0000000000001258,-0.0000000000007172,0.0038255782625002,-0.0262509865920513,9.1981108743193030,3.0031733848694633,-6.0871,-3.0166,9.1037,20.3623,0,4.3e-12
1.0154412447095023,0.0,-0.0000000000000187,-0.0000000000000771,0.0038376004751688,-0.0263024406437649,9.2011108743193031,3.0031716938957898,-6.0540,-3.0076,9.0617,20.2084,0,1.5e-12
1.0154321657115868,0.0,0.0000000000001685,0.0000000000005342,0.0038494841467676,-0.0263534582505515,9.2041108743193032,3.0031700067367924,-6.0202,-2.9985,9.0187,20.0514,0,5.4e-12
1.0154232348156556,0.0,0.0000000000000124,0.0000000000000000,0.0038612299508649,-0.0264040314034766,9.2071108743193033,3.0031683235053461,-5.9855,-2.9891,8.9746,19.8913,0,2.9e-12
1.0154227726279865,0.0,-0.0000000000001287,-0.0000000000002587,0.0038618394578322,-0.0264066596064373,9.2072675127524501,3.0031682357291873,-5.9836,-2.9886,8.9723,19.8828,0,1.4e-12
1.0154140005284467,0.0,0.0000000000000745,0.0000000000001591,0.0038734409312796,-0.0264567561848671,9.2102675127524503,3.0031665567562547,-5.9480,-2.9790,8.9271,19.7194,0,5.4e-12
1.0154053822496163,0.0,0.0000000000001523,0.0000000000002876,0.0038849059396066,-0.0265063911003772,9.2132675127524504,3.0031648819539467,-5.9115,-2.9693,8.8807,19.5527,0,5.8e-12
1.0153969207105711,0.0,0.0000000000000027,0.0000000000000430,0.0038962351720100,-0.0265555555735224,9.2162675127524505,3.0031632114464673,-5.8740,-2.9593,8.8333,19.3829,0,3.9e-12
1.0153886189215042,0.0,0.0000000000001138,0.0000000000002031,0.0039074293186965,-0.0266042405567208,9.2192675127524506,3.0031615453619289,-5.8355,-2.9492,8.7847,19.2099,0,1.4e-11
1.0153804799934152,0.0,0.0000000000000772,0.0000000000008813,0.0039184890640952,-0.0266524367108113,9.2222675127524507,3.0031598838325562,-5.7960,-2.9389,8.7349,19.0337,0,1.6e-11
1.0153725071322479,0.0,0.0000000000001570,0.0000000000003021,0.0039294150922737,-0.0267001344184345,9.2252675127524508,3.0031582269947328,-5.7555,-2.9284,8.6839,18.8543,0,8.4e-13
1.0153647036466240,0.0,-0.0000000000003640,-0.0000000000005389,0.0039402080797900,-0.0267473237658670,9.2282675127524509,3.0031565749891724,-5.7139,-2.9178,8.6316,18.6717,0,1.3e-11
1.0153570729590198,0.0,-0.0000000000002059,-0.0000000000001462,0.0039508686894818,-0.0267939945170739,9.2312675127524511,3.0031549279610887,-5.6711,-2.9070,8.5781,18.4859,0,7.5e-12
1.0153496186003554,0.0,-0.0000000000000585,-0.0000000000000941,0.0039613975723085,-0.0268401361263040,9.2342675127524512,3.0031532860602721,-5.6273,-2.8960,8.5233,18.2969,0,4.5e-13
1.0153423442181171,0.0,0.0000000000001007,0.0000000000001953,0.0039717953629166,-0.0268857377183341,9.2372675127524513,3.0031516494412966,-5.5823,-2.8849,8.4672,18.1046,0,6.6e-12
1.0153352535837439,0.0,-0.0000000000000689,-0.0000000000001053,0.0039820626728516,-0.0269307880726846,9.2402675127524514,3.0031500182636321,-5.5361,-2.8737,8.4098,17.9090,0,8.1e-13
1.0153283505940767,0.0,-0.0000000000000489,-0.0000000000000069,0.0039922000890913,-0.0269752756197191,9.2432675127524515,3.0031483926918132,-5.4887,-2.8623,8.3509,17.7101,0,5.0e-12
1.0153216392787558,0.0,-0.0000000000002730,-0.0000000000005452,0.0040022081680575,-0.0270191884237359,9.2462675127524516,3.0031467728956174,-5.4400,-2.8507,8.2907,17.5080,0,1.2e-12
1.0153151238017182,0.0,0.0000000000002180,0.0000000000004073,0.0040120874334935,-0.0270625141807197,9.2492675127524517,3.0031451590501641,-5.3901,-2.8390,8.2291,17.3025,0,9.8e-12
1.0153088084692725,0.0,-0.0000000000032251,-0.0000000000123682,0.0040218383687483,-0.0271052401997679,9.2522675127524501,3.0031435513361298,-5.3390,-2.8270,8.1661,17.0936,0,1.9e-11
1.0153026977430724,0.0,-0.0000000000000731,-0.0000000000001281,0.0040314614087539,-0.0271473533722423,9.2552675127524502,3.0031419499400358,-5.2867,-2.8149,8.1016,16.8814,0,1.4e-12
1.0152967962221553,0.0,0.0000000000001011,0.0000000000002002,0.0040409569452720,-0.0271888402195090,9.2582675127524503,3.0031403550540294,-5.2331,-2.8025,8.0356,16.6658,0,3.7e-12
1.0152911086736092,0.0,0.0000000000001281,-0.0000000000006449,0.0040503253086128,-0.0272296868176816,9.2612675127524504,3.0031387668764791,-5.1782,-2.7899,7.9681,16.4468,0,5.6e-12
1.0152856400259116,0.0,-0.0000000000000148,-0.0000000000000225,0.0040595667678247,-0.0272698788171613,9.2642675127524505,3.0031371856119442,-5.1221,-2.7770,7.8992,16.2244,0,4.0e-13
1.0152803953834451,0.0,0.0000000000022223,0.0000000000006078,0.0040686815165968,-0.0273094014122731,9.2672675127524506,3.0031356114713437,-5.0649,-2.7638,7.8287,15.9984,0,8.0e-11
1.0152753799958203,0.0,0.0000000000001208,0.0000000000003891,0.0040776696913443,-0.0273482394104224,9.2702675127524508,3.0031340446721009,-5.0065,-2.7503,7.7567,15.7690,0,3.8e-13
1.0152705993334787,0.0,-0.0000000000003959,-0.0000000000006340,0.0040865313174682,-0.0273863770663920,9.2732675127524509,3.0031324854384041,-4.9469,-2.7363,7.6832,15.5361,0,3.9e-12
1.0152660590243008,0.0,-0.0000000000001239,-0.0000000000001538,0.0040952663456458,-0.0274237982267306,9.2762675127524510,3.0031309340012249,-4.8863,-2.7218,7.6081,15.2996,0,5.1e-13
1.0152617648896418,0.0,-0.0000000000000054,-0.0000000000000497,0.0041038746237246,-0.0274604862522226,9.2792675127524511,3.0031293905985490,-4.8247,-2.7068,7.5315,15.0596,0,5.6e-13
1.0152577229445001,0.0,0.0000000000000154,0.0000000000000043,0.0041123558906286,-0.0274964240227269,9.2822675127524512,3.0031278554754324,-4.7623,-2.6912,7.4534,14.8160,0,2.5e-12
1.0152539394001541,0.0,-0.0000000000001080,-0.0000000000002661,0.0041207097684927,-0.0275315939352943,9.2852675127524513,3.0031263288841545,-4.6990,-2.6748,7.3738,14.5688,0,2.3e-12
1.0152504206674180,0.0,0.0000000000001977,0.0000000000003989,0.0041289357536981,-0.0275659779027870,9.2882675127524514,3.0031248110842941,-4.6351,-2.6576,7.2926,14.3180,0,9.2e-13
1.0152471733558779,0.0,-0.0000000000001852,-0.0000000000003593,0.0041370332092927,-0.0275995573628026,9.2912675127524516,3.0031233023427566,-4.5706,-2.6394,7.2100,14.0636,0,3.5e-13
1.0152442042791725,0.0,-0.0000000000000544,-0.0000000000000862,0.0041450013533391,-0.0276323132731383,9.2942675127524517,3.0031218029338302,-4.5058,-2.6201,7.1259,13.8056,0,1.6e-12
1.0152415204512739,0.0,-0.0000000000000013,-0.0000000000000025,0.0041528392518245,-0.0276642261291310,9.2972675127524518,3.0031203131391626,-4.4409,-2.5995,7.0404,13.5440,0,6.7e-13
1.0152391290848499,0.0,0.0000000000000651,0.0000000000002512,0.0041605458093905,-0.0276952759780067,9.3002675127524501,3.0031188332476781,-4.3760,-2.5774,6.9534,13.2788,0,7.7e-12
1.0152370375904352,0.0,0.0000000000001144,0.0000000000001982,0.0041681197587063,-0.0277254424318209,9.3032675127524502,3.0031173635555026,-4.3115,-2.5536,6.8651,13.0100,0,6.6e-12
1.0152352535656048,0.0,0.0000000000001604,0.0000000000003398,0.0041755596550530,-0.0277547047060948,9.3062675127524503,3.0031159043657150,-4.2476,-2.5279,6.7755,12.7377,0,1.7e-12
1.0152337847876958,0.0,-0.0000000000000981,-0.0000000000001646,0.0041828638674000,-0.0277830416507207,9.3092675127524505,3.0031144559881220,-4.1846,-2.5001,6.6847,12.4620,0,3.4e-12
1.0152326392029056,0.0,0.0000000000000565,0.0000000000000702,0.0041900305711193,-0.0278104317923674,9.3122675127524506,3.0031130187388642,-4.1228,-2.4699,6.5927,12.1828,0,8.9e-13
1.0152318249093668,0.0,-0.0000000000000526,-0.0000000000000978,0.0041970577428800,-0.0278368533913031,9.3152675127524507,3.0031115929399825,-4.0626,-2.4369,6.4996,11.9003,0,1.1e-12
1.0152313501358567,0.0,-0.0000000000020869,-0.0000000000046248,0.0042039431569988,-0.0278622845113522,9.3182675127524508,3.0031101789188095,-4.0044,-2.4010,6.4054,11.6147,0,1.7e-11
1.0152312232270990,0.0,-0.0000000000002102,-0.0000000000004364,0.0042106843781262,-0.0278867030789063,9.3212675127524509,3.0031087770071712,-3.9484,-2.3619,6.3103,11.3259,0,2.1e-12
1.0152314525892103,0.0,0.0000000000001907,0.0000000000004212,0.0042172787730962,-0.0279100870303819,9.3242675127524510,3.0031073875405689,-3.8950,-2.3194,6.2145,11.0342,0,3.5e-12
1.0152320466777760,0.0,-0.0000000000000151,-0.0000000000001038,0.0042237235013388,-0.0279324143718275,9.3272675127524511,3.0031060108570085,-3.8446,-2.2733,6.1179,10.7398,0,8.8e-13
1.0152330139380892,0.0,0.0000000000002751,0.0000000000005875,0.0042300155283252,-0.0279536633467974,9.3302675127524513,3.0031046472956655,-3.7974,-2.2234,6.0207,10.4429,0,3.4e-12
1.0152343627621883,0.0,-0.0000000000002822,-0.0000000000006269,0.0042361516321482,-0.0279738125681887,9.3332675127524514,3.0031032971954534,-3.7535,-2.1696,5.9232,10.1438,0,3.0e-12
1.0152361014149025,0.0,-0.0000000000000877,-0.0000000000001915,0.0042421284226391,-0.0279928412283159,9.3362675127524515,3.0031019608930083,-3.7132,-2.1121,5.8253,9.8426,0,1.2e-12
1.0152382379692493,0.0,0.0000000000000610,0.0000000000004478,0.0042479423604966,-0.0280107292875828,9.3392675127524516,3.0031006387206096,-3.6765,-2.0508,5.7273,9.5399,0,9.0e-12
1.0152407802256731,0.0,0.0000000000002648,0.0000000000005645,0.0042535897817731,-0.0280274577021682,9.3422675127524517,3.0030993310038565,-3.6434,-1.9860,5.6295,9.2359,0,3.3e-12
1.0152437356001593,0.0,-0.0000000000011002,-0.0000000000020598,0.0042590669409794,-0.0280430087313527,9.3452675127524518,3.0030980380585506,-3.6139,-1.9179,5.5318,8.9311,0,2.5e-11
1.0152471110439238,0.0,0.0000000000004270,0.0000000000005542,0.0042643700408002,-0.0280573661676734,9.3482675127524502,3.0030967601878800,-3.5879,-1.8467,5.4346,8.6259,0,5.1e-12
1.0152509128811853,0.0,0.0000000000000482,0.0000000000000971,0.0042694953012308,-0.0280705157662697,9.3512675127524503,3.0030954976783031,-3.5652,-1.7730,5.3382,8.3210,0,2.1e-12
1.0152551467089177,0.0,0.0000000000000680,0.0000000000001239,0.0042744390065242,-0.0280824455243069,9.3542675127524504,3.0030942507959701,-3.5456,-1.6970,5.2426,8.0168,0,7.6e-13
1.0152598172264602,0.0,0.0000000000000520,0.0000000000000811,0.0042791975861338,-0.0280931461287826,9.3572675127524505,3.0030930197820354,-3.5289,-1.6193,5.1481,7.7141,0,1.8e-12
1.0152649280743886,0.0,-0.0000000000002620,-0.0000000000004537,0.0042837676976104,-0.0281026113801150,9.3602675127524506,3.0030918048478275,-3.5149,-1.5402,5.0551,7.4136,0,4.3e-12
1.0152704816611409,0.0,0.0000000000000464,0.0000000000000852,0.0042881463198880,-0.0281108386421123,9.3632675127524507,3.0030906061696623,-3.5033,-1.4603,4.9636,7.1159,0,2.8e-12
1.0152764789695163,0.0,0.0000000000007303,0.0000000000010818,0.0042923308628427,-0.0281178293360749,9.3662675127524508,3.0030894238831758,-3.4941,-1.3801,4.8741,6.8220,0,3.3e-12
1.0152829193646578,0.0,0.0000000000000177,0.0000000000000248,0.0042963192831196,-0.0281235894239228,9.3692675127524510,3.0030882580775877,-3.4868,-1.2999,4.7868,6.5327,0,2.0e-12
1.0152898003928450,0.0,0.0000000000006330,0.0000000000011894,0.0043001102098134,-0.0281281299081009,9.3722675127524511,3.0030871087896189,-3.4814,-1.2204,4.7018,6.2489,0,4.6e-12
1.0152971175859644,0.0,0.0000000000000039,-0.0000000000000462,0.0043037030777058,-0.0281314673041538,9.3752675127524512,3.0030859759976423,-3.4776,-1.1420,4.6196,5.9715,0,1.5e-12
1.0153048642615887,0.0,0.0000000000002707,0.0000000000005584,0.0043070982675679,-0.0281336241155401,9.3782675127524513,3.0030848596156625,-3.4752,-1.0652,4.5403,5.7017,0,1.5e-12
1.0153130313501348,0.0,-0.0000000000000377,-0.0000000000000431,0.0043102972425907,-0.0281346292272315,9.3812675127524514,3.0030837594879465,-3.4740,-0.9903,4.4643,5.4403,0,1.8e-12
1.0153216072366991,0.0,0.0000000000002324,0.0000000000003150,0.0043133026832413,-0.0281345182503354,9.3842675127524515,3.0030826753840656,-3.4739,-0.9178,4.3917,5.1885,0,3.1e-12
1.0153305776317854,0.0,0.0000000000000315,0.0000000000000224,0.0043161186145800,-0.0281333337794210,9.3872675127524516,3.0030816069947930,-3.4746,-0.8482,4.3228,4.9472,0,2.0e-12
1.0153399254908457,0.0,0.0000000000001647,0.0000000000002922,0.0043187505130724,-0.0281311255160535,9.3902675127524518,3.0030805539292067,-3.4761,-0.7817,4.2578,4.7174,0,3.0e-12
1.0153496309703010,0.0,-0.0000000000000560,-0.0000000000000800,0.0043212053990491,-0.0281279502870837,9.3932675127524519,3.0030795157129577,-3.4781,-0.7188,4.1969,4.5001,0,4.0e-13
1.0153596714488948,0.0,-0.0000000000002342,-0.0000000000003798,0.0043234918960503,-0.0281238718897194,9.3962675127524502,3.0030784917882536,-3.4805,-0.6598,4.1403,4.2963,0,6.3e-12
1.0153700216087633,0.0,-0.0000000000004801,-0.0000000000008808,0.0043256202590463,-0.0281189607786459,9.3992675127524503,3.0030774815155530,-3.4832,-0.6048,4.0880,4.1068,0,3.5e-12
1.0153806535826868,0.0,0.0000000000004343,0.0000000000009578,0.0043276023628760,-0.0281132935802668,9.4022675127524504,3.0030764841772770,-3.4860,-0.5543,4.0403,3.9322,0,6.0e-12
1.0153915371693232,0.0,-0.0000000000001025,-0.0000000000001506,0.0043294516528370,-0.0281069524406150,9.4052675127524505,3.0030754989831432,-3.4888,-0.5083,3.9971,3.7734,0,1.1e-12
1.0154026401211809,0.0,-0.0000000000000004,-0.0000000000000102,0.0043311830429623,-0.0281000241886825,9.4082675127524507,3.0030745250779258,-3.4915,-0.4671,3.9586,3.6308,0,2.4e-12
1.0154139284805992,0.0,-0.0000000000000380,-0.0000000000001319,0.0043328127816141,-0.0280925993898658,9.4112675127524508,3.0030735615504929,-3.4940,-0.4307,3.9247,3.5049,0,2.0e-12
1.0154253669781406,0.0,-0.0000000000000541,-0.0000000000000854,0.0043343582696444,-0.0280847712548338,9.4142675127524509,3.0030726074446519,-3.4961,-0.3993,3.8954,3.3960,0,1.8e-13
1.0154369194629020,0.0,0.0000000000005357,0.0000000000012151,0.0043358378471911,-0.0280766344841587,9.4172675127524510,3.0030716617710258,-3.4979,-0.3728,3.8707,3.3041,0,7.6e-12
1.0154485493657113,0.0,0.0000000000000740,0.0000000000001201,0.0043372705487076,-0.0280682840499495,9.4202675127524511,3.0030707235198943,-3.4992,-0.3513,3.8505,3.2293,0,2.5e-12
1.0154602201515137,0.0,-0.0000000000003990,-0.0000000000010848,0.0043386758482129,-0.0280598140237071,9.4232675127524512,3.0030697916740143,-3.4999,-0.3347,3.8346,3.1716,0,2.1e-12
1.0154718957874402,0.0,0.0000000000004772,0.0000000000006778,0.0043400733831803,-0.0280513163901631,9.4262675127524513,3.0030688652217430,-3.5000,-0.3230,3.8230,3.1306,0,1.0e-12
1.0154835411712049,0.0,-0.0000000000000183,-0.0000000000000112,0.0043414826888437,-0.0280428799799774,9.4292675127524515,3.0030679431693246,-3.4995,-0.3160,3.8155,3.1060,0,4.0e-13
1.0154951225242956,0.0,-0.0000000000001255,-0.0000000000002388,0.0043429229386287,-0.0280345895127333,9.4322675127524516,3.0030670245522244,-3.4983,-0.3137,3.8119,3.0972,0,6.7e-13
1.0155066077393426,0.0,0.0000000000011210,0.0000000000024213,0.0043444127038795,-0.0280265247718181,9.4352675127524517,3.0030661084453159,-3.4963,-0.3157,3.8121,3.1039,0,1.0e-11
1.0155179666689960,0.0,0.0000000000000487,0.0000000000000692,0.0043459697477179,-0.0280187599423545,9.4382675127524518,3.0030651939713779,-3.4937,-0.3221,3.8158,3.1252,0,9.6e-13
1.0155291713529802,0.0,-0.0000000000002225,-0.0000000000003647,0.0043476108281748,-0.0280113631154711,9.4412675127524501,3.0030642803081276,-3.4903,-0.3325,3.8228,3.1606,0,2.0e-12
1.0155401961923627,0.0,-0.0000000000036069,-0.0000000000126539,0.0043493515604771,-0.0280043959358522,9.4442675127524502,3.0030633666934063,-3.4861,-0.3469,3.8330,3.2092,0,6.1e-11
1.0155510180037208,0.0,0.0000000000015546,0.0000000000025923,0.0043512063256559,-0.0279979135367369,9.4472675127524504,3.0030624524281899,-3.4812,-0.3649,3.8461,3.2703,0,1.6e-11
1.0155616161605334,0.0,0.0000000000026453,0.0000000000062361,0.0043531881409029,-0.0279919643017079,9.4502675127524505,3.0030615368795872,-3.4756,-0.3865,3.8620,3.3431,0,9.9e-12
1.0155719724967327,0.0,-0.0000000000002523,-0.0000000000003874,0.0043553086698229,-0.0279865901648710,9.4532675127524506,3.0030606194801965,-3.4692,-0.4113,3.8805,3.4269,0,1.1e-12
1.0155820713060959,0.0,0.0000000000000536,0.0000000000000991,0.0043575781790302,-0.0279818267057928,9.4562675127524507,3.0030596997280581,-3.4621,-0.4392,3.9013,3.5207,0,1.5e-12
1.0155918992373842,0.0,0.0000000000000872,0.0000000000000699,0.0043600055644196,-0.0279777034848994,9.4592675127524508,3.0030587771844011,-3.4543,-0.4701,3.9244,3.6239,0,2.3e-12
1.0156014451866711,0.0,-0.0000000000002985,-0.0000000000005494,0.0043625983819299,-0.0279742443822473,9.4622675127524509,3.0030578514711337,-3.4458,-0.5037,3.9495,3.7357,0,5.6e-13
1.0156107001623984,0.0,0.0000000000001664,0.0000000000004411,0.0043653629001042,-0.0279714679957997,9.4652675127524510,3.0030569222675703,-3.4367,-0.5399,3.9765,3.8554,0,3.4e-12
1.0156196571291773,0.0,-0.0000000000002559,-0.0000000000004536,0.0043683041717884,-0.0279693880837243,9.4682675127524512,3.0030559893065396,-3.4269,-0.5785,4.0053,3.9823,0,8.7e-13
1.0156283108520479,0.0,0.0000000000012882,0.0000000000027423,0.0043714261073614,-0.0279680139988702,9.4712675127524513,3.0030550523704265,-3.4164,-0.6193,4.0357,4.1158,0,1.1e-11
1.0156366577395455,0.0,0.0000000000003607,0.0000000000004910,0.0043747315582850,-0.0279673511196040,9.4742675127524514,3.0030541112870264,-3.4054,-0.6623,4.0676,4.2553,0,1.7e-13
1.0156446956641176,0.0,-0.0000000000004741,-0.0000000000008464,0.0043782224112055,-0.0279674013223902,9.4772675127524515,3.0030531659251265,-3.3937,-0.7072,4.1009,4.4001,0,1.2e-12
1.0156524238224678,0.0,0.0000000000000353,0.0000000000000756,0.0043818996680331,-0.0279681633593719,9.4802675127524516,3.0030522161905706,-3.3814,-0.7541,4.1355,4.5499,0,1.1e-12
1.0156598425747727,0.0,0.0000000000003436,0.0000000000006017,0.0043857635386577,-0.0279696332730780,9.4832675127524517,3.0030512620221708,-3.3686,-0.8028,4.1713,4.7041,0,3.9e-13
1.0156669533043343,0.0,0.0000000000002450,0.0000000000003746,0.0043898135236405,-0.0279718047593873,9.4862675127524518,3.0030503033879334,-3.3551,-0.8531,4.2082,4.8624,0,1.7e-13
1.0156737582810094,0.0,-0.0000000000005315,-0.0000000000009743,0.0043940484974461,-0.0279746695142307,9.4892675127524502,3.0030493402814544,-3.3410,-0.9052,4.2462,5.0242,0,1.7e-12
1.0156802605417801,0.0,0.0000000000000215,0.0000000000002305,0.0043984667824857,-0.0279782175365377,9.4922675127524503,3.0030483727186330,-3.3263,-0.9588,4.2851,5.1892,0,5.4e-12
1.0156864637773595,0.0,-0.0000000000001931,-0.0000000000006375,0.0044030662219012,-0.0279824374092446,9.4952675127524504,3.0030474007347046,-3.3109,-1.0140,4.3249,5.3572,0,1.3e-12
1.0156923722232054,0.0,0.0000000000002554,0.0000000000003302,0.0044078442488481,-0.0279873165676750,9.4982675127524505,3.0030464243812953,-3.2948,-1.0707,4.3655,5.5278,0,1.3e-12
1.0156979905694545,0.0,-0.0000000000008497,-0.0000000000013745,0.0044127979469339,-0.0279928415189487,9.5012675127524506,3.0030454437239924,-3.2780,-1.1290,4.4070,5.7007,0,3.8e-11
1.0157033239116136,0.0,0.0000000000001242,0.0000000000002055,0.0044179240810848,-0.0279989979719458,9.5042675127524507,3.0030444588404843,-3.2604,-1.1887,4.4491,5.8758,0,2.4e-12
1.0157083775985147,0.0,-0.0000000000001898,-0.0000000000003401,0.0044232192043128,-0.0280057711774135,9.5072675127524509,3.0030434698175927,-3.2419,-1.2501,4.4920,6.0528,0,3.1e-12
1.0157131572489639,0.0,-0.0000000000005600,-0.0000000000011855,0.0044286796443309,-0.0280131459103002,9.5102675127524510,3.0030424767504611,-3.2225,-1.3131,4.5356,6.2315,0,1.5e-12
1.0157176686512841,0.0,-0.0000000000013182,-0.0000000000025519,0.0044343015724852,-0.0280211066934724,9.5132675127524511,3.0030414797404852,-3.2019,-1.3779,4.5798,6.4119,0,9.2e-12
1.0157219177289836,0.0,0.0000000000001114,0.0000000000000436,0.0044400810327656,-0.0280296378795962,9.5162675127524512,3.0030404788940914,-3.1802,-1.4445,4.6246,6.5936,0,7.9e-12
1.0157259104830252,0.0,0.0000000000001070,0.0000000000001159,0.0044460139796467,-0.0280387237809795,9.5192675127524513,3.0030394743212945,-3.1570,-1.5131,4.6700,6.7767,0,4.5e-13
1.0157296529722193,0.0,0.0000000000001268,0.0000000000002373,0.0044520962949970,-0.0280483487138847,9.5222675127524514,3.0030384661349614,-3.1320,-1.5840,4.7160,6.9611,0,1.2e-12
1.0157331512690022,0.0,0.0000000000003213,0.0000000000003889,0.0044583238207366,-0.0280584970955346,9.5252675127524515,3.0030374544496761,-3.1050,-1.6575,4.7625,7.1465,0,2.6e-12
1.0157364114332674,0.0,-0.0000000000000805,-0.0000000000001188,0.0044646923779669,-0.0280691534998724,9.5282675127524517,3.0030364393810096,-3.0755,-1.7340,4.8095,7.3330,0,8.6e-13
1.0157394394935362,0.0,-0.0000000000002168,-0.0000000000002993,0.0044711977836409,-0.0280803026978837,9.5312675127524518,3.0030354210448502,-3.0427,-1.8143,4.8570,7.5205,0,2.6e-13
1.0157422414221933,0.0,0.0000000000009925,0.0000000000020308,0.0044778358691603,-0.0280919297073609,9.5342675127524501,3.0030343995568352,-3.0057,-1.8993,4.9050,7.7089,0,5.4e-12
1.0157448231234674,0.0,0.0000000000004097,0.0000000000005660,0.0044846024895483,-0.0281040198186624,9.5372675127524502,3.0030333750317970,-2.9628,-1.9908,4.9535,7.8982,0,6.1e-13
1.0157471904151030,0.0,0.0000000000000890,0.0000000000001294,0.0044914935416792,-0.0281165586264242,9.5402675127524503,3.0030323475834906,-2.9109,-2.0915,5.0025,8.0883,0,1.3e-12
1.0157493490204086,0.0,-0.0000000000001229,-0.0000000000001879,0.0044985049679341,-0.0281295320470825,9.5432675127524504,3.0030313173241030,-2.8438,-2.2081,5.0519,8.2793,0,1.8e-12
1.0157513045585203,0.0,0.0000000000001918,0.0000000000003780,0.0045056327672051,-0.0281429263337405,9.5462675127524506,3.0030302843640553,-2.7399,-2.3618,5.1017,8.4711,0,1.0e-12
1.0157530625368567,0.0,0.0000000000000188,0.0000000000000181,0.0045128730011013,-0.0281567280888685,9.5492675127524507,3.0030292488117287,-4.2122,-0.9398,5.1520,8.6637,0,4.8e-13
1.0157546283449916,0.0,0.0000000000000919,0.0000000000001695,0.0045202218001150,-0.0281709242719724,9.5522675127524508,3.0030282107733286,-4.3007,-0.9019,5.2026,8.8571,0,3.9e-13
1.0157560072511087,0.0,0.0000000000000438,-0.0000000000001629,0.0045276753676496,-0.0281855022046498,9.5552675127524509,3.0030271703526430,-4.3838,-0.8700,5.2537,9.0513,0,1.4e-11
1.0157572044026848,0.0,0.0000000000007037,0.0000000000008861,0.0045352299811701,-0.0282004495609199,9.5582675127524510,3.0030261276511987,-4.4629,-0.8424,5.3053,9.2462,0,2.1e-12
1.0157582248153281,0.0,-0.0000000000026870,-0.0000000000058241,0.0045428820015379,-0.0282157543931144,9.5612675127524511,3.0030250827676594,-4.5391,-0.8181,5.3572,9.4420,0,5.5e-12
1.0157590733781054,0.0,-0.0000000000001212,-0.0000000000001975,0.0045506278686554,-0.0282314051080357,9.5642675127524512,3.0030240357983402,-4.6130,-0.7965,5.4095,9.6386,0,9.7e-13
1.0157597548576625,0.0,0.0000000000000110,0.0000000000000298,0.0045584641041109,-0.0282473904616552,9.5672675127524514,3.0030229868367724,-4.6852,-0.7770,5.4622,9.8360,0,4.3e-13
1.0157602738887388,0.0,-0.0000000000002893,-0.0000000000005613,0.0045663873144176,-0.0282636995693031,9.5702675127524515,3.0030219359738859,-4.7559,-0.7593,5.5153,10.0343,0,7.8e-13
1.0157606349812307,0.0,0.0000000000009524,0.0000000000016106,0.0045743941893995,-0.0282803218891357,9.5732675127524516,3.0030208832979381,-4.8256,-0.7432,5.5688,10.2334,0,9.6e-13
1.0157608425188196,0.0,0.0000000000000307,0.0000000000000540,0.0045824815033298,-0.0282972472202616,9.5762675127524517,3.0030198288945367,-4.8943,-0.7283,5.6226,10.4334,0,2.0e-12
1.0157609007635031,0.0,0.0000000000003370,0.0000000000006549,0.0045906461134932,-0.0283144656905220,9.5792675127524518,3.0030187728466262,-4.9623,-0.7146,5.6768,10.6343,0,1.6e-12
1.0157608138547158,0.0,0.0000000000006313,0.0000000000012337,0.0045988849607545,-0.0283319677530379,9.5822675127524501,3.0030177152345696,-5.0296,-0.7018,5.7314,10.8361,0,3.5e-12
1.0157605858125192,0.0,0.0000000000003422,0.0000000000007037,0.0046071950674501,-0.0283497441766075,9.5852675127524503,3.0030166561361642,-5.0965,-0.6899,5.7864,11.0389,0,1.8e-12
1.0157602205407277,0.0,-0.0000000000003949,-0.0000000000005671,0.0046155735382275,-0.0283677860358164,9.5882675127524504,3.0030155956266689,-5.1630,-0.6787,5.8417,11.2426,0,2.0e-12
1.0157597218284358,0.0,-0.0000000000000440,-0.0000000000000840,0.0046240175567580,-0.0283860847040130,9.5912675127524505,3.0030145337788898,-5.2292,-0.6682,5.8974,11.4474,0,1.2e-12
1.0157590933515102,0.0,0.0000000000051133,0.0000000000100778,0.0046325243857684,-0.0284046318469309,9.5942675127524506,3.0030134706632077,-5.2951,-0.6584,5.9535,11.6532,0,1.1e-11
1.0157583386837294,0.0,0.0000000000004654,0.0000000000007291,0.0046410913646658,-0.0284234193985484,9.5972675127524507,3.0030124063476014,-5.3609,-0.6490,6.0099,11.8601,0,4.1e-13
1.0157574612827021,0.0,0.0000000000002207,0.0000000000002186,0.0046497159092384,-0.0284424395829363,9.6002675127524508,3.0030113408977965,-5.4265,-0.6402,6.0667,12.0681,0,2.0e-12
1.0157564645096211,0.0,-0.0000000000003445,-0.0000000000007145,0.0046583955089064,-0.0284616848744885,9.6032675127524509,3.0030102743772522,-5.4920,-0.6318,6.1238,12.2773,0,5.1e-12
1.0157553516214555,0.0,0.0000000000010947,0.0000000000021818,0.0046671277263493,-0.0284811480098825,9.6062675127524511,3.0030092068472030,-5.5574,-0.6239,6.1813,12.4876,0,3.7e-12
1.0157541257830203,0.0,0.0000000000004367,0.0000000000006939,0.0046759101927253,-0.0285008219609126,9.6092675127524512,3.0030081383668055,-5.6229,-0.6162,6.2391,12.6991,0,2.4e-13
1.0157527900545085,0.0,0.0000000000066288,0.0000000000110546,0.0046847406116321,-0.0285206999559915,9.6122675127524513,3.0030070689931248,-5.6883,-0.6090,6.2973,12.9118,0,3.2e-11
1.0157513474235906,0.0,0.0000000000000957,0.0000000000001606,0.0046936167482897,-0.0285407754156861,9.6152675127524514,3.0030059987812776,-5.7538,-0.6020,6.3558,13.1258,0,5.7e-13
1.0157498007634145,0.0,0.0000000000001476,0.0000000000002525,0.0047025364405708,-0.0285610420315219,9.6182675127524515,3.0030049277843416,-5.8193,-0.5954,6.4147,13.3411,0,7.3e-13
1.0157481528775285,0.0,0.0000000000001606,0.0000000000002585,0.0047114975853032,-0.0285814936759148,9.6212675127524516,3.0030038560535885,-5.8849,-0.5890,6.4739,13.5577,0,1.5e-12
1.0157464064796811,0.0,0.0000000000029058,0.0000000000061062,0.0047204981429435,-0.0286021244389575,9.6242675127524517,3.0030027836384701,-5.9506,-0.5828,6.5334,13.7758,0,1.1e-11
1.0157445642087053,0.0,0.0000000000000210,0.0000000000000031,0.0047295361336726,-0.0286229285996024,9.6272675127524519,3.0030017105865738,-6.0164,-0.5769,6.5933,13.9952,0,9.4e-13
1.0157426286159092,0.0,-0.0000000000000187,0.0000000000000247,0.0047386096370657,-0.0286439006430833,9.6302675127524502,3.0030006369439408,-6.0823,-0.5712,6.6536,14.2160,0,2.3e-13
1.0157406021825819,0.0,0.0000000000000417,0.0000000000001189,0.0047477167892489,-0.0286650352298584,9.6332675127524503,3.0029995627548596,-6.1484,-0.5657,6.7141,14.4384,0,8.2e-13
1.0157384873151327,0.0,-0.0000000000000252,-0.0000000000000789,0.0047568557816623,-0.0286863272006893,9.6362675127524504,3.0029984880620515,-6.2146,-0.5604,6.7750,14.6622,0,4.5e-13
1.0157362863482271,0.0,0.0000000000001223,0.0000000000000279,0.0047660248598071,-0.0287077715692517,9.6392675127524505,3.0029974129066912,-6.2810,-0.5553,6.8362,14.8876,0,3.2e-12
1.0157340015474476,0.0,-0.0000000000006894,-0.0000000000013019,0.0047752223215785,-0.0287293635151496,9.6422675127524506,3.0029963373284692,-6.3475,-0.5503,6.8978,15.1146,0,1.1e-12
1.0157316351122256,0.0,0.0000000000002228,0.0000000000003994,0.0047844465151714,-0.0287510983764186,9.6452675127524508,3.0029952613656508,-6.4142,-0.5454,6.9597,15.3432,0,4.5e-13
1.0157291891776112,0.0,0.0000000000004245,0.0000000000007148,0.0047936958377276,-0.0287729716450394,9.6482675127524509,3.0029941850550985,-6.4811,-0.5408,7.0219,15.5735,0,6.7e-13
1.0157266658156965,0.0,0.0000000000000609,0.0000000000001108,0.0048029687346815,-0.0287949789621269,9.6512675127524510,3.0029931084323427,-6.5482,-0.5362,7.0844,15.8054,0,2.5e-13
