x0,y0,z0,xd0,yd0,zd0,Tp,JC,stabilityIndex1,stabilityIndex2,alpha,beta,impactFlag,error
1.0210533842590257,0.0,0.0000000000000000,0.0000000000000000,-0.0048977644829494,0.0000000000000000,15.5210688362557470,3.0035881064441532,3486213.3049,-1.0557,-3486212.2493,-3680263.4443,0,5.3e-09
1.0209981199606202,0.0,0.0000000000000000,0.0000000000000000,-0.0044762122554793,0.0000000000000000,15.5230688362557459,3.0035915262208972,2545217.5123,-0.9800,-2545216.5323,-2494305.2847,0,6.5e-09
1.0209864769608934,0.0,0.0000000000000000,0.0000000000000000,-0.0043863737755235,0.0000000000000000,15.5250688362557465,3.0035922168466795,2377465.9744,-0.9586,-2377465.0158,-2278959.3711,0,3.3e-10
1.0209774302419634,0.0,0.0000000000000000,0.0000000000000000,-0.0043162691498208,0.0000000000000000,15.5270688362557454,3.0035927464679881,2253494.4398,-0.9403,-2253493.4995,-2118974.8813,0,3.1e-10
1.0209698404177607,0.0,0.0000000000000000,0.0000000000000000,-0.0042572362255438,0.0000000000000000,15.5290688362557461,3.0035931861251117,2153566.4304,-0.9238,-2153565.5066,-1989482.0942,0,5.1e-09
1.0209698404177536,0.0,0.0000000000000000,0.0000000000000000,-0.0042572362254799,0.0000000000000000,15.5290688362557461,3.0035931861251126,2153566.3976,-0.9238,-2153565.4738,-1989482.0830,0,5.3e-09
1.0209632169719380,0.0,0.0000000000000000,0.0000000000000000,-0.0042055462981286,0.0000000000000000,15.5310688362557467,3.0035935663513977,2069275.1887,-0.9085,-2069274.2803,-1879869.6052,0,6.3e-09
1.0209572951518988,0.0,0.0000000000000000,0.0000000000000000,-0.0041591870538659,0.0000000000000000,15.5330688362557456,3.0035939036006716,1996121.6239,-0.8940,-1996120.7299,-1784452.7642,0,3.0e-09
1.0209519127368045,0.0,0.0000000000000000,0.0000000000000000,-0.0041169256331250,0.0000000000000000,15.5350688362557463,3.0035942079386619,1931382.1700,-0.8801,-1931381.2900,-1699782.7415,0,2.5e-09
1.0209469617878875,0.0,0.0000000000000000,0.0000000000000000,-0.0040779418047250,0.0000000000000000,15.5370688362557452,3.0035944860523407,1873256.2527,-0.8667,-1873255.3860,-1623578.6477,0,3.3e-09
1.0209423661775716,0.0,0.0000000000000000,0.0000000000000000,-0.0040416571359431,0.0000000000000000,15.5390688362557459,3.0035947426504834,1820486.4938,-0.8538,-1820485.6400,-1554245.3755,0,6.5e-09
1.0209380698277115,0.0,0.0000000000000000,0.0000000000000000,-0.0040076455803574,0.0000000000000000,15.5410688362557465,3.0035949811962408,1772158.9264,-0.8411,-1772158.0853,-1490620.5493,0,3.5e-09
1.0209340300135930,0.0,0.0000000000000000,0.0000000000000000,-0.0039755825782619,0.0000000000000000,15.5430688362557454,3.0035952043239407,1727576.2525,-0.8288,-1727575.4237,-1431819.0803,0,6.7e-09
1.0209302132928857,0.0,0.0000000000000000,0.0000000000000000,-0.0039452141114810,0.0000000000000000,15.5450688362557461,3.0035954140922989,1686205.6166,-0.8167,-1686204.7998,-1377160.9485,0,5.1e-09
1.0209265929053073,0.0,0.0000000000000000,0.0000000000000000,-0.0039163369387588,0.0000000000000000,15.5470688362557468,3.0035956121460625,1647616.4960,-0.8049,-1647615.6912,-1326098.9297,0,1.8e-09
1.0209231470397877,0.0,0.0000000000000000,0.0000000000000000,-0.0038887854254579,0.0000000000000000,15.5490688362557457,3.0035957998236502,1611467.3328,-0.7932,-1611466.5396,-1278196.3015,0,1.1e-08
1.0209198576400036,0.0,0.0000000000000000,0.0000000000000000,-0.0038624224653740,0.0000000000000000,15.5510688362557463,3.0035959782313033,1577472.0747,-0.7817,-1577471.2930,-1233088.6719,0,3.7e-09
1.0209167095568401,0.0,0.0000000000000000,0.0000000000000000,-0.0038371330397780,0.0000000000000000,15.5530688362557452,3.0035961482956637,1545398.8147,-0.7703,-1545398.0443,-1190478.8303,0,1.2e-08
1.0209136899321565,0.0,0.0000000000000000,0.0000000000000000,-0.0038128195342756,0.0000000000000000,15.5550688362557459,3.0035963108019752,1515045.6614,-0.7591,-1515044.9023,-1150109.3242,0,9.8e-10
1.0209107877408912,0.0,0.0000000000000000,0.0000000000000000,-0.0037893982593938,0.0000000000000000,15.5570688362557465,3.0035964664224526,1486247.3274,-0.7480,-1486246.5794,-1111768.0037,0,3.6e-09
1.0209079934447587,0.0,0.0000000000000000,0.0000000000000000,-0.0037667968189849,0.0000000000000000,15.5590688362557454,3.0035966157377247,1458857.0928,-0.7371,-1458856.3557,-1075267.1317,0,1.7e-08
1.0209052987254137,0.0,0.0000000000000000,0.0000000000000000,-0.0037449520829816,0.0000000000000000,15.5610688362557461,3.0035967592533370,1432753.6728,-0.7262,-1432752.9466,-1040450.5842,0,3.9e-09
1.0209026962768251,0.0,0.0000000000000000,0.0000000000000000,-0.0037238086094754,0.0000000000000000,15.5630688362557468,3.0035968974125988,1407823.9533,-0.7154,-1407823.2378,-1007173.8789,0,4.8e-09
1.0209001796403367,0.0,0.0000000000000000,0.0000000000000000,-0.0037033173919574,0.0000000000000000,15.5650688362557457,3.0035970306067648,1383973.4129,-0.7047,-1383972.7082,-975315.5934,0,9.2e-09
1.0208977430731947,0.0,0.0000000000000000,0.0000000000000000,-0.0036834348603154,0.0000000000000000,15.5670688362557463,3.0035971591831583,1361119.7663,-0.6941,-1361119.0722,-944769.5449,0,3.5e-09
1.0208953814421311,0.0,0.0000000000000000,0.0000000000000000,-0.0036641220723599,0.0000000000000000,15.5690688362557452,3.0035972834517382,1339185.1880,-0.6836,-1339184.5044,-915436.1705,0,2.8e-09
1.0208930901363442,0.0,0.0000000000000000,0.0000000000000000,-0.0036453440529783,0.0000000000000000,15.5710688362557459,3.0035974036904616,1318104.5122,-0.6731,-1318103.8391,-887231.3691,0,4.0e-09
1.0208908649958304,0.0,0.0000000000000000,0.0000000000000000,-0.0036270692494305,0.0000000000000000,15.5730688362557466,3.0035975201497025,1297817.4159,-0.6627,-1297816.7532,-860077.6055,0,4.9e-10
1.0208887022522708,0.0,0.0000000000000000,0.0000000000000000,-0.0036092690827435,0.0000000000000000,15.5750688362557455,3.0035976330558913,1278270.9131,-0.6524,-1278270.2608,-833906.5234,0,5.1e-10
1.0208865984788122,0.0,0.0000000000000000,0.0000000000000000,-0.0035919175658731,0.0000000000000000,15.5770688362557461,3.0035977426146045,1259416.7308,-0.6421,-1259416.0887,-808655.8333,0,2.8e-09
1.0208845505485351,0.0,0.0000000000000000,0.0000000000000000,-0.0035749909885142,0.0000000000000000,15.5790688362557468,3.0035978490131203,1241210.2643,-0.6319,-1241209.6325,-784268.1578,0,2.9e-09
1.0208825555988907,0.0,0.0000000000000000,0.0000000000000000,-0.0035584676469865,0.0000000000000000,15.5810688362557457,3.0035979524226035,1223612.3508,-0.6217,-1223611.7291,-760692.8204,0,7.1e-09
1.0208806110012412,0.0,0.0000000000000000,0.0000000000000000,-0.0035423276128162,0.0000000000000000,15.5830688362557463,3.0035980529999748,1206585.8486,-0.6115,-1206585.2370,-737882.1179,0,7.2e-09
1.0208787143351772,0.0,0.0000000000000000,0.0000000000000000,-0.0035265525377638,0.0000000000000000,15.5850688362557452,3.0035981508894896,1190097.1994,-0.6015,-1190096.5979,-715792.4985,0,4.7e-10
1.0208768633659020,0.0,0.0000000000000000,0.0000000000000000,-0.0035111254822029,0.0000000000000000,15.5870688362557459,3.0035982462241222,1174118.1814,-0.5914,-1174117.5900,-694387.4575,0,8.1e-09
1.0208750560250806,0.0,0.0000000000000000,0.0000000000000000,-0.0034960307694484,0.0000000000000000,15.5890688362557466,3.0035983391267429,1158617.0088,-0.5814,-1158616.4274,-673626.2571,0,7.9e-09
1.0208732903938884,0.0,0.0000000000000000,0.0000000000000000,-0.0034812538574278,0.0000000000000000,15.5910688362557455,3.0035984297111504,1143573.0069,-0.5714,-1143572.4355,-653481.6946,0,6.8e-09
1.0208715646881914,0.0,0.0000000000000000,0.0000000000000000,-0.0034667812255925,0.0000000000000000,15.5930688362557461,3.0035985180829883,1128957.3446,-0.5615,-1128956.7831,-633916.8398,0,2.4e-09
1.0208698772458258,0.0,0.0000000000000000,0.0000000000000000,-0.0034526002790060,0.0000000000000000,15.5950688362557468,3.0035986043405103,1114751.5640,-0.5516,-1114751.0124,-614907.5823,0,3.5e-09
1.0208682265154700,0.0,0.0000000000000000,0.0000000000000000,-0.0034386992634855,0.0000000000000000,15.5970688362557457,3.0035986885752757,1100933.0378,-0.5417,-1100932.4961,-596424.8690,0,2.5e-10
1.0208666110457605,0.0,0.0000000000000000,0.0000000000000000,-0.0034250671828437,0.0000000000000000,15.5990688362557464,3.0035987708727969,1087483.2201,-0.5319,-1087482.6882,-578444.5249,0,7.6e-09
1.0208650294773802,0.0,0.0000000000000000,0.0000000000000000,-0.0034116937392370,0.0000000000000000,15.6010688362557453,3.0035988513130376,1074386.1787,-0.5221,-1074385.6566,-560945.8696,0,8.7e-10
1.0208634805347294,0.0,0.0000000000000000,0.0000000000000000,-0.0033985692696400,0.0000000000000000,15.6030688362557459,3.0035989299709125,1061623.3960,-0.5123,-1061622.8836,-543905.0724,0,2.7e-09
1.0208619630187681,0.0,0.0000000000000000,0.0000000000000000,-0.0033856846916524,0.0000000000000000,15.6050688362557466,3.0035990069167258,1049180.5247,-0.5026,-1049180.0221,-527303.5059,0,1.7e-09
1.0208604758009503,0.0,0.0000000000000000,0.0000000000000000,-0.0033730314574354,0.0000000000000000,15.6070688362557455,3.0035990822165388,1037043.1037,-0.4929,-1037042.6109,-511122.3187,0,8.6e-10
1.0208590178174364,0.0,0.0000000000000000,0.0000000000000000,-0.0033606015097359,0.0000000000000000,15.6090688362557461,3.0035991559325259,1025197.4846,-0.4832,-1025197.0014,-495343.9557,0,2.8e-09
1.0208575880640998,0.0,0.0000000000000000,0.0000000000000000,-0.0033483872440353,0.0000000000000000,15.6110688362557468,3.0035992281232771,1013630.9318,-0.4735,-1013630.4583,-479951.8654,0,2.7e-09
1.0208561855918425,0.0,0.0000000000000000,0.0000000000000000,-0.0033363814730541,0.0000000000000000,15.6130688362557457,3.0035992988440765,1002331.4812,-0.4639,-1002331.0173,-464930.5541,0,9.4e-10
1.0208548095024597,0.0,0.0000000000000000,0.0000000000000000,-0.0033245773951947,0.0000000000000000,15.6150688362557464,3.0035993681471638,991288.4893,-0.4542,-991288.0351,-450266.2258,0,2.5e-09
1.0208534589451714,0.0,0.0000000000000000,0.0000000000000000,-0.0033129685685806,0.0000000000000000,15.6170688362557453,3.0035994360819389,980491.5002,-0.4446,-980491.0556,-435945.2437,0,1.8e-09
1.0208521331127414,0.0,0.0000000000000000,0.0000000000000000,-0.0033015488811026,0.0000000000000000,15.6190688362557459,3.0035995026951956,969930.6873,-0.4350,-969930.2523,-421954.9554,0,2.0e-09
1.0208508312388742,0.0,0.0000000000000000,0.0000000000000000,-0.0032903125311038,0.0000000000000000,15.6210688362557466,3.0035995680312855,959595.3580,-0.4255,-959594.9325,-408281.5093,0,7.3e-09
1.0208495525950161,0.0,0.0000000000000000,0.0000000000000000,-0.0032792540029032,0.0000000000000000,15.6230688362557455,3.0035996321323051,949479.4968,-0.4159,-949479.0809,-394917.0001,0,2.8e-09
1.0208482964880663,0.0,0.0000000000000000,0.0000000000000000,-0.0032683680495209,0.0000000000000000,15.6250688362557462,3.0035996950382384,939572.2871,-0.4064,-939571.8807,-381847.4922,0,3.3e-09
1.0208470622578383,0.0,0.0000000000000000,0.0000000000000000,-0.0032576496732878,0.0000000000000000,15.6270688362557468,3.0035997567871102,929866.6178,-0.3969,-929866.2209,-369063.7547,0,3.2e-09
1.0208458492750270,0.0,0.0000000000000000,0.0000000000000000,-0.0032470941106231,0.0000000000000000,15.6290688362557457,3.0035998174151075,920354.5303,-0.3874,-920354.1429,-356555.4502,0,3.5e-09
1.0208446569391738,0.0,0.0000000000000000,0.0000000000000000,-0.0032366968164269,0.0000000000000000,15.6310688362557464,3.0035998769567032,911030.2023,-0.3779,-911029.8244,-344315.0344,0,1.9e-09
1.0208434846768346,0.0,0.0000000000000000,0.0000000000000000,-0.0032264534502606,0.0000000000000000,15.6330688362557453,3.0035999354447660,901886.0805,-0.3685,-901885.7120,-332332.7240,0,1.8e-09
1.0208423319399613,0.0,0.0000000000000000,0.0000000000000000,-0.0032163598640915,0.0000000000000000,15.6350688362557459,3.0035999929106585,892916.2564,-0.3591,-892915.8973,-320600.8314,0,2.3e-09
1.0208411982043839,0.0,0.0000000000000000,0.0000000000000000,-0.0032064120906729,0.0000000000000000,15.6370688362557466,3.0036000493843305,884113.7487,-0.3496,-884113.3990,-309110.3665,0,3.6e-10
1.0208400829682767,0.0,0.0000000000000000,0.0000000000000000,-0.0031966063320991,0.0000000000000000,15.6390688362557455,3.0036001048944070,875473.6959,-0.3402,-875473.3557,-297855.0040,0,1.1e-09
1.0208389857509941,0.0,0.0000000000000000,0.0000000000000000,-0.0031869389507889,0.0000000000000000,15.6410688362557462,3.0036001594682635,866990.0200,-0.3308,-866989.6892,-286826.8149,0,4.0e-10
1.0208379060916755,0.0,0.0000000000000000,0.0000000000000000,-0.0031774064590118,0.0000000000000000,15.6430688362557468,3.0036002131321049,858657.5904,-0.3215,-858657.2689,-276019.1694,0,3.4e-09
1.0208368435482684,0.0,0.0000000000000000,0.0000000000000000,-0.0031680055115050,0.0000000000000000,15.6450688362557457,3.0036002659110270,850472.1076,-0.3121,-850471.7955,-265426.6343,0,4.7e-10
1.0208357976964657,0.0,0.0000000000000000,0.0000000000000000,-0.0031587328972660,0.0000000000000000,15.6470688362557464,3.0036003178290818,842428.0501,-0.3027,-842427.7473,-255041.8661,0,2.1e-09
1.0208347681286185,0.0,0.0000000000000000,0.0000000000000000,-0.0031495855315137,0.0000000000000000,15.6490688362557453,3.0036003689093387,834520.5965,-0.2934,-834520.3031,-244858.7409,0,1.6e-09
1.0208337544529369,0.0,0.0000000000000000,0.0000000000000000,-0.0031405604494598,0.0000000000000000,15.6510688362557460,3.0036004191739343,826746.1479,-0.2841,-826745.8638,-234872.5632,0,1.7e-09
1.0208327562926582,0.0,0.0000000000000000,0.0000000000000000,-0.0031316548001059,0.0000000000000000,15.6530688362557466,3.0036004686441253,819100.0626,-0.2748,-819099.7878,-225077.3122,0,3.9e-09
1.0208317732851453,0.0,0.0000000000000000,0.0000000000000000,-0.0031228658393680,0.0000000000000000,15.6550688362557455,3.0036005173403355,811579.0853,-0.2655,-811578.8198,-215468.8292,0,6.9e-10
1.0208308050812751,0.0,0.0000000000000000,0.0000000000000000,-0.0031141909254583,0.0000000000000000,15.6570688362557462,3.0036005652821989,804178.5451,-0.2562,-804178.2889,-206041.0490,0,1.6e-09
1.0208298513447187,0.0,0.0000000000000000,0.0000000000000000,-0.0031056275134027,0.0000000000000000,15.6590688362557469,3.0036006124886017,796894.8554,-0.2469,-796894.6084,-196789.3191,0,4.7e-10
1.0208289117512546,0.0,0.0000000000000000,0.0000000000000000,-0.0030971731498571,0.0000000000000000,15.6610688362557458,3.0036006589777191,789724.7100,-0.2377,-789724.4723,-187709.3776,0,3.0e-09
1.0208279859882239,0.0,0.0000000000000000,0.0000000000000000,-0.0030888254689918,0.0000000000000000,15.6630688362557464,3.0036007047670523,782665.2269,-0.2284,-782664.9985,-178797.5455,0,2.2e-10
1.0208270737538834,0.0,0.0000000000000000,0.0000000000000000,-0.0030805821874983,0.0000000000000000,15.6650688362557453,3.0036007498734660,775712.5349,-0.2192,-775712.3157,-170048.7826,0,3.6e-11
1.0208261747570115,0.0,0.0000000000000000,0.0000000000000000,-0.0030724411017937,0.0000000000000000,15.6670688362557460,3.0036007943132086,768863.6312,-0.2100,-768863.4212,-161459.1812,0,1.4e-09
1.0208252887163245,0.0,0.0000000000000000,0.0000000000000000,-0.0030644000834155,0.0000000000000000,15.6690688362557466,3.0036008381019528,762115.6822,-0.2008,-762115.4814,-153025.0970,0,2.5e-09
1.0208244153599686,0.0,0.0000000000000000,0.0000000000000000,-0.0030564570752266,0.0000000000000000,15.6710688362557455,3.0036008812548221,755466.0415,-0.1916,-755465.8499,-144743.2153,0,7.7e-10
1.0208235544252191,0.0,0.0000000000000000,0.0000000000000000,-0.0030486100891596,0.0000000000000000,15.6730688362557462,3.0036009237864092,748911.6917,-0.1824,-748911.5093,-136609.5368,0,3.7e-10
1.0208227056579389,0.0,0.0000000000000000,0.0000000000000000,-0.0030408572020965,0.0000000000000000,15.6750688362557469,3.0036009657108069,742450.1371,-0.1732,-742449.9638,-128620.8757,0,2.8e-09
1.0208218688122468,0.0,0.0000000000000000,0.0000000000000000,-0.0030331965533516,0.0000000000000000,15.6770688362557458,3.0036010070416324,736078.1784,-0.1641,-736078.0143,-120773.0858,0,1.7e-09
1.0208210436501250,0.0,0.0000000000000000,0.0000000000000000,-0.0030256263417743,0.0000000000000000,15.6790688362557464,3.0036010477920434,729794.3877,-0.1549,-729794.2328,-113064.3846,0,3.4e-10
1.0208202299411162,0.0,0.0000000000000000,0.0000000000000000,-0.0030181448233252,0.0000000000000000,15.6810688362557453,3.0036010879747637,723595.8303,-0.1458,-723595.6845,-105490.9840,0,3.9e-10
1.0208194274619680,0.0,0.0000000000000000,0.0000000000000000,-0.0030107503084242,0.0000000000000000,15.6830688362557460,3.0036011276020997,717480.1204,-0.1367,-717479.9837,-98049.7344,0,3.2e-09
1.0208186359963065,0.0,0.0000000000000000,0.0000000000000000,-0.0030034411595788,0.0000000000000000,15.6850688362557467,3.0036011666859599,711445.5665,-0.1275,-711445.4390,-90738.6025,0,2.6e-09
1.0208178553343994,0.0,0.0000000000000000,0.0000000000000000,-0.0029962157894004,0.0000000000000000,15.6870688362557456,3.0036012052378700,705489.5415,-0.1184,-705489.4230,-83554.0829,0,5.1e-09
1.0208170852728196,0.0,0.0000000000000000,0.0000000000000000,-0.0029890726584014,0.0000000000000000,15.6890688362557462,3.0036012432689918,699611.1698,-0.1093,-699611.0604,-76495.2277,0,4.1e-09
1.0208163256141869,0.0,0.0000000000000000,0.0000000000000000,-0.0029820102723314,0.0000000000000000,15.6910688362557469,3.0036012807901415,693806.7269,-0.1003,-693806.6267,-69557.0637,0,2.9e-09
1.0208155761670372,0.0,0.0000000000000000,0.0000000000000000,-0.0029750271822033,0.0000000000000000,15.6930688362557458,3.0036013178117940,688074.8867,-0.0912,-688074.7956,-62737.8922,0,1.7e-09
1.0208148367454135,0.0,0.0000000000000000,0.0000000000000000,-0.0029681219803828,0.0000000000000000,15.6950688362557464,3.0036013543441067,682414.5471,-0.0821,-682414.4650,-56036.4568,0,2.5e-10
1.0208141071687471,0.0,0.0000000000000000,0.0000000000000000,-0.0029612932999945,0.0000000000000000,15.6970688362557453,3.0036013903969292,676823.3564,-0.0731,-676823.2834,-49449.6223,0,1.7e-10
1.0208133872616536,0.0,0.0000000000000000,0.0000000000000000,-0.0029545398132126,0.0000000000000000,15.6990688362557460,3.0036014259798161,671298.2661,-0.0640,-671298.2021,-42973.3576,0,1.8e-08
1.0208126768535515,0.0,0.0000000000000000,0.0000000000000000,-0.0029478602288580,0.0000000000000000,15.7010688362557467,3.0036014611020398,665842.3390,-0.0550,-665842.2840,-36612.1251,0,5.0e-09
1.0208119757788854,0.0,0.0000000000000000,0.0000000000000000,-0.0029412532933105,0.0000000000000000,15.7030688362557456,3.0036014957725965,660448.9155,-0.0460,-660448.8696,-30356.7789,0,5.9e-09
1.0208112838765235,0.0,0.0000000000000000,0.0000000000000000,-0.0029347177866312,0.0000000000000000,15.7050688362557462,3.0036015300002212,655117.1393,-0.0370,-655117.1023,-24206.3870,0,7.1e-09
1.0208106009896867,0.0,0.0000000000000000,0.0000000000000000,-0.0029282525217356,0.0000000000000000,15.7070688362557469,3.0036015637934033,649848.2290,-0.0280,-649848.2011,-18162.7531,0,7.2e-10
1.0208099269660076,0.0,0.0000000000000000,0.0000000000000000,-0.0029218563447982,0.0000000000000000,15.7090688362557458,3.0036015971603831,644637.8142,-0.0190,-644637.7952,-12219.9977,0,7.8e-09
1.0208092616570270,0.0,0.0000000000000000,0.0000000000000000,-0.0029155281315661,0.0000000000000000,15.7110688362557465,3.0036016301091730,639487.0840,-0.0100,-639487.0741,-6379.8810,0,4.2e-10
1.0208086049183600,0.0,0.0000000000000000,0.0000000000000000,-0.0029092667885439,0.0000000000000000,15.7130688362557454,3.0036016626475592,634392.7124,-0.0010,-634392.7114,-637.9888,0,3.4e-10
1.0208079566093846,0.0,0.0000000000000000,0.0000000000000000,-0.0029030712506582,0.0000000000000000,15.7150688362557460,3.0036016947831130,629353.7313,0.0080,-629353.7392,5006.8779,0,3.5e-09
1.0208073165930809,0.0,0.0000000000000000,0.0000000000000000,-0.0028969404800385,0.0000000000000000,15.7170688362557467,3.0036017265231987,624369.7456,0.0169,-624369.7625,10555.1635,0,4.8e-11
1.0208066847360282,0.0,0.0000000000000000,0.0000000000000000,-0.0028908734660069,0.0000000000000000,15.7190688362557456,3.0036017578749790,619438.6246,0.0258,-619438.6504,16009.6416,0,2.4e-10
1.0208060609081935,0.0,0.0000000000000000,0.0000000000000000,-0.0028848692234707,0.0000000000000000,15.7210688362557462,3.0036017888454256,614559.3883,0.0348,-614559.4230,21371.5724,0,1.6e-09
1.0208054449828374,0.0,0.0000000000000000,0.0000000000000000,-0.0028789267921778,0.0000000000000000,15.7230688362557469,3.0036018194413225,609730.6716,0.0437,-609730.7153,26642.6792,0,6.5e-09
1.0208048368363707,0.0,0.0000000000000000,0.0000000000000000,-0.0028730452357196,0.0000000000000000,15.7250688362557458,3.0036018496692756,604952.5784,0.0526,-604952.6310,31822.7215,0,9.1e-10
1.0208042363483092,0.0,0.0000000000000000,0.0000000000000000,-0.0028672236410489,0.0000000000000000,15.7270688362557465,3.0036018795357173,600222.5255,0.0615,-600222.5870,36915.1195,0,1.5e-09
1.0208036434011325,0.0,0.0000000000000000,0.0000000000000000,-0.0028614611175728,0.0000000000000000,15.7290688362557454,3.0036019090469117,595540.0199,0.0704,-595540.0903,41920.5011,0,2.8e-09
1.0208030578801341,0.0,0.0000000000000000,0.0000000000000000,-0.0028557567958765,0.0000000000000000,15.7310688362557460,3.0036019382089649,590903.9654,0.0793,-590904.0447,46840.1940,0,3.8e-09
1.0208024796734796,0.0,0.0000000000000000,0.0000000000000000,-0.0028501098282186,0.0000000000000000,15.7330688362557467,3.0036019670278225,586312.4095,0.0881,-586312.4976,51676.8640,0,7.5e-09
1.0208019086719178,0.0,0.0000000000000000,0.0000000000000000,-0.0028445193864887,0.0000000000000000,15.7350688362557456,3.0036019955092832,581765.9371,0.0970,-581766.0341,56429.5134,0,1.1e-08
1.0208013447687114,0.0,0.0000000000000000,0.0000000000000000,-0.0028389846613443,0.0000000000000000,15.7370688362557463,3.0036020236590035,577264.3689,0.1058,-577264.4747,61098.2816,0,3.0e-09
1.0208007878599519,0.0,0.0000000000000000,0.0000000000000000,-0.0028335048649674,0.0000000000000000,15.7390688362557469,3.0036020514824884,572804.1183,0.1147,-572804.2330,65688.1596,0,4.8e-10
1.0208002378438412,0.0,0.0000000000000000,0.0000000000000000,-0.0028280792253366,0.0000000000000000,15.7410688362557458,3.0036020789851161,568385.9348,0.1235,-568386.0583,70197.8433,0,2.5e-09
1.0207996946211078,0.0,0.0000000000000000,0.0000000000000000,-0.0028227069896124,0.0000000000000000,15.7430688362557465,3.0036021061721301,564008.7156,0.1323,-564008.8479,74628.8271,0,6.2e-09
1.0207991580946960,0.0,0.0000000000000000,0.0000000000000000,-0.0028173874215933,0.0000000000000000,15.7450688362557454,3.0036021330486475,559670.7141,0.1411,-559670.8552,78983.4896,0,2.0e-10
1.0207986281697532,0.0,0.0000000000000000,0.0000000000000000,-0.0028121198016481,0.0000000000000000,15.7470688362557460,3.0036021596196614,555371.8459,0.1499,-555371.9958,83261.7548,0,7.1e-09
1.0207981047536028,0.0,0.0000000000000000,0.0000000000000000,-0.0028069034268377,0.0000000000000000,15.7490688362557467,3.0036021858900450,551112.5380,0.1587,-551112.6967,87462.9718,0,1.6e-09
1.0207975877556275,0.0,0.0000000000000000,0.0000000000000000,-0.0028017376093319,0.0000000000000000,15.7510688362557456,3.0036022118645582,546890.0957,0.1675,-546890.2632,91590.8532,0,9.3e-10
1.0207970770872523,0.0,0.0000000000000000,0.0000000000000000,-0.0027966216770581,0.0000000000000000,15.7530688362557463,3.0036022375478457,542704.1444,0.1762,-542704.3206,95645.7481,0,4.1e-09
1.0207965726617847,0.0,0.0000000000000000,0.0000000000000000,-0.0027915549719652,0.0000000000000000,15.7550688362557469,3.0036022629444474,538555.1220,0.1850,-538555.3070,99626.9911,0,1.8e-09
1.0207960743945561,0.0,0.0000000000000000,0.0000000000000000,-0.0027865368514139,0.0000000000000000,15.7570688362557458,3.0036022880587931,534440.7498,0.1937,-534440.9435,103537.6538,0,1.5e-09
1.0207955822025978,0.0,0.0000000000000000,0.0000000000000000,-0.0027815666853436,0.0000000000000000,15.7590688362557465,3.0036023128952154,530361.3624,0.2025,-530361.5649,107377.2231,0,7.4e-10
1.0207950960048020,0.0,0.0000000000000000,0.0000000000000000,-0.0027766438579643,0.0000000000000000,15.7610688362557454,3.0036023374579472,526315.5845,0.2112,-526315.7957,111147.5135,0,4.8e-09
1.0207946157217873,0.0,0.0000000000000000,0.0000000000000000,-0.0027717677664392,0.0000000000000000,15.7630688362557461,3.0036023617511241,522303.8660,0.2199,-522304.0858,114847.7830,0,8.1e-10
1.0207941412758785,0.0,0.0000000000000000,0.0000000000000000,-0.0027669378206968,0.0000000000000000,15.7650688362557467,3.0036023857787875,518324.1639,0.2286,-518324.3924,118480.8627,0,2.1e-09
1.0207936725908924,0.0,0.0000000000000000,0.0000000000000000,-0.0027621534420073,0.0000000000000000,15.7670688362557456,3.0036024095448957,514378.6631,0.2373,-514378.9003,122043.6120,0,2.3e-08
1.0207932095926564,0.0,0.0000000000000000,0.0000000000000000,-0.0027574140668707,0.0000000000000000,15.7690688362557463,3.0036024330533020,510461.2248,0.2459,-510461.4707,125544.4177,0,4.7e-09
1.0207927522080027,0.0,0.0000000000000000,0.0000000000000000,-0.0027527191391918,0.0000000000000000,15.7710688362557470,3.0036024563077963,506575.8253,0.2546,-506576.0799,128977.8351,0,1.9e-09
1.0207923003655628,0.0,0.0000000000000000,0.0000000000000000,-0.0027480681165357,0.0000000000000000,15.7730688362557459,3.0036024793120739,502720.6402,0.2633,-502720.9035,132346.2477,0,1.1e-09
1.0207918539954084,0.0,0.0000000000000000,0.0000000000000000,-0.0027434604673299,0.0000000000000000,15.7750688362557465,3.0036025020697510,498895.3391,0.2719,-498895.6110,135650.0466,0,1.4e-09
1.0207914130289759,0.0,0.0000000000000000,0.0000000000000000,-0.0027388956702517,0.0000000000000000,15.7770688362557454,3.0036025245843678,495099.3173,0.2805,-495099.5978,138890.0656,0,5.0e-10
1.0207909773991846,0.0,0.0000000000000000,0.0000000000000000,-0.0027343732152059,0.0000000000000000,15.7790688362557461,3.0036025468593852,491331.4503,0.2891,-491331.7394,142067.7084,0,3.1e-09
1.0207905470401764,0.0,0.0000000000000000,0.0000000000000000,-0.0027298926012923,0.0000000000000000,15.7810688362557467,3.0036025688981955,487592.3877,0.2977,-487592.6854,145182.1378,0,3.2e-09
1.0207901218875071,0.0,0.0000000000000000,0.0000000000000000,-0.0027254533382084,0.0000000000000000,15.7830688362557456,3.0036025907041140,483880.1428,0.3063,-483880.4492,148235.9750,0,1.4e-10
1.0207897018779462,0.0,0.0000000000000000,0.0000000000000000,-0.0027210549448538,0.0000000000000000,15.7850688362557463,3.0036026122803916,480195.2340,0.3149,-480195.5489,151228.5239,0,1.1e-09
1.0207892869495314,0.0,0.0000000000000000,0.0000000000000000,-0.0027166969497558,0.0000000000000000,15.7870688362557452,3.0036026336302060,476536.8168,0.3235,-476537.1403,154160.8375,0,1.5e-09
1.0207888770415132,0.0,0.0000000000000000,0.0000000000000000,-0.0027123788903831,0.0000000000000000,15.7890688362557459,3.0036026547566745,472904.1275,0.3321,-472904.4595,157033.9503,0,2.5e-09
1.0207884720942904,0.0,0.0000000000000000,0.0000000000000000,-0.0027081003130454,0.0000000000000000,15.7910688362557465,3.0036026756628464,469297.8755,0.3406,-469298.2161,159846.8878,0,4.5e-09
1.0207880720494995,0.0,0.0000000000000000,0.0000000000000000,-0.0027038607733265,0.0000000000000000,15.7930688362557454,3.0036026963517091,465715.8787,0.3491,-465716.2279,162602.5673,0,2.6e-11
1.0207876768497584,0.0,0.0000000000000000,0.0000000000000000,-0.0026996598341056,0.0000000000000000,15.7950688362557461,3.0036027168261925,462159.1091,0.3577,-462159.4668,165299.6488,0,2.4e-09
1.0207872864388854,0.0,0.0000000000000000,0.0000000000000000,-0.0026954970674367,0.0000000000000000,15.7970688362557468,3.0036027370891629,458626.4136,0.3662,-458626.7798,167939.6514,0,2.4e-09
1.0207869007617667,0.0,0.0000000000000000,0.0000000000000000,-0.0026913720534169,0.0000000000000000,15.7990688362557457,3.0036027571434296,455117.0230,0.3747,-455117.3977,170523.6539,0,4.6e-09
1.0207865197642341,0.0,0.0000000000000000,0.0000000000000000,-0.0026872843790705,0.0000000000000000,15.8010688362557463,3.0036027769917504,451631.4078,0.3832,-451631.7909,173050.9647,0,7.0e-09
1.0207861433932139,0.0,0.0000000000000000,0.0000000000000000,-0.0026832336400540,0.0000000000000000,15.8030688362557470,3.0036027966368213,448169.7016,0.3916,-448170.0932,175521.4062,0,2.3e-09
1.0207857715965751,0.0,0.0000000000000000,0.0000000000000000,-0.0026792194386580,0.0000000000000000,15.8050688362557459,3.0036028160812935,444729.9681,0.4001,-444730.3682,177937.5329,0,3.0e-09
1.0207843291446403,0.0,0.0000000000000000,0.0000000000000000,-0.0026635203123829,0.0000000000000000,15.8130688362557450,3.0036028919043223,431195.7785,0.4338,-431196.2123,187052.5761,0,8.5e-08
1.0207829559553943,0.0,0.0000000000000000,0.0000000000000000,-0.0026483758202110,0.0000000000000000,15.8210688362557459,3.0036029647165026,417981.5382,0.4673,-417982.0056,195341.3490,0,2.1e-09
1.0207816491183213,0.0,0.0000000000000000,0.0000000000000000,-0.0026337637307696,0.0000000000000000,15.8290688362557450,3.0036030346644136,405084.2759,0.5006,-405084.7765,202808.4394,0,2.0e-08
1.0207804059232581,0.0,0.0000000000000000,0.0000000000000000,-0.0026196633204325,0.0000000000000000,15.8370688362557459,3.0036031018839791,392482.3153,0.5337,-392482.8491,209484.0530,0,4.2e-10
1.0207792238417914,0.0,0.0000000000000000,0.0000000000000000,-0.0026060552325384,0.0000000000000000,15.8450688362557450,3.0036031665014824,380153.4076,0.5666,-380153.9742,215399.4853,0,3.7e-09
1.0207781005117866,0.0,0.0000000000000000,0.0000000000000000,-0.0025929213626758,0.0000000000000000,15.8530688362557459,3.0036032286344190,368084.0776,0.5992,-368084.6768,220575.0947,0,8.1e-10
1.0207770337238595,0.0,0.0000000000000000,0.0000000000000000,-0.0025802447553858,0.0000000000000000,15.8610688362557450,3.0036032883922621,356258.7695,0.6317,-356259.4012,225034.5859,0,6.0e-10
1.0207760214088275,0.0,0.0000000000000000,0.0000000000000000,-0.0025680095099821,0.0000000000000000,15.8690688362557459,3.0036033458771501,344664.7487,0.6638,-344665.4125,228798.4434,0,2.2e-09
1.0207750616267202,0.0,0.0000000000000000,0.0000000000000000,-0.0025562006975476,0.0000000000000000,15.8770688362557451,3.0036034011844941,333289.4022,0.6957,-333290.0980,231887.7626,0,2.3e-09
1.0207741525567640,0.0,0.0000000000000000,0.0000000000000000,-0.0025448042856091,0.0000000000000000,15.8850688362557459,3.0036034544035308,322122.8623,0.7274,-322123.5897,234320.6873,0,9.6e-10
1.0207732924884025,0.0,0.0000000000000000,0.0000000000000000,-0.0025338070703081,0.0000000000000000,15.8930688362557451,3.0036035056178134,311154.2588,0.7588,-311155.0177,236117.3032,0,1.4e-09
1.0207724798131608,0.0,0.0000000000000000,0.0000000000000000,-0.0025231966153686,0.0000000000000000,15.9010688362557460,3.0036035549056561,300375.8082,0.7900,-300376.5982,237294.6289,0,5.2e-09
1.0207717130173728,0.0,0.0000000000000000,0.0000000000000000,-0.0025129611970236,0.0000000000000000,15.9090688362557451,3.0036036023405326,289777.8043,0.8209,-289778.6252,237872.5140,0,1.7e-09
1.0207709906752913,0.0,0.0000000000000000,0.0000000000000000,-0.0025030897524019,0.0000000000000000,15.9170688362557460,3.0036036479914445,279354.9319,0.8515,-279355.7834,237866.4379,0,1.9e-09
1.0207703114432662,0.0,0.0000000000000000,0.0000000000000000,-0.0024935718354564,0.0000000000000000,15.9250688362557451,3.0036036919232441,269099.5845,0.8818,-269100.4663,237295.2788,0,8.5e-10
1.0207696740540182,0.0,0.0000000000000000,0.0000000000000000,-0.0024843975740937,0.0000000000000000,15.9330688362557460,3.0036037341969339,259006.8774,0.9118,-259007.7893,236175.4738,0,8.0e-10
1.0207690773116926,0.0,0.0000000000000000,0.0000000000000000,-0.0024755576328078,0.0000000000000000,15.9410688362557451,3.0036037748699402,249071.8262,0.9416,-249072.7678,234524.5109,0,2.7e-10
1.0207685200871646,0.0,0.0000000000000000,0.0000000000000000,-0.0024670431773169,0.0000000000000000,15.9490688362557460,3.0036038139963610,239290.3059,0.9710,-239291.2769,232359.6245,0,2.8e-09
1.0207680013138978,0.0,0.0000000000000000,0.0000000000000000,-0.0024588458437006,0.0000000000000000,15.9570688362557451,3.0036038516271866,229659.2764,1.0002,-229660.2765,229697.8212,0,1.3e-08
1.0207675199840180,0.0,0.0000000000000000,0.0000000000000000,-0.0024509577077542,0.0000000000000000,15.9650688362557460,3.0036038878105140,220174.1404,1.0290,-220175.1694,226558.5914,0,7.4e-09
1.0207670751447446,0.0,0.0000000000000000,0.0000000000000000,-0.0024433712602350,0.0000000000000000,15.9730688362557451,3.0036039225917244,210833.4958,1.0575,-210834.5533,222959.0033,0,2.4e-09
1.0207666658950172,0.0,0.0000000000000000,0.0000000000000000,-0.0024360793794748,0.0000000000000000,15.9810688362557460,3.0036039560136718,201637.1739,1.0857,-201638.2595,218915.8861,0,2.6e-09
1.0207662913837656,0.0,0.0000000000000000,0.0000000000000000,-0.0024290753189993,0.0000000000000000,15.9890688362557452,3.0036039881167951,192566.7103,1.1135,-192567.8241,214464.6492,0,2.0e-07
1.0207659508017268,0.0,0.0000000000000000,0.0000000000000000,-0.0024223526475513,0.0000000000000000,15.9970688362557460,3.0036040189394289,183669.5296,1.1411,-183670.6706,209578.8966,0,3.1e-11
1.0207656433891186,0.0,0.0000000000000000,0.0000000000000000,-0.0024159053032514,0.0000000000000000,16.0050688362557452,3.0036040485176310,174900.7011,1.1682,-174901.8693,204321.3383,0,3.0e-08
1.0207653684237172,0.0,0.0000000000000000,0.0000000000000000,-0.0024097275071915,0.0000000000000000,16.0130688362557443,3.0036040768855936,166269.3853,1.1951,-166270.5804,198703.8886,0,3.8e-09
1.0207651252222771,0.0,0.0000000000000000,0.0000000000000000,-0.0024038137731929,0.0000000000000000,16.0210688362557470,3.0036041040756447,157784.3500,1.2215,-157785.5716,192740.7517,0,2.8e-09
1.0207649131390841,0.0,0.0000000000000000,0.0000000000000000,-0.0023981588950481,0.0000000000000000,16.0290688362557461,3.0036041301183456,149442.3770,1.2476,-149443.6247,186457.9564,0,3.1e-08
1.0207647315628183,0.0,0.0000000000000000,0.0000000000000000,-0.0023927579297874,0.0000000000000000,16.0370688362557452,3.0036041550425963,141252.4283,1.2734,-141253.7017,179872.5537,0,3.7e-09
1.0207645799159173,0.0,0.0000000000000000,0.0000000000000000,-0.0023876061800577,0.0000000000000000,16.0450688362557443,3.0036041788757482,133211.1612,1.2988,-133212.4600,173012.9317,0,3.3e-10
1.0207644576520212,0.0,0.0000000000000000,0.0000000000000000,-0.0023826991876603,0.0000000000000000,16.0530688362557470,3.0036042016436593,125322.9855,1.3238,-125324.3093,165902.4536,0,6.2e-09
1.0207643642547219,0.0,0.0000000000000000,0.0000000000000000,-0.0023780327178487,0.0000000000000000,16.0610688362557461,3.0036042233707922,117593.7023,1.3484,-117595.0507,158564.8943,0,3.2e-10
1.0207642992364716,0.0,0.0000000000000000,0.0000000000000000,-0.0023736027520249,0.0000000000000000,16.0690688362557452,3.0036042440802704,110026.2557,1.3726,-110027.6284,151027.5242,0,4.5e-10
1.0207642621368600,0.0,0.0000000000000000,0.0000000000000000,-0.0023694054752960,0.0000000000000000,16.0770688362557443,3.0036042637939557,102625.7630,1.3965,-102627.1595,143317.4346,0,8.1e-09
1.0207642525215508,0.0,0.0000000000000000,0.0000000000000000,-0.0023654372680938,0.0000000000000000,16.0850688362557470,3.0036042825325082,95398.7963,1.4199,-95400.2163,135462.2796,0,1.1e-08
1.0207642699810486,0.0,0.0000000000000000,0.0000000000000000,-0.0023616946976125,0.0000000000000000,16.0930688362557461,3.0036043003154411,88352.4493,1.4430,-88353.8923,127490.9946,0,4.6e-10
