x0,y0,z0,xd0,yd0,zd0,Tp,JC,stabilityIndex1,stabilityIndex2,alpha,beta,impactFlag,error
1.0469888200089310,0.0,0.0000000000000000,-0.0000000115157373,-0.0985994728385831,0.0000000000000000,21.6242121581119413,2.9976848229000805,2.0000,-1.3744,-0.62558974,-0.74882055,0,9.9e-14
1.0469731342136259,0.0,0.0000000000000000,-0.0000000029767438,-0.0985802015602499,0.0000000000000000,21.6243121581119411,2.9976847534633975,2.0000,-1.3743,-0.62570359,-0.74859289,0,1.4e-13
1.0469586844873930,0.0,0.0000000000000000,-0.0000000219855085,-0.0985624804745853,0.0000000000000000,21.6244121581119408,2.9976846840220750,2.0000,-1.3742,-0.62581744,-0.74836521,0,5.1e-13
1.0469452298149227,0.0,0.0000000000000000,-0.0000000006664803,-0.0985460072930296,0.0000000000000000,21.6245121581119406,2.9976846145760745,2.0000,-1.3741,-0.62593130,-0.74813751,0,2.0e-13
1.0469325985603173,0.0,0.0000000000000000,0.0000000001219732,-0.0985305667468651,0.0000000000000000,21.6246121581119404,2.9976845451253133,2.0000,-1.3740,-0.62604517,-0.74790979,0,7.1e-14
1.0469206635157515,0.0,0.0000000000000000,-0.0000000002696493,-0.0985159992896343,0.0000000000000000,21.6247121581119401,2.9976844756699115,2.0000,-1.3738,-0.62615905,-0.74768206,0,1.4e-13
1.0469093270836174,0.0,0.0000000000000000,-0.0000000004743247,-0.0985021825149905,0.0000000000000000,21.6248121581119399,2.9976844062097729,2.0000,-1.3737,-0.62627294,-0.74745431,0,2.2e-13
1.0468985126239196,0.0,0.0000000000000000,0.0000000007294449,-0.0984890203010945,0.0000000000000000,21.6249121581119397,2.9976843367449693,2.0000,-1.3736,-0.62638684,-0.74722654,0,8.6e-14
1.0468881585019836,0.0,0.0000000000000000,-0.0000000011144237,-0.0984764353473508,0.0000000000000000,21.6250121581119430,2.9976842672754334,2.0000,-1.3735,-0.62650075,-0.74699876,0,1.6e-13
1.0468782144121540,0.0,0.0000000000000000,0.0000000018574963,-0.0984643645611107,0.0000000000000000,21.6251121581119428,2.9976841978012501,2.0000,-1.3734,-0.62661467,-0.74677096,0,2.3e-13
1.0468686385063466,0.0,0.0000000000000000,-0.0000000003231030,-0.0984527554587709,0.0000000000000000,21.6252121581119425,2.9976841283223266,2.0000,-1.3733,-0.62672860,-0.74654314,0,7.9e-14
1.0468593956712302,0.0,0.0000000000000000,-0.0000000006183164,-0.0984415640023968,0.0000000000000000,21.6253121581119423,2.9976840588387192,2.0000,-1.3732,-0.62684254,-0.74631530,0,1.5e-13
1.0468504560177392,0.0,0.0000000000000000,-0.0000000014817796,-0.0984307527068380,0.0000000000000000,21.6254121581119421,2.9976839893504224,2.0000,-1.3730,-0.62695649,-0.74608745,0,1.4e-13
1.0468417938712855,0.0,0.0000000000000000,-0.0000000005372973,-0.0984202893728253,0.0000000000000000,21.6255121581119418,2.9976839198574217,2.0000,-1.3729,-0.62707045,-0.74585958,0,3.8e-13
1.0468333869910824,0.0,0.0000000000000000,-0.0000000011465568,-0.0984101461076798,0.0000000000000000,21.6256121581119416,2.9976838503597127,2.0000,-1.3728,-0.62718442,-0.74563169,0,1.9e-14
1.0468252159641878,0.0,0.0000000000000000,-0.0000000006391751,-0.0984002985652533,0.0000000000000000,21.6257121581119414,2.9976837808573076,2.0000,-1.3727,-0.62729841,-0.74540378,0,1.7e-13
1.0468172637142830,0.0,0.0000000000000000,-0.0000000001683870,-0.0983907253300670,0.0000000000000000,21.6258121581119411,2.9976837113502026,2.0000,-1.3726,-0.62741240,-0.74517586,0,2.7e-14
1.0468095151264776,0.0,0.0000000000000000,-0.0000000029930759,-0.0983814074466931,0.0000000000000000,21.6259121581119409,2.9976836418383881,2.0000,-1.3725,-0.62752640,-0.74494792,0,1.9e-13
1.0468019567710267,0.0,0.0000000000000000,0.0000000003572010,-0.0983723280728037,0.0000000000000000,21.6260121581119407,2.9976835723218951,2.0000,-1.3724,-0.62764041,-0.74471996,0,2.1e-14
1.0467945766000963,0.0,0.0000000000000000,0.0000000000844160,-0.0983634720997999,0.0000000000000000,21.6261121581119404,2.9976835028006881,2.0000,-1.3722,-0.62775443,-0.74449199,0,1.4e-13
1.0467873638086271,0.0,0.0000000000000000,0.0000000003383305,-0.0983548259772934,0.0000000000000000,21.6262121581119402,2.9976834332747817,2.0000,-1.3721,-0.62786846,-0.74426400,0,3.5e-14
1.0467803086320404,0.0,0.0000000000000000,0.0000000009631700,-0.0983463774600012,0.0000000000000000,21.6263121581119400,2.9976833637441684,2.0000,-1.3720,-0.62798250,-0.74403599,0,1.4e-13
1.0467734022251709,0.0,0.0000000000000000,-0.0000000014628183,-0.0983381154556057,0.0000000000000000,21.6264121581119397,2.9976832942088567,2.0000,-1.3719,-0.62809655,-0.74380797,0,2.4e-13
1.0467666365311277,0.0,0.0000000000000000,-0.0000000003757113,-0.0983300298606021,0.0000000000000000,21.6265121581119431,2.9976832246688274,2.0000,-1.3718,-0.62821061,-0.74357992,0,2.0e-13
1.0467600042093692,0.0,0.0000000000000000,0.0000000009070004,-0.0983221114695643,0.0000000000000000,21.6266121581119428,2.9976831551241037,2.0000,-1.3717,-0.62832468,-0.74335186,0,3.3e-13
1.0467534985251847,0.0,0.0000000000000000,0.0000000005928185,-0.0983143518370966,0.0000000000000000,21.6267121581119426,2.9976830855746797,2.0000,-1.3716,-0.62843877,-0.74312379,0,5.6e-14
1.0467471132825736,0.0,0.0000000000000000,-0.0000000043728920,-0.0983067431936148,0.0000000000000000,21.6268121581119424,2.9976830160205217,2.0000,-1.3714,-0.62855286,-0.74289569,0,4.1e-13
1.0467408428153804,0.0,0.0000000000000000,-0.0000000002582660,-0.0982992784331955,0.0000000000000000,21.6269121581119421,2.9976829464617012,2.0000,-1.3713,-0.62866696,-0.74266758,0,6.8e-14
1.0467346818364911,0.0,0.0000000000000000,0.0000000003296826,-0.0982919509263420,0.0000000000000000,21.6270121581119419,2.9976828768981569,2.0000,-1.3712,-0.62878107,-0.74243945,0,1.1e-13
1.0467286254812296,0.0,0.0000000000000000,-0.0000000001426475,-0.0982847545727316,0.0000000000000000,21.6271121581119417,2.9976828073299036,2.0000,-1.3711,-0.62889519,-0.74221130,0,1.6e-14
1.0467226692310991,0.0,0.0000000000000000,-0.0000000005899174,-0.0982776837062772,0.0000000000000000,21.6272121581119414,2.9976827377569437,2.0000,-1.3710,-0.62900932,-0.74198314,0,1.0e-13
1.0467168088798573,0.0,0.0000000000000000,-0.0000000007337282,-0.0982707330525643,0.0000000000000000,21.6273121581119412,2.9976826681792716,2.0000,-1.3709,-0.62912346,-0.74175496,0,3.4e-14
1.0467110405138724,0.0,0.0000000000000000,-0.0000000001362283,-0.0982638977040047,0.0000000000000000,21.6274121581119410,2.9976825985968976,2.0000,-1.3708,-0.62923761,-0.74152676,0,3.4e-14
1.0467053604705092,0.0,0.0000000000000000,0.0000000000955229,-0.0982571730679680,0.0000000000000000,21.6275121581119407,2.9976825290098090,2.0000,-1.3706,-0.62935178,-0.74129855,0,3.3e-14
1.0466997653278811,0.0,0.0000000000000000,-0.0000000005894869,-0.0982505548536488,0.0000000000000000,21.6276121581119405,2.9976824594180052,2.0000,-1.3705,-0.62946595,-0.74107032,0,9.5e-14
1.0466942518888533,0.0,0.0000000000000000,0.0000000010276706,-0.0982440390518790,0.0000000000000000,21.6277121581119403,2.9976823898215121,2.0000,-1.3704,-0.62958013,-0.74084207,0,1.1e-13
1.0466888171276247,0.0,0.0000000000000000,-0.0000000003879752,-0.0982376218689315,0.0000000000000000,21.6278121581119400,2.9976823202202842,2.0000,-1.3703,-0.62969432,-0.74061380,0,1.1e-13
1.0466834582344784,0.0,0.0000000000000000,0.0000000006652545,-0.0982312997812493,0.0000000000000000,21.6279121581119398,2.9976822506143774,2.0000,-1.3702,-0.62980852,-0.74038552,0,3.7e-13
1.0466781725242167,0.0,0.0000000000000000,0.0000000001387531,-0.0982250694223916,0.0000000000000000,21.6280121581119396,2.9976821810037260,2.0000,-1.3701,-0.62992273,-0.74015722,0,8.3e-14
1.0466729574994489,0.0,0.0000000000000000,0.0000000000417607,-0.0982189276605836,0.0000000000000000,21.6281121581119429,2.9976821113883734,2.0000,-1.3700,-0.63003695,-0.73992890,0,2.8e-13
1.0466678107889078,0.0,0.0000000000000000,-0.0000000001115993,-0.0982128715225579,0.0000000000000000,21.6282121581119426,2.9976820417683196,2.0000,-1.3698,-0.63015119,-0.73970056,0,6.6e-14
1.0466627301434741,0.0,0.0000000000000000,0.0000000005009808,-0.0982068981884237,0.0000000000000000,21.6283121581119424,2.9976819721435382,2.0000,-1.3697,-0.63026543,-0.73947221,0,2.2e-14
1.0466577134488573,0.0,0.0000000000000000,-0.0000000002707429,-0.0982010050069820,0.0000000000000000,21.6284121581119422,2.9976819025140533,2.0000,-1.3696,-0.63037968,-0.73924384,0,4.4e-14
1.0466527586904832,0.0,0.0000000000000000,0.0000000016683346,-0.0981951894523972,0.0000000000000000,21.6285121581119419,2.9976818328798469,2.0000,-1.3695,-0.63049394,-0.73901545,0,3.1e-13
1.0466478639638237,0.0,0.0000000000000000,0.0000000002942537,-0.0981894491366091,0.0000000000000000,21.6286121581119417,2.9976817632409340,2.0000,-1.3694,-0.63060821,-0.73878705,0,1.2e-13
1.0466430274556040,0.0,0.0000000000000000,-0.0000000009799438,-0.0981837817861628,0.0000000000000000,21.6287121581119415,2.9976816935973027,2.0000,-1.3693,-0.63072249,-0.73855863,0,2.5e-13
1.0466382474441995,0.0,0.0000000000000000,-0.0000000002027790,-0.0981781852424515,0.0000000000000000,21.6288121581119412,2.9976816239489525,2.0000,-1.3692,-0.63083678,-0.73833019,0,8.6e-14
1.0466335222908383,0.0,0.0000000000000000,0.0000000003701789,-0.0981726574507658,0.0000000000000000,21.6289121581119410,2.9976815542958866,2.0000,-1.3691,-0.63095109,-0.73810173,0,6.8e-14
1.0466288504358119,0.0,0.0000000000000000,0.0000000003989323,-0.0981671964555190,0.0000000000000000,21.6290121581119408,2.9976814846381066,2.0000,-1.3689,-0.63106540,-0.73787326,0,4.2e-14
1.0466242303881694,0.0,0.0000000000000000,-0.0000000006187320,-0.0981618003874431,0.0000000000000000,21.6291121581119405,2.9976814149756046,2.0000,-1.3688,-0.63117972,-0.73764477,0,1.8e-13
1.0466196607308209,0.0,0.0000000000000000,0.0000000003684569,-0.0981564674697470,0.0000000000000000,21.6292121581119403,2.9976813453083895,2.0000,-1.3687,-0.63129405,-0.73741626,0,9.3e-14
1.0466151401066410,0.0,0.0000000000000000,0.0000000001257715,-0.0981511960009092,0.0000000000000000,21.6293121581119401,2.9976812756364630,2.0000,-1.3686,-0.63140839,-0.73718774,0,9.3e-14
1.0466106672160018,0.0,0.0000000000000000,0.0000000001738257,-0.0981459843515982,0.0000000000000000,21.6294121581119398,2.9976812059598110,2.0000,-1.3685,-0.63152274,-0.73695920,0,3.9e-14
1.0466062408197672,0.0,0.0000000000000000,-0.0000000000513887,-0.0981408309682002,0.0000000000000000,21.6295121581119396,2.9976811362784419,2.0000,-1.3684,-0.63163711,-0.73673064,0,2.5e-14
1.0466018597290301,0.0,0.0000000000000000,-0.0000000002102139,-0.0981357343601877,0.0000000000000000,21.6296121581119429,2.9976810665923459,2.0000,-1.3683,-0.63175148,-0.73650206,0,5.5e-13
1.0465975228103390,0.0,0.0000000000000000,-0.0000000000484840,-0.0981306931063495,0.0000000000000000,21.6297121581119427,2.9976809969015488,2.0000,-1.3681,-0.63186586,-0.73627347,0,7.1e-14
1.0465932289644253,0.0,0.0000000000000000,-0.0000000000390659,-0.0981257058287762,0.0000000000000000,21.6298121581119425,2.9976809272060132,2.0000,-1.3680,-0.63198025,-0.73604486,0,1.3e-13
1.0465889771503285,0.0,0.0000000000000000,-0.0000000001968005,-0.0981207712222167,0.0000000000000000,21.6299121581119422,2.9976808575057641,2.0000,-1.3679,-0.63209465,-0.73581623,0,2.1e-14
1.0465847663598611,0.0,0.0000000000000000,0.0000000003931971,-0.0981158880227961,0.0000000000000000,21.6300121581119420,2.9976807878007898,2.0000,-1.3678,-0.63220907,-0.73558759,0,1.5e-13
1.0465805956287884,0.0,0.0000000000000000,-0.0000000001877605,-0.0981110550216174,0.0000000000000000,21.6301121581119418,2.9976807180910949,2.0000,-1.3677,-0.63232349,-0.73535893,0,1.7e-14
1.0465764640267199,0.0,0.0000000000000000,-0.0000000001667822,-0.0981062710523222,0.0000000000000000,21.6302121581119415,2.9976806483766731,2.0000,-1.3676,-0.63243792,-0.73513025,0,4.1e-13
1.0465723706650352,0.0,0.0000000000000000,0.0000000001865444,-0.0981015350007293,0.0000000000000000,21.6303121581119413,2.9976805786575431,2.0000,-1.3674,-0.63255236,-0.73490155,0,1.5e-14
1.0465524483844904,0.0,0.0000000000000000,0.0000000001617977,-0.0980785370568214,0.0000000000000000,21.6308121581119401,2.9976802299909822,2.0000,-1.3669,-0.63312472,-0.73375781,0,1.4e-13
1.0465333654285671,0.0,0.0000000000000000,0.0000000005753534,-0.0980565907780102,0.0000000000000000,21.6313121581119425,2.9976798812062775,2.0000,-1.3663,-0.63369733,-0.73261364,0,8.9e-14
1.0465150406819852,0.0,0.0000000000000000,0.0000000002841953,-0.0980355944796313,0.0000000000000000,21.6318121581119414,2.9976795323033536,2.0000,-1.3657,-0.63427019,-0.73146905,0,1.5e-13
1.0464974053149754,0.0,0.0000000000000000,0.0000000001932499,-0.0980154618811064,0.0000000000000000,21.6323121581119402,2.9976791832821621,2.0000,-1.3652,-0.63484330,-0.73032402,0,8.4e-14
1.0464804003140995,0.0,0.0000000000000000,0.0000000002043967,-0.0979961190101386,0.0000000000000000,21.6328121581119426,2.9976788341426173,2.0000,-1.3646,-0.63541666,-0.72917857,0,2.2e-13
1.0464639746441280,0.0,0.0000000000000000,0.0000000001697050,-0.0979775018971263,0.0000000000000000,21.6333121581119414,2.9976784848846814,2.0000,-1.3640,-0.63599028,-0.72803268,0,1.5e-13
1.0464480837986356,0.0,0.0000000000000000,0.0000000003695049,-0.0979595547584170,0.0000000000000000,21.6338121581119402,2.9976781355082762,2.0000,-1.3634,-0.63656414,-0.72688637,0,1.4e-13
1.0464326887008466,0.0,0.0000000000000000,0.0000000001308561,-0.0979422286174897,0.0000000000000000,21.6343121581119426,2.9976777860133534,2.0000,-1.3629,-0.63713825,-0.72573963,0,9.5e-14
1.0464177548074416,0.0,0.0000000000000000,0.0000000000854654,-0.0979254801817408,0.0000000000000000,21.6348121581119415,2.9976774363998304,2.0000,-1.3623,-0.63771261,-0.72459246,0,5.0e-14
1.0464032514144019,0.0,0.0000000000000000,0.0000000003443592,-0.0979092709716657,0.0000000000000000,21.6353121581119403,2.9976770866676472,2.0000,-1.3617,-0.63828723,-0.72344486,0,1.5e-13
1.0463891510834946,0.0,0.0000000000000000,0.0000000004096063,-0.0978935666018458,0.0000000000000000,21.6358121581119427,2.9976767368167545,2.0000,-1.3611,-0.63886209,-0.72229683,0,2.4e-14
1.0463754291698526,0.0,0.0000000000000000,0.0000000000154191,-0.0978783361889112,0.0000000000000000,21.6363121581119415,2.9976763868470737,2.0000,-1.3606,-0.63943721,-0.72114837,0,1.4e-13
1.0463620634481432,0.0,0.0000000000000000,-0.0000000003961025,-0.0978635518823840,0.0000000000000000,21.6368121581119404,2.9976760367585573,2.0000,-1.3600,-0.64001257,-0.71999949,0,1.1e-13
1.0463490337822643,0.0,0.0000000000000000,-0.0000000000973793,-0.0978491884510524,0.0000000000000000,21.6373121581119428,2.9976756865511209,2.0000,-1.3594,-0.64058819,-0.71885018,0,1.0e-13
1.0463363218718984,0.0,0.0000000000000000,0.0000000000075700,-0.0978352229646577,0.0000000000000000,21.6378121581119416,2.9976753362247162,2.0000,-1.3588,-0.64116405,-0.71770044,0,1.1e-13
1.0463239110177374,0.0,0.0000000000000000,0.0000000002872625,-0.0978216344999716,0.0000000000000000,21.6383121581119404,2.9976749857792759,2.0000,-1.3583,-0.64174017,-0.71655027,0,6.4e-14
1.0463117859374573,0.0,0.0000000000000000,0.0000000008002978,-0.0978084039098142,0.0000000000000000,21.6388121581119428,2.9976746352147483,2.0000,-1.3577,-0.64231654,-0.71539967,0,3.4e-13
1.0462999325948734,0.0,0.0000000000000000,-0.0000000002095025,-0.0977955136092753,0.0000000000000000,21.6393121581119416,2.9976742845310400,2.0000,-1.3571,-0.64289316,-0.71424865,0,1.7e-13
1.0462883380745429,0.0,0.0000000000000000,0.0000000000708638,-0.0977829474178463,0.0000000000000000,21.6398121581119405,2.9976739337281071,2.0000,-1.3565,-0.64347003,-0.71309720,0,5.6e-14
1.0462769904508138,0.0,0.0000000000000000,-0.0000000000172699,-0.0977706903957848,0.0000000000000000,21.6403121581119429,2.9976735828058847,2.0000,-1.3560,-0.64404714,-0.71194532,0,2.1e-14
1.0462658786887873,0.0,0.0000000000000000,0.0000000001714647,-0.0977587287197372,0.0000000000000000,21.6408121581119417,2.9976732317643129,2.0000,-1.3554,-0.64462451,-0.71079301,0,1.1e-13
1.0462549925508824,0.0,0.0000000000000000,-0.0000000000704918,-0.0977470495657591,0.0000000000000000,21.6413121581119405,2.9976728806033184,2.0000,-1.3548,-0.64520213,-0.70964028,0,4.4e-14
1.0462443225224585,0.0,0.0000000000000000,0.0000000001476844,-0.0977356410158756,0.0000000000000000,21.6418121581119429,2.9976725293228403,2.0000,-1.3542,-0.64578001,-0.70848712,0,3.7e-13
1.0462338597404588,0.0,0.0000000000000000,0.0000000000672730,-0.0977244919687008,0.0000000000000000,21.6423121581119418,2.9976721779228233,2.0000,-1.3537,-0.64635813,-0.70733354,0,2.1e-13
1.0462235959304782,0.0,0.0000000000000000,0.0000000002756769,-0.0977135920607200,0.0000000000000000,21.6428121581119406,2.9976718264031894,2.0000,-1.3531,-0.64693650,-0.70617952,0,1.8e-13
1.0462135233574890,0.0,0.0000000000000000,0.0000000000815428,-0.0977029316042328,0.0000000000000000,21.6433121581119430,2.9976714747638837,2.0000,-1.3525,-0.64751512,-0.70502508,0,1.3e-13
1.0462036347747841,0.0,0.0000000000000000,0.0000000000330151,-0.0976925015235865,0.0000000000000000,21.6438121581119418,2.9976711230048370,2.0000,-1.3519,-0.64809400,-0.70387022,0,7.4e-14
1.0461939233843627,0.0,0.0000000000000000,-0.0000000002624449,-0.0976822933053383,0.0000000000000000,21.6443121581119406,2.9976707711259931,2.0000,-1.3513,-0.64867312,-0.70271493,0,5.0e-13
1.0461843827952926,0.0,0.0000000000000000,-0.0000000000227140,-0.0976722989463144,0.0000000000000000,21.6448121581119430,2.9976704191272736,2.0000,-1.3508,-0.64925250,-0.70155921,0,3.2e-14
1.0461750069954268,0.0,0.0000000000000000,0.0000000000604121,-0.0976625109178108,0.0000000000000000,21.6453121581119419,2.9976700670086265,2.0000,-1.3502,-0.64983212,-0.70040307,0,1.2e-13
1.0461657903161929,0.0,0.0000000000000000,0.0000000000183397,-0.0976529221217798,0.0000000000000000,21.6458121581119407,2.9976697147699825,2.0000,-1.3496,-0.65041200,-0.69924650,0,2.7e-13
1.0461567274086530,0.0,0.0000000000000000,-0.0000000000597241,-0.0976435258606211,0.0000000000000000,21.6463121581119431,2.9976693624112807,2.0000,-1.3490,-0.65099213,-0.69808950,0,2.0e-14
1.0461478132173583,0.0,0.0000000000000000,0.0000000000249738,-0.0976343158045077,0.0000000000000000,21.6468121581119419,2.9976690099324568,2.0000,-1.3485,-0.65157251,-0.69693208,0,1.9e-13
1.0461390429584110,0.0,0.0000000000000000,0.0000000000331003,-0.0976252859638852,0.0000000000000000,21.6473121581119408,2.9976686573334432,2.0000,-1.3479,-0.65215314,-0.69577423,0,1.0e-13
1.0461304120992803,0.0,0.0000000000000000,-0.0000000000406165,-0.0976164306641741,0.0000000000000000,21.6478121581119431,2.9976683046141699,2.0000,-1.3473,-0.65273402,-0.69461596,0,1.2e-13
1.0461219163435305,0.0,0.0000000000000000,0.0000000000460107,-0.0976077445264596,0.0000000000000000,21.6483121581119420,2.9976679517745866,2.0000,-1.3467,-0.65331515,-0.69345727,0,1.7e-13
1.0461135516091229,0.0,0.0000000000000000,0.0000000000364628,-0.0975992224406229,0.0000000000000000,21.6488121581119408,2.9976675988146182,2.0000,-1.3461,-0.65389653,-0.69229814,0,1.6e-13
1.0461053140169438,0.0,0.0000000000000000,-0.0000000000353418,-0.0975908595507246,0.0000000000000000,21.6493121581119432,2.9976672457341977,2.0000,-1.3456,-0.65447817,-0.69113860,0,3.5e-14
1.0460971998774429,0.0,0.0000000000000000,0.0000000000159941,-0.0975826512382393,0.0000000000000000,21.6498121581119420,2.9976668925332706,2.0000,-1.3450,-0.65506006,-0.68997863,0,3.6e-14
1.0460892056756845,0.0,0.0000000000000000,-0.0000000000505740,-0.0975745931034925,0.0000000000000000,21.6503121581119409,2.9976665392117674,2.0000,-1.3444,-0.65564219,-0.68881823,0,2.0e-13
1.0460813280607772,0.0,0.0000000000000000,0.0000000000076482,-0.0975666809523187,0.0000000000000000,21.6508121581119433,2.9976661857696221,2.0000,-1.3438,-0.65622458,-0.68765741,0,1.3e-13
1.0460735638353764,0.0,0.0000000000000000,0.0000000000227954,-0.0975589107829471,0.0000000000000000,21.6513121581119421,2.9976658322067591,2.0000,-1.3432,-0.65680722,-0.68649617,0,4.3e-13
1.0460659099497673,0.0,0.0000000000000000,-0.0000000001728330,-0.0975512787782976,0.0000000000000000,21.6518121581119409,2.9976654785231425,2.0000,-1.3426,-0.65739011,-0.68533450,0,4.6e-14
1.0460583634843783,0.0,0.0000000000000000,-0.0000000000546938,-0.0975437812846573,0.0000000000000000,21.6523121581119433,2.9976651247186852,2.0000,-1.3421,-0.65797325,-0.68417241,0,7.4e-14
1.0460509216486380,0.0,0.0000000000000000,-0.0000000000971912,-0.0975364148097674,0.0000000000000000,21.6528121581119422,2.9976647707933219,2.0000,-1.3415,-0.65855665,-0.68300990,0,1.1e-13
1.0460435817723672,0.0,0.0000000000000000,-0.0000000000271736,-0.0975291760121041,0.0000000000000000,21.6533121581119410,2.9976644167469977,2.0000,-1.3409,-0.65914030,-0.68184696,0,5.3e-14
1.0460363412962468,0.0,0.0000000000000000,0.0000000000917624,-0.0975220616890996,0.0000000000000000,21.6538121581119434,2.9976640625796436,2.0000,-1.3403,-0.65972419,-0.68068360,0,7.0e-13
1.0460291977667042,0.0,0.0000000000000000,0.0000000001247021,-0.0975150687706968,0.0000000000000000,21.6543121581119422,2.9976637082911823,2.0000,-1.3397,-0.66030834,-0.67951981,0,1.1e-13
1.0460221488316159,0.0,0.0000000000000000,-0.0000000002128839,-0.0975081943137070,0.0000000000000000,21.6548121581119410,2.9976633538815691,2.0000,-1.3391,-0.66089274,-0.67835561,0,2.0e-13
1.0460151922313032,0.0,0.0000000000000000,-0.0000000000262308,-0.0975014354909343,0.0000000000000000,21.6553121581119399,2.9976629993507244,2.0000,-1.3386,-0.66147740,-0.67719098,0,2.6e-14
1.0460083257959023,0.0,0.0000000000000000,0.0000000000621669,-0.0974947895875646,0.0000000000000000,21.6558121581119423,2.9976626446985906,2.0000,-1.3380,-0.66206230,-0.67602593,0,1.3e-13
1.0460015474393092,0.0,0.0000000000000000,-0.0000000000106954,-0.0974882539937548,0.0000000000000000,21.6563121581119411,2.9976622899250964,2.0000,-1.3374,-0.66264746,-0.67486045,0,7.4e-14
1.0459948551558458,0.0,0.0000000000000000,-0.0000000000265223,-0.0974818262003232,0.0000000000000000,21.6568121581119399,2.9976619350301812,2.0000,-1.3368,-0.66323287,-0.67369456,0,8.8e-14
1.0459882470145403,0.0,0.0000000000000000,-0.0000000000987285,-0.0974755037917066,0.0000000000000000,21.6573121581119423,2.9976615800137774,2.0000,-1.3362,-0.66381853,-0.67252824,0,1.1e-13
1.0459817211566940,0.0,0.0000000000000000,-0.0000000000258076,-0.0974692844428126,0.0000000000000000,21.6578121581119412,2.9976612248758228,2.0001,-1.3356,-0.66440444,-0.67136150,0,6.8e-14
1.0459752757905365,0.0,0.0000000000000000,0.0000000001458985,-0.0974631659124330,0.0000000000000000,21.6583121581119400,2.9976608696162454,2.0001,-1.3351,-0.66499061,-0.67019434,0,2.8e-13
1.0459689091893021,0.0,0.0000000000000000,0.0000000001059553,-0.0974571460407172,0.0000000000000000,21.6588121581119424,2.9976605142349810,2.0001,-1.3345,-0.66557702,-0.66902675,0,6.1e-14
1.0459626196894194,0.0,0.0000000000000000,-0.0000000001801152,-0.0974512227468469,0.0000000000000000,21.6593121581119412,2.9976601587319798,2.0001,-1.3339,-0.66616369,-0.66785875,0,2.5e-13
1.0459564056803943,0.0,0.0000000000000000,-0.0000000000260342,-0.0974453940168178,0.0000000000000000,21.6598121581119401,2.9976598031071426,2.0001,-1.3333,-0.66675062,-0.66669033,0,7.9e-14
1.0459502656137336,0.0,0.0000000000000000,-0.0000000000658589,-0.0974396579138149,0.0000000000000000,21.6603121581119424,2.9976594473604341,2.0001,-1.3327,-0.66733779,-0.66552148,0,1.7e-13
1.0459441979894950,0.0,0.0000000000000000,-0.0000000000752339,-0.0974340125621068,0.0000000000000000,21.6608121581119413,2.9976590914917787,2.0001,-1.3321,-0.66792522,-0.66435221,0,9.7e-14
1.0459382013592249,0.0,0.0000000000000000,-0.0000000000086009,-0.0974284561503773,0.0000000000000000,21.6613121581119401,2.9976587355011093,2.0001,-1.3315,-0.66851290,-0.66318253,0,2.5e-13
1.0459322743223800,0.0,0.0000000000000000,-0.0000000000198761,-0.0974229869272972,0.0000000000000000,21.6618121581119425,2.9976583793883571,2.0001,-1.3310,-0.66910083,-0.66201242,0,1.2e-13
1.0459264155248265,0.0,0.0000000000000000,0.0000000000028181,-0.0974176031996020,0.0000000000000000,21.6623121581119413,2.9976580231534631,2.0001,-1.3304,-0.66968902,-0.66084189,0,1.6e-13
1.0459206236554881,0.0,0.0000000000000000,0.0000000000229462,-0.0974123033280028,0.0000000000000000,21.6628121581119402,2.9976576667963557,2.0001,-1.3298,-0.67027746,-0.65967095,0,8.1e-14
1.0459148974453427,0.0,0.0000000000000000,-0.0000000001025385,-0.0974070857258292,0.0000000000000000,21.6633121581119426,2.9976573103169710,2.0001,-1.3292,-0.67086615,-0.65849958,0,8.2e-14
1.0459092356655511,0.0,0.0000000000000000,-0.0000000000012564,-0.0974019488567194,0.0000000000000000,21.6638121581119414,2.9976569537152447,2.0001,-1.3286,-0.67145510,-0.65732780,0,6.5e-14
1.0459036371249699,0.0,0.0000000000000000,-0.0000000002192887,-0.0973968912315429,0.0000000000000000,21.6643121581119402,2.9976565969911064,2.0001,-1.3280,-0.67204430,-0.65615559,0,2.4e-13
1.0458981006697028,0.0,0.0000000000000000,0.0000000000476077,-0.0973919114077377,0.0000000000000000,21.6648121581119426,2.9976562401444968,2.0001,-1.3274,-0.67263375,-0.65498297,0,7.4e-14
1.0458926251803760,0.0,0.0000000000000000,-0.0000000000647606,-0.0973870079860258,0.0000000000000000,21.6653121581119414,2.9976558831753453,2.0001,-1.3269,-0.67322346,-0.65380993,0,1.3e-13
1.0458872095709957,0.0,0.0000000000000000,-0.0000000000360698,-0.0973821796089216,0.0000000000000000,21.6658121581119403,2.9976555260835815,2.0001,-1.3263,-0.67381341,-0.65263647,0,5.5e-14
1.0458818527884475,0.0,0.0000000000000000,-0.0000000000046835,-0.0973774249600357,0.0000000000000000,21.6663121581119427,2.9976551688691448,2.0001,-1.3257,-0.67440363,-0.65146259,0,4.5e-14
1.0458765538100814,0.0,0.0000000000000000,0.0000000000911941,-0.0973727427611648,0.0000000000000000,21.6668121581119415,2.9976548115319668,2.0001,-1.3251,-0.67499409,-0.65028829,0,3.6e-13
1.0458713116427520,0.0,0.0000000000000000,0.0000000000386641,-0.0973681317710257,0.0000000000000000,21.6673121581119403,2.9976544540719821,2.0001,-1.3245,-0.67558481,-0.64911358,0,1.1e-13
1.0458661253220134,0.0,0.0000000000000000,0.0000000001118166,-0.0973635907842644,0.0000000000000000,21.6678121581119427,2.9976540964891250,2.0001,-1.3239,-0.67617579,-0.64793845,0,1.3e-13
1.0458609939103050,0.0,0.0000000000000000,-0.0000000000222102,-0.0973591186291913,0.0000000000000000,21.6683121581119416,2.9976537387833271,2.0001,-1.3233,-0.67676702,-0.64676290,0,9.8e-14
1.0458559164966788,0.0,0.0000000000000000,0.0000000000241166,-0.0973547141674173,0.0000000000000000,21.6688121581119404,2.9976533809545209,2.0001,-1.3227,-0.67735850,-0.64558693,0,1.3e-13
1.0458508921952241,0.0,0.0000000000000000,-0.0000000000382856,-0.0973503762918966,0.0000000000000000,21.6693121581119428,2.9976530230026426,2.0001,-1.3221,-0.67795024,-0.64441055,0,8.3e-14
1.0458459201443238,0.0,0.0000000000000000,-0.0000000000252604,-0.0973461039259878,0.0000000000000000,21.6698121581119416,2.9976526649276232,2.0001,-1.3216,-0.67854223,-0.64323375,0,4.8e-14
1.0458409995057112,0.0,0.0000000000000000,-0.0000000000293658,-0.0973418960222833,0.0000000000000000,21.6703121581119440,2.9976523067293970,2.0001,-1.3210,-0.67913447,-0.64205654,0,2.9e-13
1.0458361294636054,0.0,0.0000000000000000,0.0000000000152554,-0.0973377515614980,0.0000000000000000,21.6708121581119428,2.9976519484078996,2.0001,-1.3204,-0.67972697,-0.64087890,0,2.2e-13
1.0458313092234497,0.0,0.0000000000000000,0.0000000000224643,-0.0973336695509651,0.0000000000000000,21.6713121581119417,2.9976515899630587,2.0001,-1.3198,-0.68031973,-0.63970086,0,1.8e-13
1.0458265380124867,0.0,0.0000000000000000,0.0000000000903245,-0.0973296490252165,0.0000000000000000,21.6718121581119441,2.9976512313948143,2.0001,-1.3192,-0.68091274,-0.63852239,0,2.1e-13
1.0458218150768090,0.0,0.0000000000000000,0.0000000000154161,-0.0973256890424646,0.0000000000000000,21.6723121581119429,2.9976508727030944,2.0001,-1.3186,-0.68150600,-0.63734351,0,3.7e-14
1.0458171396827221,0.0,0.0000000000000000,0.0000000000077676,-0.0973217886861680,0.0000000000000000,21.6728121581119417,2.9976505138878333,2.0001,-1.3180,-0.68209952,-0.63616422,0,3.8e-14
1.0458125111146506,0.0,0.0000000000000000,0.0000000000414576,-0.0973179470624929,0.0000000000000000,21.6733121581119406,2.9976501549489600,2.0001,-1.3174,-0.68269330,-0.63498451,0,3.1e-13
1.0458079286757023,0.0,0.0000000000000000,-0.0000000000430990,-0.0973141633009253,0.0000000000000000,21.6738121581119429,2.9976497958864150,2.0001,-1.3168,-0.68328733,-0.63380439,0,1.7e-13
1.0458033916860272,0.0,0.0000000000000000,-0.0000000000144130,-0.0973104365523216,0.0000000000000000,21.6743121581119418,2.9976494367001294,2.0001,-1.3162,-0.68388162,-0.63262385,0,1.2e-13
1.0457988994825431,0.0,0.0000000000000000,-0.0000000000457971,-0.0973067659885101,0.0000000000000000,21.6748121581119406,2.9976490773900379,2.0001,-1.3156,-0.68447616,-0.63144290,0,6.0e-13
1.0457944514173474,0.0,0.0000000000000000,-0.0000000000017226,-0.0973031508004293,0.0000000000000000,21.6753121581119430,2.9976487179560580,2.0001,-1.3151,-0.68507095,-0.63026153,0,1.1e-13
1.0457900468602717,0.0,0.0000000000000000,0.0000000000204387,-0.0972995902009907,0.0000000000000000,21.6758121581119418,2.9976483583981386,2.0001,-1.3145,-0.68566601,-0.62907975,0,2.2e-13
1.0457856851951770,0.0,0.0000000000000000,-0.0000000000015258,-0.0972960834207843,0.0000000000000000,21.6763121581119407,2.9976479987162099,2.0001,-1.3139,-0.68626132,-0.62789756,0,7.6e-14
1.0457813658199877,0.0,0.0000000000000000,-0.0000000000103174,-0.0972926297080322,0.0000000000000000,21.6768121581119431,2.9976476389102005,2.0001,-1.3133,-0.68685688,-0.62671495,0,6.7e-14
1.0457770881481689,0.0,0.0000000000000000,0.0000000000124939,-0.0972892283302958,0.0000000000000000,21.6773121581119419,2.9976472789800495,2.0001,-1.3127,-0.68745270,-0.62553193,0,4.9e-14
1.0457728516051779,0.0,0.0000000000000000,-0.0000000000108688,-0.0972858785702780,0.0000000000000000,21.6778121581119407,2.9976469189256805,2.0001,-1.3121,-0.68804878,-0.62434850,0,1.1e-13
1.0457686556312622,0.0,0.0000000000000000,-0.0000000000318354,-0.0972825797290635,0.0000000000000000,21.6783121581119431,2.9976465587470309,2.0001,-1.3115,-0.68864512,-0.62316466,0,1.6e-13
1.0457644996785624,0.0,0.0000000000000000,0.0000000001116614,-0.0972793311226920,0.0000000000000000,21.6788121581119420,2.9976461984440306,2.0001,-1.3109,-0.68924171,-0.62198040,0,2.6e-13
1.0457603832122166,0.0,0.0000000000000000,0.0000000000204020,-0.0972761320834046,0.0000000000000000,21.6793121581119408,2.9976458380166169,2.0001,-1.3103,-0.68983855,-0.62079573,0,6.2e-14
1.0457563057089443,0.0,0.0000000000000000,0.0000000000545108,-0.0972729819579931,0.0000000000000000,21.6798121581119432,2.9976454774647179,2.0001,-1.3097,-0.69043566,-0.61961065,0,1.1e-13
1.0457522666574464,0.0,0.0000000000000000,0.0000000000602361,-0.0972698801081909,0.0000000000000000,21.6803121581119420,2.9976451167882701,2.0001,-1.3091,-0.69103302,-0.61842516,0,1.5e-13
1.0457482655572443,0.0,0.0000000000000000,-0.0000000000012369,-0.0972668259093335,0.0000000000000000,21.6808121581119408,2.9976447559871975,2.0002,-1.3085,-0.69163064,-0.61723926,0,4.8e-14
1.0457443019195731,0.0,0.0000000000000000,0.0000000000042046,-0.0972638187513094,0.0000000000000000,21.6813121581119432,2.9976443950614429,2.0002,-1.3079,-0.69222852,-0.61605294,0,1.7e-13
1.0457403752654058,0.0,0.0000000000000000,-0.0000000000251615,-0.0972608580362952,0.0000000000000000,21.6818121581119421,2.9976440340109307,2.0002,-1.3073,-0.69282665,-0.61486622,0,2.1e-13
1.0457364851264968,0.0,0.0000000000000000,-0.0000000000658843,-0.0972579431799093,0.0000000000000000,21.6823121581119409,2.9976436728355917,2.0002,-1.3067,-0.69342504,-0.61367909,0,1.1e-13
1.0457326310450725,0.0,0.0000000000000000,0.0000000000169099,-0.0972550736108198,0.0000000000000000,21.6828121581119433,2.9976433115353660,2.0002,-1.3061,-0.69402369,-0.61249154,0,2.5e-14
1.0457288125720063,0.0,0.0000000000000000,0.0000000000175369,-0.0972522487685978,0.0000000000000000,21.6833121581119421,2.9976429501101793,2.0002,-1.3055,-0.69462260,-0.61130359,0,1.8e-13
1.0457250292680693,0.0,0.0000000000000000,0.0000000000360998,-0.0972494681051692,0.0000000000000000,21.6838121581119410,2.9976425885599625,2.0002,-1.3049,-0.69522176,-0.61011523,0,1.4e-13
1.0457212807037073,0.0,0.0000000000000000,-0.0000000000037585,-0.0972467310844928,0.0000000000000000,21.6843121581119433,2.9976422268846554,2.0002,-1.3044,-0.69582119,-0.60892646,0,7.8e-14
1.0457175664572227,0.0,0.0000000000000000,0.0000000000130437,-0.0972440371804726,0.0000000000000000,21.6848121581119422,2.9976418650841805,2.0002,-1.3038,-0.69642087,-0.60773727,0,7.3e-14
1.0457138861162714,0.0,0.0000000000000000,-0.0000000000012905,-0.0972413858786245,0.0000000000000000,21.6853121581119410,2.9976415031584738,2.0002,-1.3032,-0.69702081,-0.60654769,0,5.3e-14
1.0457102392767343,0.0,0.0000000000000000,-0.0000000000376793,-0.0972387766747755,0.0000000000000000,21.6858121581119434,2.9976411411074686,2.0002,-1.3026,-0.69762101,-0.60535769,0,2.5e-13
1.0457066255426171,0.0,0.0000000000000000,0.0000000000448057,-0.0972362090749082,0.0000000000000000,21.6863121581119422,2.9976407789310962,2.0002,-1.3020,-0.69822147,-0.60416728,0,5.9e-14
1.0457030445253488,0.0,0.0000000000000000,0.0000000000911773,-0.0972336825943567,0.0000000000000000,21.6868121581119411,2.9976404166292800,2.0002,-1.3014,-0.69882219,-0.60297647,0,2.3e-13
1.0456994958451700,0.0,0.0000000000000000,-0.0000000000632017,-0.0972311967593379,0.0000000000000000,21.6873121581119435,2.9976400542019648,2.0002,-1.3008,-0.69942316,-0.60178525,0,2.5e-13
1.0456959791287328,0.0,0.0000000000000000,0.0000000000444410,-0.0972287511042046,0.0000000000000000,21.6878121581119423,2.9976396916490757,2.0002,-1.3002,-0.70002440,-0.60059362,0,2.0e-13
1.0456781340418864,0.0,-0.0000000000000000,0.0000000000038200,-0.0972166244516928,0.0000000000000000,21.6904210705745619,2.9976377978718172,2.0002,-1.2970,-0.70316576,-0.59436933,0,6.1e-12
1.0456603347554345,0.0,0.0000000000000000,-0.0000000000019826,-0.0972050307771700,0.0000000000000000,21.6931501756559300,2.9976358131769052,2.0002,-1.2938,-0.70645944,-0.58784647,0,9.6e-12
1.0456426112729063,0.0,0.0000000000000000,0.0000000000148632,-0.0971940301382170,0.0000000000000000,21.6960049646832687,2.9976337330512077,2.0003,-1.2903,-0.70991315,-0.58101036,0,7.1e-12
1.0456249955502868,0.0,0.0000000000000000,-0.0000000000026814,-0.0971836862339550,0.0000000000000000,21.6989911966366371,2.9976315527276305,2.0003,-1.2867,-0.71353505,-0.57384549,0,4.7e-12
1.0456075216303158,0.0,0.0000000000000000,-0.0000000000007067,-0.0971740666486271,0.0000000000000000,21.7021149123991712,2.9976292671683558,2.0003,-1.2830,-0.71733377,-0.56633550,0,8.3e-12
1.0455902257886898,0.0,0.0000000000000000,0.0000000000079461,-0.0971652431151841,0.0000000000000000,21.7053824497606378,2.9976268710468976,2.0003,-1.2790,-0.72131848,-0.55846313,0,6.3e-12
1.0455731466891494,0.0,0.0000000000000000,-0.0000000000012288,-0.0971572917976464,0.0000000000000000,21.7088004591106731,2.9976243587284657,2.0004,-1.2749,-0.72549889,-0.55021018,0,1.1e-11
1.0455563255561950,0.0,0.0000000000000000,-0.0000000000038167,-0.0971502935992826,0.0000000000000000,21.7123759200748196,2.9976217242493512,2.0004,-1.2705,-0.72988531,-0.54155742,0,7.9e-12
1.0455398063565093,0.0,0.0000000000000000,0.0000000000065396,-0.0971443344915503,0.0000000000000000,21.7161161588690348,2.9976189612941599,2.0004,-1.2660,-0.73448870,-0.53248456,0,5.7e-12
1.0455236359990123,0.0,-0.0000000000000000,0.0000000000148144,-0.0971395058719069,0.0000000000000000,21.7200288666540224,2.9976160631716779,2.0005,-1.2612,-0.73932068,-0.52297016,0,1.1e-11
1.0455078645499618,0.0,0.0000000000000000,0.0000000000030849,-0.0971359049489396,0.0000000000000000,21.7241221188217928,2.9976130227887867,2.0005,-1.2562,-0.74439364,-0.51299159,0,7.8e-12
1.0454925454634953,0.0,0.0000000000000000,0.0000000000058746,-0.0971336351578271,0.0000000000000000,21.7284043952125039,2.9976098326219165,2.0006,-1.2509,-0.74972078,-0.50252493,0,5.8e-12
1.0454777358331124,0.0,-0.0000000000000000,-0.0000000000156647,-0.0971328066100807,0.0000000000000000,21.7328846014592223,2.9976064846865609,2.0007,-1.2454,-0.75531616,-0.49154493,0,1.1e-11
1.0454634966630292,0.0,-0.0000000000000000,-0.0000000000023989,-0.0971335365792680,0.0000000000000000,21.7375720914364621,2.9976029705042349,2.0007,-1.2396,-0.76119477,-0.48002490,0,8.4e-12
1.0454498931595979,0.0,-0.0000000000000000,0.0000000000074069,-0.0971359500261037,0.0000000000000000,21.7424766908075391,2.9975992810662415,2.0008,-1.2335,-0.76737266,-0.46793665,0,6.0e-12
1.0454369950487212,0.0,-0.0000000000000000,-0.0000000000300378,-0.0971401801670611,0.0000000000000000,21.7476087218912859,2.9975954067948112,2.0009,-1.2271,-0.77386698,-0.45525041,0,4.5e-12
1.0454248769184049,0.0,0.0000000000000000,0.0000000000084640,-0.0971463690907696,0.0000000000000000,21.7529790297899197,2.9975913375005554,2.0010,-1.2203,-0.78069610,-0.44193473,0,9.8e-12
1.0454136185897680,0.0,0.0000000000000000,0.0000000000039447,-0.0971546684251863,0.0000000000000000,21.7585990099294087,2.9975870623363985,2.0012,-1.2133,-0.78787974,-0.42795640,0,7.4e-12
1.0454033055186158,0.0,-0.0000000000000000,0.0000000000096341,-0.0971652400633607,0.0000000000000000,21.7644806370058639,2.9975825697469252,2.0013,-1.2059,-0.79543908,-0.41328035,0,5.5e-12
1.0453940292321271,0.0,0.0000000000000000,0.0000000000116886,-0.0971782569511702,0.0000000000000000,21.7706364955425293,2.9975778474135280,2.0015,-1.1981,-0.80339694,-0.39786958,0,4.1e-12
1.0453858878020696,0.0,-0.0000000000000000,-0.0000000000091720,-0.0971939039446813,0.0000000000000000,21.7770798120461500,2.9975728821941381,2.0016,-1.1899,-0.81177791,-0.38168505,0,9.8e-12
1.0453789863601999,0.0,0.0000000000000000,-0.0000000000024512,-0.0972123787441112,0.0000000000000000,21.7838244889413524,2.9975676600574812,2.0019,-1.1812,-0.82060860,-0.36468560,0,7.7e-12
1.0453734376577866,0.0,-0.0000000000000000,-0.0000000000064033,-0.0972338929133436,0.0000000000000000,21.7908851402884274,2.9975621660105047,2.0021,-1.1722,-0.82991782,-0.34682784,0,5.7e-12
1.0453693626773313,0.0,-0.0000000000000000,0.0000000000019075,-0.0972586729938040,0.0000000000000000,21.7982771295334103,2.9975563840190986,2.0024,-1.1626,-0.83973686,-0.32806610,0,4.5e-12
1.0453668912984204,0.0,0.0000000000000000,0.0000000000068748,-0.0972869617225479,0.0000000000000000,21.8060166093032564,2.9975502969205925,2.0027,-1.1526,-0.85009981,-0.30835232,0,3.4e-12
1.0453661630269850,0.0,-0.0000000000000000,-0.0000000000041825,-0.0973190193692759,0.0000000000000000,21.8141205634363757,2.9975438863272426,2.0031,-1.1421,-0.86104392,-0.28763602,0,9.0e-12
1.0453673277926498,0.0,0.0000000000000000,0.0000000000016660,-0.0973551252019810,0.0000000000000000,21.8226068514008134,2.9975371325198430,2.0035,-1.1309,-0.87261000,-0.26586420,0,7.2e-12
1.0453705468239369,0.0,0.0000000000000000,-0.0000000000034536,-0.0973955791025896,0.0000000000000000,21.8314942551999067,2.9975300143294938,2.0041,-1.1192,-0.88484296,-0.24298131,0,5.5e-12
1.0453759936092759,0.0,0.0000000000000000,-0.0000000000048029,-0.0974407033444546,0.0000000000000000,21.8408025290331302,2.9975225090069526,2.0047,-1.1069,-0.89779236,-0.21892924,0,4.5e-12
1.0453838549551520,0.0,0.0000000000000000,-0.0000000000043023,-0.0974908445570502,0.0000000000000000,21.8505524518318275,2.9975145920771618,2.0054,-1.0939,-0.91151317,-0.19364731,0,3.5e-12
1.0453943321528902,0.0,-0.0000000000000000,0.0000000000006523,-0.0975463758997580,0.0000000000000000,21.8607658829058806,2.9975062371772263,2.0062,-1.0802,-0.92606661,-0.16707230,0,1.0e-11
1.0454076422679235,0.0,-0.0000000000000000,0.0000000000025747,-0.0976076994708314,0.0000000000000000,21.8714658209611166,2.9974974158758108,2.0072,-1.0657,-0.94152116,-0.13913853,0,8.7e-12
1.0454240195684656,0.0,0.0000000000000000,-0.0000000000075858,-0.0976752489885077,0.0000000000000000,21.8826764666706737,2.9974880974705078,2.0084,-1.0505,-0.95795385,-0.10977792,0,7.1e-12
1.0454437171106301,0.0,-0.0000000000000000,0.0000000000045012,-0.0977494927737326,0.0000000000000000,21.8944232891905521,2.9974782487611602,2.0098,-1.0344,-0.97545174,-0.07892015,0,6.0e-12
1.0454670085025062,0.0,0.0000000000000000,0.0000000000009742,-0.0978309370828653,0.0000000000000000,21.9067330968615472,2.9974678337946652,2.0115,-1.0174,-0.99411383,-0.04649288,0,5.2e-12
1.0454941898720693,0.0,-0.0000000000000000,-0.0000000000017032,-0.0979201298383594,0.0000000000000000,21.9196341124947338,2.9974568135773709,2.0135,-0.9995,-1.01405327,-0.01242191,0,4.3e-12
1.0455255820680012,0.0,-0.0000000000000000,-0.0000000000047281,-0.0980176648161194,0.0000000000000000,21.9331560536387080,2.9974451457499494,2.0159,-0.9805,-1.03540027,0.02336850,0,3.6e-12
1.0455615331278558,0.0,0.0000000000000000,-0.0000000000020928,-0.0981241863583687,0.0000000000000000,21.9473302182924392,2.9974327842188480,2.0188,-0.9605,-1.05830551,0.06095538,0,3.0e-12
1.0456024210542469,0.0,-0.0000000000000000,0.0000000000007919,-0.0982403946938066,0.0000000000000000,21.9621895765860735,2.9974196787371996,2.0223,-0.9393,-1.08294450,0.10041679,0,1.1e-11
1.0456486569457553,0.0,0.0000000000000000,0.0000000000022143,-0.0983670519580096,0.0000000000000000,21.9777688690573960,2.9974057744271470,2.0265,-0.9169,-1.10952301,0.14183160,0,9.9e-12
1.0457006885421316,0.0,0.0000000000000000,0.0000000000007799,-0.0985049890362360,0.0000000000000000,21.9941047121531774,2.9973910112326529,2.0316,-0.8933,-1.13828384,0.18527949,0,8.6e-12
1.0457590042476557,0.0,0.0000000000000000,-0.0000000000006381,-0.0986551133542231,0.0000000000000000,22.0112357118489506,2.9973753232919216,2.0377,-0.8682,-1.16951539,0.23084118,0,7.8e-12
1.0458241377167583,0.0,0.0000000000000000,-0.0000000000006620,-0.0988184177888719,0.0000000000000000,22.0292025862570036,2.9973586382139286,2.0452,-0.8417,-1.20356246,0.27859922,0,7.1e-12
1.0458966730982884,0.0,0.0000000000000000,-0.0000000000009010,-0.0989959908924766,0.0000000000000000,22.0480482983503059,2.9973408762417453,2.0544,-0.8136,-1.24084001,0.32863962,0,6.5e-12
1.0459772510567114,0.0,0.0000000000000000,-0.0000000000005702,-0.0991890286697193,0.0000000000000000,22.0678182000934662,2.9973219492809871,2.0656,-0.7838,-1.28185069,0.38105486,0,6.1e-12
1.0460665757138483,0.0,0.0000000000000000,-0.0000000000006761,-0.0993988481977957,0.0000000000000000,22.0885601895230081,2.9973017597669442,2.0794,-0.7522,-1.32720733,0.43594896,0,6.0e-12
1.0461654226870341,0.0,0.0000000000000000,0.0000000000001233,-0.0996269034454378,0.0000000000000000,22.1103248826180305,2.9972801993377183,2.0963,-0.7187,-1.37766190,0.49344583,0,5.6e-12
1.0462746484395011,0.0,-0.0000000000000000,-0.0000000000004148,-0.0998748037280845,0.0000000000000000,22.1331658021756859,2.9972571472728768,2.1172,-0.6831,-1.43414302,0.55370253,0,5.5e-12
1.0463952012107836,0.0,-0.0000000000000000,-0.0000000000003599,-0.1001443353415182,0.0000000000000000,22.1571395863751093,2.9972324686470198,2.1431,-0.6453,-1.49780474,0.61692992,0,5.6e-12
1.0465281338607737,0.0,-0.0000000000000000,0.0000000000006727,-0.1004374870501542,0.0000000000000000,22.1823062203025714,2.9972060121346549,2.1753,-0.6052,-1.57009032,0.68342447,0,5.9e-12
1.0466746190456291,0.0,0.0000000000000000,0.0000000000002985,-0.1007564802781650,0.0000000000000000,22.2087292944529509,2.9971776073858565,2.2154,-0.5626,-1.65281628,0.75361671,0,6.3e-12
1.0468359672552374,0.0,0.0000000000000000,-0.0000000000006863,-0.1011038050776426,0.0000000000000000,22.2364762951754464,2.9971470618698870,2.2655,-0.5173,-1.74828351,0.82814460,0,6.9e-12
1.0470136483866814,0.0,0.0000000000000000,0.0000000000001620,-0.1014822632423486,0.0000000000000000,22.2656189332444789,2.9971141570545736,2.3284,-0.4690,-1.85942537,0.90796415,0,7.4e-12
1.0472093177209676,0.0,-0.0000000000000000,-0.0000000000002513,-0.1018950203271471,0.0000000000000000,22.2962335183079858,2.9970786437498051,2.4076,-0.4176,-1.99000642,0.99451611,0,8.8e-12
1.0474248474279235,0.0,-0.0000000000000000,0.0000000000001129,-0.1023456688566580,0.0000000000000000,22.3284013889982837,2.9970402363903248,2.5078,-0.3629,-2.14489092,1.08997677,0,1.0e-11
1.0476623650718715,0.0,0.0000000000000000,-0.0000000000000022,-0.1028383057133411,0.0000000000000000,22.3622094111509639,2.9969986059604277,2.6349,-0.3045,-2.33040879,1.19763622,0,2.9e-12
1.0479243010706747,0.0,-0.0000000000000000,0.0000000000000984,-0.1033776276706012,0.0000000000000000,22.3977505600365845,2.9969533711621659,2.7971,-0.2422,-2.55485856,1.32247043,0,3.6e-12
1.0482134477092706,0.0,-0.0000000000000000,-0.0000000000000908,-0.1039690503547311,0.0000000000000000,22.4351246071988584,2.9969040872899986,3.0049,-0.1757,-2.82920533,1.47201041,0,5.0e-12
1.0485330332490961,0.0,0.0000000000000000,0.0000000000000099,-0.1046188578320684,0.0000000000000000,22.4744389384550018,2.9968502320727137,3.2727,-0.1046,-3.16805944,1.65767069,0,6.9e-12
1.0488868159713525,0.0,-0.0000000000000000,-0.0000000000000311,-0.1053343926541801,0.0000000000000000,22.5158095378814487,2.9967911874596527,3.6196,-0.0285,-3.59106466,1.89679543,0,1.0e-11
1.0492792048934485,0.0,0.0000000000000000,0.0000000000000958,-0.1061243000634891,0.0000000000000000,22.5593621833609994,2.9967262159077186,4.0719,0.0530,-4.12489234,2.21583884,0,3.7e-12
1.0497154166741558,0.0,0.0000000000000000,-0.0000000000000327,-0.1069988457126520,0.0000000000000000,22.6052339136754199,2.9966544291024224,4.6657,0.1405,-4.80614656,2.65536417,0,6.7e-12
1.0502016823435205,0.0,0.0000000000000000,-0.0000000000000690,-0.1079703346436414,0.0000000000000000,22.6535748462868689,2.9965747461051584,5.4512,0.2344,-5.68566329,3.27800462,0,3.0e-12
1.0507455237986874,0.0,-0.0000000000000000,0.0000000000000977,-0.1090536721199926,0.0000000000000000,22.7045504494979795,2.9964858364570857,6.4994,0.3356,-6.83498534,4.18133880,0,6.2e-12
1.0513561296975331,0.0,0.0000000000000000,0.0000000000000264,-0.1102671266671375,0.0000000000000000,22.7583444038823401,2.9963860414743460,7.9115,0.4448,-8.35630845,5.51909484,0,3.4e-12
1.0520448757908685,0.0,-0.0000000000000000,-0.0000000000000414,-0.1116333871172576,0.0000000000000000,22.8151622232660038,2.9962732632455200,9.8351,0.5630,-10.39810465,7.53681966,0,9.3e-12
1.0528260595615346,0.0,0.0000000000000000,-0.0000000000000350,-0.1131810561618886,0.0000000000000000,22.8752358384361898,2.9961448046845476,12.4890,0.6913,-13.18029446,10.63339154,0,7.3e-12
1.0537179601890680,0.0,-0.0000000000000000,-0.0000000000000323,-0.1149468070379761,0.0000000000000000,22.9388293519771693,2.9959971334933821,16.2047,0.8313,-17.03599646,15.47024156,0,9.7e-12
1.0547444043895049,0.0,0.0000000000000000,0.0000000000000001,-0.1169785722851237,0.0000000000000000,23.0062460834383486,2.9958255245115111,21.4983,0.9848,-22.48311143,23.17206146,0,4.3e-12
1.0559371388446410,0.0,-0.0000000000000000,-0.0000000000000028,-0.1193403798081612,0.0000000000000000,23.0778366580491294,2.9956235017730952,29.1973,1.1546,-30.35184540,35.71087669,0,7.3e-12
1.0573395204068088,0.0,-0.0000000000000000,-0.0000000000000180,-0.1221198836744814,0.0000000000000000,23.1540067710069728,2.9953819401306521,40.6780,1.3441,-42.02211799,56.67706173,0,7.3e-12
1.0590124039567443,0.0,-0.0000000000000000,-0.0000000000000061,-0.1254403960806020,0.0000000000000000,23.2352201178068967,2.9950875697722927,58.3298,1.5587,-59.88850204,92.91734945,0,5.4e-12
1.0610437290199328,0.0,-0.0000000000000000,0.0000000000000068,-0.1294805108782481,0.0000000000000000,23.3219835053520086,2.9947204045285054,86.5187,1.8060,-88.32473735,158.25509818,0,1.1e-11
1.0627449322824769,0.0,-0.0000000000000000,0.0000000000000000,-0.1328711365353091,0.0000000000000000,23.3862265010032679,2.9944043086334062,116.744137,2.004892,-118.7490293102429,236.0594425877061,0,1.7e-11
1.0635642031374666,0.0,0.0000000000000000,0.0000000000000124,-0.1345062781473377,0.0000000000000000,23.4147789435149392,2.9942492044455800,133.7176,2.0986,-135.81618467,282.62312667,0,6.2e-12
1.0666596881340999,0.0,0.0000000000000000,-0.0000000000000636,-0.1406970613188165,0.0000000000000000,23.5106913074249562,2.9936458545215969,214.0917,2.4448,-216.53654979,525.41668756,0,1.1e-11
1.0698814606022558,0.0,0.0000000000000000,-0.0000000000000017,-0.1471597506615610,0.0000000000000000,23.5938389097624999,2.9929881501769029,329.7812,2.7989,-332.58009947,925.02202890,0,4.7e-12
1.0731309446540094,0.0,-0.0000000000000000,0.0000000000000000,-0.1536951386213748,0.0000000000000000,23.6641386656393493,2.9922933997184193,486.8090,3.1577,-489.96665876,1539.18396593,0,9.3e-12
1.0766905456080413,0.0,-0.0000000000000000,-0.0000000000000367,-0.1608706354946852,0.0000000000000000,23.7287809440418904,2.9914956003566173,715.1901,3.5606,-718.75066493,2548.47376564,0,4.2e-11
1.0801242528274801,0.0,0.0000000000000000,0.0000000000000126,-0.1678056140832647,0.0000000000000000,23.7813577497533366,2.9906891804879145,1002.6139,3.9657,-1006.57957871,3978.01813775,0,8.5e-12
1.0839413431663443,0.0,0.0000000000000000,-0.0000000000000119,-0.1755270882799396,0.0000000000000000,23.8308014928206475,2.9897498416324884,1415.0391,4.4420,-1419.48109413,6287.56182657,0,1.8e-11
1.0880430220041171,0.0,-0.0000000000000000,-0.0000000000000121,-0.1838353869800827,0.0000000000000000,23.8754757430258451,2.9886897051809660,1989.0757,4.9920,-1994.06767614,9931.42054613,0,7.1e-11
1.0921757875700360,0.0,0.0000000000000000,-0.0000000000000073,-0.1922154652894318,0.0000000000000000,23.9134115569997370,2.9875679071140695,2732.2754,5.5940,-2737.86933266,15286.29079381,0,2.6e-11
1.0966361670019569,0.0,0.0000000000000000,-0.0000000000000028,-0.2012670687777183,0.0000000000000000,23.9479859661171588,2.9862962987804935,3757.6905,6.3063,-3763.99679756,23699.15831818,0,1.1e-10
1.1010980177149217,0.0,-0.0000000000000000,-0.0000000000000250,-0.2103268770814614,0.0000000000000000,23.9772587719228554,2.9849605410231508,5061.5395,7.0929,-5068.63234379,35902.89932820,0,7.2e-12
1.1056215563373866,0.0,0.0000000000000000,0.0000000000000252,-0.2195154023807549,0.0000000000000000,24.0025608502483792,2.9835407370813889,6722.9838,7.9751,-6730.95890757,53618.50888518,0,1.7e-10
1.1102400990293533,0.0,-0.0000000000000000,0.0000000000000157,-0.2288989823147830,0.0000000000000000,24.0246991958759395,2.9820224570670693,8839.0163,8.9734,-8847.98968201,79318.30582525,0,1.3e-10
1.1149265960404189,0.0,0.0000000000000000,0.0000000000000081,-0.2384215495791666,0.0000000000000000,24.0440415136867891,2.9804103650665876,11499.8976,10.0970,-11509.99462938,116116.24731798,0,4.9e-10
1.1196601532150852,0.0,0.0000000000000000,0.0000000000000058,-0.2480397252435374,0.0000000000000000,24.0609515768196189,2.9787084089583971,14807.6913,11.3546,-14819.04593427,168137.97285560,0,1.6e-10
1.1244249432008717,0.0,-0.0000000000000000,0.0000000000000017,-0.2577206201100818,0.0000000000000000,24.0757659546740932,2.9769198253839915,18877.3908,12.7548,-18890.14553970,240778.61714721,0,1.4e-11
1.1292090728814304,0.0,0.0000000000000000,-0.0000000000000054,-0.2674395232467867,0.0000000000000000,24.0887838203819911,2.9750472328887434,23838.0460,14.3048,-23852.35081957,341000.74301744,0,4.2e-10
1.1340036030633163,0.0,0.0000000000000000,-0.0000000000000155,-0.2771778890136739,0.0000000000000000,24.1002647434648125,2.9730927500705153,29833.8752,16.0109,-29849.88611453,477668.75400555,0,8.4e-11
1.1388017723741954,0.0,0.0000000000000000,-0.0000000000000170,-0.2869217359270569,0.0000000000000000,24.1104307244389240,2.9710581080589487,37025.3671,17.8772,-37043.24433044,661911.17263651,0,6.5e-10
1.1435984117211360,0.0,-0.0000000000000000,-0.0000000000000162,-0.2966604336053614,0.0000000000000000,24.1194701167541652,2.9689447458129288,45590.3658,19.9054,-45610.27118628,907494.84566760,0,2.8e-10
1.1483895140048115,0.0,-0.0000000000000000,-0.0000000000000065,-0.3063858077559484,0.0000000000000000,24.1275421062715942,2.9667538862250682,55725.1513,22.0939,-55747.24518277,1231185.89746833,0,8.0e-10
1.1531719221896737,0.0,0.0000000000000000,-0.0000000000000007,-0.3160914886977275,0.0000000000000000,24.1347810692006917,2.9644865949636849,67645.4932,24.4371,-67669.93023650,1653058.95828152,0,2.7e-09
1.1579431044713406,0.0,-0.0000000000000000,-0.0000000000000108,-0.3257724397950104,0.0000000000000000,24.1413005062318398,2.9621438251586323,81587.7232,26.9244,-81614.64762094,2196701.61298275,0,2.0e-09
1.1627009923567686,0.0,-0.0000000000000000,-0.0000000000000099,-0.3354246163184703,0.0000000000000000,24.1471964535663552,2.9597264510098720,97809.7091,29.5393,-97839.24842697,2889236.43029308,0,2.2e-10
1.1674438637872784,0.0,0.0000000000000000,-0.0000000000000375,-0.3450447180193562,0.0000000000000000,24.1525503728477027,2.9572352929420394,116591.9248,32.2584,-116624.18320522,3761065.96183586,0,1.5e-09
1.1721702584181137,0.0,0.0000000000000000,0.0000000000000171,-0.3546300088475676,0.0000000000000000,24.1574315670155819,2.9546711363898530,138238.3625,35.0496,-138273.41213090,4845202.75291634,0,7.6e-12
