x0,y0,z0,xd0,yd0,zd0,Tp,JC,stabilityIndex1,stabilityIndex2,alpha,beta,impactFlag,error
1.0149798744754455,0.0,-0.0043488533028456,-0.0086339206875194,-0.0534472021647554,0.0084527265028656,25.2120570610823620,3.0007833428673996,2.287442,2.002153,-4.2895946430621,6.5798081038629,0,1.8e-12
1.0149938020661620,0.0,-0.0043430052646943,-0.0086058467940585,-0.0534375875688163,0.0084711901416519,25.2119570610823622,3.0007833946945088,2.288689,2.002576,-4.2912648207478,6.5832732143622,0,2.5e-13
1.0150065758900990,0.0,-0.0043377566680460,-0.0085800612691736,-0.0534286306877884,0.0084883965895513,25.2118570610823625,3.0007834464853098,2.289941,2.002996,-4.2929376220744,6.5867439553142,0,9.9e-14
1.0150184359648415,0.0,-0.0043329833615914,-0.0085560886008651,-0.0534201951190701,0.0085046034963445,25.2117570610823627,3.0007834982398469,2.291199,2.003414,-4.2946130494018,6.5902203324449,0,1.6e-12
1.0150295490699450,0.0,-0.0043285990239346,-0.0085335983351223,-0.0534121860729476,0.0085199901169476,25.2116570610823629,3.0007835499581672,2.292461,2.003830,-4.2962911033812,6.5937023478230,0,4.4e-12
1.0150400366709607,0.0,-0.0043245407483802,-0.0085123497749331,-0.0534045345079324,0.0085346871656324,25.2115570610823632,3.0007836016403133,2.293728,2.004243,-4.2979717341642,6.5971898943734,0,9.6e-13
1.0150499904831496,0.0,-0.0043207610069674,-0.0084921611563675,-0.0533971882869226,0.0085487934670561,25.2114570610823634,3.0007836532863559,2.295000,2.004655,-4.2996550248346,6.6006831522379,0,1.3e-12
1.0150594817781999,0.0,-0.0043172228424036,-0.0084728912148271,-0.0533901068914061,0.0085623859124735,25.2113570610823636,3.0007837048963393,2.296278,2.005063,-4.3013409124966,6.6041819862600,0,6.3e-13
1.0150685672468627,0.0,-0.0043138968391336,-0.0084544275731968,-0.0533832580898582,0.0085755257394638,25.2112570610823603,3.0007837564702959,2.297560,2.005470,-4.3030294242122,6.6076864550457,0,2.3e-12
1.0150772928530203,0.0,-0.0043107591342128,-0.0084366791084085,-0.0533766157448660,0.0085882626647258,25.2111570610823605,3.0007838080083085,2.298847,2.005874,-4.3047206465435,6.6111967471455,0,1.2e-11
1.0150856964896564,0.0,-0.0043077900409572,-0.0084195706891888,-0.0533701583083480,0.0086006377251837,25.2110570610823608,3.0007838595103959,2.300138,2.006276,-4.3064143495868,6.6147123651481,0,6.4e-13
1.0150938098266731,0.0,-0.0043049730959213,-0.0084030395155989,-0.0533638677685126,0.0086126852624700,25.2109570610823610,3.0007839109766228,2.301435,2.006676,-4.3081107407745,6.6182337587566,0,7.0e-13
1.0151016596549780,0.0,-0.0043022943630163,-0.0083870324572019,-0.0533577288866488,0.0086244343670275,25.2108570610823612,3.0007839624070356,2.302737,2.007073,-4.3098097513987,6.6217607798787,0,4.1e-13
1.0151092688771282,0.0,-0.0042997419220170,-0.0083715040895356,-0.0533517286338191,0.0086359099389624,25.2107570610823615,3.0007840138016970,2.304043,2.007468,-4.3115114067754,6.6252934841492,0,2.4e-12
1.0151166572606862,0.0,-0.0042973054762955,-0.0083564152014544,-0.0533458557647995,0.0086471334968253,25.2106570610823617,3.0007840651606399,2.305354,2.007861,-4.3132156577673,6.6288317655341,0,7.5e-13
1.0151238419998210,0.0,-0.0042949760652225,-0.0083417316830167,-0.0533401004957916,0.0086581237840933,25.2105570610823619,3.0007841164839246,2.306671,2.008252,-4.3149225423478,6.6323757067376,0,2.8e-12
1.0151308381665969,0.0,-0.0042927458285965,-0.0083274236305867,-0.0533344542500422,0.0086688972517944,25.2104570610823622,3.0007841677716036,2.307992,2.008640,-4.3166321118922,6.6359254203980,0,6.0e-12
1.0151376590594519,0.0,-0.0042906078262857,-0.0083134646568714,-0.0533289094595337,0.0086794684346113,25.2103570610823624,3.0007842190237142,2.309317,2.009027,-4.3183442353764,6.6394806221873,0,8.1e-13
1.0151443164806182,0.0,-0.0042885558956348,-0.0082998313407681,-0.0533234594061898,0.0086898502496735,25.2102570610823626,3.0007842702403180,2.310648,2.009411,-4.3200590096725,6.6430415233199,0,4.7e-13
1.0151508209641356,0.0,-0.0042865845323453,-0.0082865027755310,-0.0533180980935513,0.0087000542408385,25.2101570610823629,3.0007843214214613,2.311983,2.009793,-4.3217764288845,6.6466081115447,0,9.6e-13
1.0151571819575733,0.0,-0.0042846887963534,-0.0082734602087317,-0.0533128201430297,0.0087100907755636,25.2100570610823631,3.0007843725671925,2.313324,2.010173,-4.3234964722417,6.6501803423043,0,1.1e-12
1.0151634079723402,0.0,-0.0042828642348357,-0.0082606867443901,-0.0533076207078116,0.0087199692071708,25.2099570610823633,3.0007844236775671,2.314669,2.010551,-4.3252191586064,6.6537582573114,0,3.3e-12
1.0151695067105546,0.0,-0.0042811068149593,-0.0082481670912256,-0.0533024954021184,0.0087296980103314,25.2098570610823636,3.0007844747526273,2.316018,2.010926,-4.3269444624081,6.6573418014606,0,2.5e-12
1.0151754851656107,0.0,-0.0042794128735253,-0.0082358873639095,-0.0532974402421595,0.0087392848918285,25.2097570610823603,3.0007845257924330,2.317373,2.011300,-4.3286723912645,6.6609309918510,0,4.1e-13
1.0151813497141144,0.0,-0.0042777790666968,-0.0082238348999303,-0.0532924515965552,0.0087487368864286,25.2096570610823605,3.0007845767970176,2.318732,2.011671,-4.3304029637834,6.6645258696536,0,1.7e-13
1.0151871061865390,0.0,-0.0042762023365889,-0.0082119981203674,-0.0532875261429232,0.0087580604371210,25.2095570610823607,3.0007846277664445,2.320096,2.012040,-4.3321361850286,6.6681264467614,0,1.9e-12
1.0151927599315660,0.0,-0.0042746798755381,-0.0082003664019180,-0.0532826608335918,0.0087672614618570,25.2094570610823610,3.0007846787007613,2.321464,2.012408,-4.3338720208164,6.6717326488069,0,1.1e-13
1.0151983158703630,0.0,-0.0042732090983957,-0.0081889299693622,-0.0532778528641697,0.0087763454134092,25.2093570610823612,3.0007847296000145,2.322838,2.012773,-4.3356104813374,6.6753444987385,0,4.4e-12
1.0152037785420338,0.0,-0.0042717876193130,-0.0081776798055840,-0.0532730996472851,0.0087853173288453,25.2092570610823614,3.0007847804642616,2.324216,2.013136,-4.3373516140426,6.6789621011791,0,2.0e-12
1.0152091521460129,0.0,-0.0042704132294161,-0.0081666075669173,-0.0532683987894787,0.0087941818726938,25.2091570610823617,3.0007848312935406,2.325598,2.013497,-4.3390953793590,6.6825853698028,0,7.2e-13
1.0152144405735517,0.0,-0.0042690838806800,-0.0081557055218406,-0.0532637480717311,0.0088029433762958,25.2090570610823619,3.0007848820879088,2.326986,2.013856,-4.3408417800679,6.6862143115478,0,1.9e-13
1.0152196474407915,0.0,-0.0042677976685055,-0.0081449664843295,-0.0532591454321611,0.0088116058683713,25.2089570610823621,3.0007849328474121,2.328378,2.014213,-4.3425908267011,6.6898489499424,0,1.4e-12
1.0152247761141149,0.0,-0.0042665528187947,-0.0081343837640587,-0.0532545889506786,0.0088201731055052,25.2088570610823623,3.0007849835721037,2.329774,2.014568,-4.3443425193283,6.6934892858423,0,4.0e-12
1.0152298297352049,0.0,-0.0042653476746481,-0.0081239511165491,-0.0532500768353808,0.0088286485980329,25.2087570610823626,3.0007850342620235,2.331175,2.014921,-4.3460968081303,6.6971352102260,0,1.9e-12
1.0152348112384104,0.0,-0.0042641806876930,-0.0081136627091668,-0.0532456074116500,0.0088370356306614,25.2086570610823628,3.0007850849172359,2.332581,2.015273,-4.3478537796980,6.7007869141434,0,1.3e-13
1.0152397233734005,0.0,-0.0042630504055090,-0.0081035130754170,-0.0532411791109189,0.0088453372842549,25.2085570610823630,3.0007851355377788,2.333992,2.015622,-4.3496133792636,6.7044442775376,0,1.2e-12
1.0152445687201506,0.0,-0.0042619554649726,-0.0080934970850322,-0.0532367904611160,0.0088535564526443,25.2084570610823633,3.0007851861236894,2.335407,2.015969,-4.3513755609246,6.7081071999497,0,1.4e-11
1.0152493496936585,0.0,-0.0042608945890165,-0.0080836099384086,-0.0532324400818713,0.0088616958554070,25.2083570610823635,3.0007852366750649,2.336826,2.016314,-4.3531405595558,6.7117762000078,0,5.6e-12
1.0152540685791616,0.0,-0.0042598665681566,-0.0080738470890734,-0.0532281266702788,0.0088697580603162,25.2082570610823637,3.0007852871919010,2.338250,2.016658,-4.3549080755738,6.7154506170442,0,1.1e-12
1.0152587275211409,0.0,-0.0042588702673173,-0.0080642042725737,-0.0532238490009422,0.0088777454856863,25.2081570610823604,3.0007853376742735,2.339679,2.016999,-4.3566782594888,6.7191307841986,0,8.1e-13
1.0152633285458614,0.0,-0.0042579046125094,-0.0080546774588097,-0.0532196059167836,0.0088856604191363,25.2080570610823607,3.0007853881222224,2.341112,2.017339,-4.3584510878587,6.7228166499397,0,2.7e-13
1.0152678735667446,0.0,-0.0042569685893281,-0.0080452628416449,-0.0532153963246093,0.0088935050239368,25.2079570610823609,3.0007854385358002,2.342550,2.017677,-4.3602265716265,6.7265082392587,0,1.9e-13
1.0152723643940695,0.0,-0.0042560612374125,-0.0080359568197930,-0.0532112191898987,0.0089012813499583,25.2078570610823611,3.0007854889150578,2.343992,2.018012,-4.3620046979278,6.7302055242236,0,4.5e-13
1.0152768027426196,0.0,-0.0042551816461015,-0.0080267559815841,-0.0532070735328411,0.0089089913415121,25.2077570610823614,3.0007855392600384,2.345439,2.018346,-4.3637854919003,6.7339085612204,0,2.3e-12
1.0152811902386634,0.0,-0.0042543289515025,-0.0080176570910650,-0.0532029584237089,0.0089166368455486,25.2076570610823616,3.0007855895707971,2.346890,2.018679,-4.3655689153451,6.7376172656583,0,9.0e-13
1.0152855284242837,0.0,-0.0042535023339844,-0.0080086570796896,-0.0531988729807799,0.0089242196153623,25.2075570610823618,3.0007856398473778,2.348346,2.019009,-4.3673549714705,6.7413316456284,0,3.8e-12
1.0152898187676405,0.0,-0.0042527010117590,-0.0079997530257030,-0.0531948163646306,0.0089317413245734,25.2074570610823621,3.0007856900898329,2.349806,2.019338,-4.3691437428851,6.7450518851735,0,3.2e-12
1.0152940626632097,0.0,-0.0042519242433133,-0.0079909421532324,-0.0531907877773823,0.0089392035625409,25.2073570610823623,3.0007857402982157,2.351271,2.019664,-4.3709351988323,6.7487779165697,0,1.6e-11
1.0152982614392336,0.0,-0.0042511713208849,-0.0079822218188268,-0.0531867864592193,0.0089466078472452,25.2072570610823625,3.0007857904725563,2.352740,2.019989,-4.3727291556259,6.7525093317010,0,7.2e-13
1.0153024163618842,0.0,-0.0042504415692530,-0.0079735895016321,-0.0531828116856589,0.0089539556272137,25.2071570610823628,3.0007858406129206,2.354213,2.020312,-4.3745258443216,6.7562466452130,0,4.6e-13
1.0153065286388767,0.0,-0.0042497343442434,-0.0079650427974338,-0.0531788627652553,0.0089612482871632,25.2070570610823630,3.0007858907193534,2.355691,2.020634,-4.3763251992979,6.7599897116323,0,5.8e-13
1.0153105994236331,0.0,-0.0042490490302984,-0.0079565794094043,-0.0531749390378587,0.0089684871496660,25.2069570610823632,3.0007859407919000,2.357174,2.020954,-4.3781272099240,6.7637385077287,0,1.2e-12
1.0153146298176075,0.0,-0.0042483850391177,-0.0079481971444857,-0.0531710398724262,0.0089756734817797,25.2068570610823635,3.0007859908306127,2.358660,2.021272,-4.3799318567285,6.7674929909120,0,1.9e-12
1.0153186208746967,0.0,-0.0042477418072429,-0.0079398939039000,-0.0531671646654287,0.0089828084966501,25.2067570610823637,3.0007860408355378,2.360151,2.021588,-4.3817391784725,6.7712532480327,0,1.6e-12
1.0153225736037221,0.0,-0.0042471187951420,-0.0079316676783323,-0.0531633128389221,0.0089898933570123,25.2066570610823604,3.0007860908067245,2.361647,2.021902,-4.3835491866460,6.7750193056417,0,3.7e-12
1.0153264889707263,0.0,-0.0042465154860023,-0.0079235165435293,-0.0531594838392022,0.0089969291782969,25.2065570610823606,3.0007861407442191,2.363147,2.022215,-4.3853618133773,6.7787910122287,0,1.5e-12
1.0153303679019934,0.0,-0.0042459313835181,-0.0079154386543360,-0.0531556771354327,0.0090039170317253,25.2064570610823608,3.0007861906480708,2.364651,2.022526,-4.3871771037055,6.7825684691366,0,2.6e-13
1.0153342112851824,0.0,-0.0042453660121116,-0.0079074322425397,-0.0531518922184093,0.0090108579459962,25.2063570610823611,3.0007862405183294,2.366159,2.022836,-4.3889950828710,6.7863517337006,0,3.3e-12
1.0153380199731672,0.0,-0.0042448189141787,-0.0078994956088824,-0.0531481285992426,0.0090177529101858,25.2062570610823613,3.0007862903550393,2.367672,2.023144,-4.3908156867066,6.7901406623970,0,3.0e-13
1.0153417947851302,0.0,-0.0042442896504378,-0.0078916271209285,-0.0531443858077262,0.0090246028763677,25.2061570610823615,3.0007863401582546,2.369189,2.023450,-4.3926389707897,6.7939353805014,0,5.2e-13
1.0153455365079036,0.0,-0.0042437777980616,-0.0078838252109243,-0.0531406633925630,0.0090314087601189,25.2060570610823618,3.0007863899280167,2.370710,2.023754,-4.3944649048834,6.7977358205077,0,3.3e-12
1.0153492458983939,0.0,-0.0042432829506142,-0.0078760883703087,-0.0531369609191581,0.0090381714433600,25.2059570610823620,3.0007864396643789,2.372236,2.024057,-4.3962935320586,6.8015420801544,0,5.8e-13
1.0153529236853462,0.0,-0.0042428047160601,-0.0078684151465882,-0.0531332779692901,0.0090448917766715,25.2058570610823622,3.0007864893673846,2.373766,2.024359,-4.3981248191549,6.8053540850319,0,8.3e-13
1.0153565705697931,0.0,-0.0042423427176651,-0.0078608041425697,-0.0531296141398083,0.0090515705807064,25.2057570610823625,3.0007865390370889,2.375300,2.024658,-4.3999587354837,6.8091717670910,0,4.3e-12
1.0153601872272435,0.0,-0.0042418965907871,-0.0078532540114742,-0.0531259690437056,0.0090582086445463,25.2056570610823627,3.0007865886735239,2.376839,2.024957,-4.4017953491140,6.8129952795773,0,4.1e-12
1.0153637743093356,0.0,-0.0042414659852391,-0.0078457634543867,-0.0531223423054848,0.0090648067344763,25.2055570610823629,3.0007866382767556,2.378382,2.025253,-4.4036346458104,6.8168245913798,0,8.6e-13
1.0153673324443968,0.0,-0.0042410505618937,-0.0078383312183429,-0.0531187335645540,0.0090713655874129,25.2054570610823632,3.0007866878468192,2.379929,2.025548,-4.4054766017865,6.8206596491376,0,3.9e-13
1.0153708622379525,0.0,-0.0042406499943958,-0.0078309560960696,-0.0531151424724505,0.0090778859160705,25.2053570610823634,3.0007867373837684,2.381480,2.025842,-4.4073212048247,6.8245004261821,0,2.3e-12
1.0153743642755582,0.0,-0.0042402639664648,-0.0078236369198858,-0.0531115686924540,0.0090843684107692,25.2052570610823636,3.0007867868876525,2.383035,2.026133,-4.4091685135230,6.8283470549545,0,1.6e-12
1.0153778391221138,0.0,-0.0042398921730143,-0.0078163725632970,-0.0531080118995107,0.0090908137384128,25.2051570610823603,3.0007868363585137,2.384595,2.026424,-4.4110184529997,6.8321993672868,0,2.1e-12
1.0153812873240833,0.0,-0.0042395343187523,-0.0078091619361031,-0.0531044717792812,0.0090972225441206,25.2050570610823605,3.0007868857964026,2.386158,2.026713,-4.4128710958810,6.8360575274121,0,1.9e-13
1.0153847094095916,0.0,-0.0042391901179075,-0.0078020039850430,-0.0531009480277227,0.0091035954537284,25.2049570610823608,3.0007869352013645,2.387726,2.027000,-4.4147263985111,6.8399214372711,0,2.2e-13
1.0153881058895275,0.0,-0.0042388592940808,-0.0077948976908959,-0.0530974403506108,0.0091099330729726,25.2048570610823610,3.0007869845734465,2.389298,2.027286,-4.4165843784051,6.8437911372119,0,1.6e-13
1.0153914772577468,0.0,-0.0042385415798183,-0.0077878420685379,-0.0530939484633535,0.0091162359888295,25.2047570610823612,3.0007870339126983,2.390875,2.027570,-4.4184450475547,6.8476666548194,0,3.3e-12
1.0154079736571511,0.0,-0.0042371408504053,-0.0077532916401735,-0.0530767165177810,0.0091472493576528,25.2042570610823624,3.0007872801181339,2.398818,2.028971,-4.4277884443934,6.8671308739174,0,4.7e-13
1.0154239080907181,0.0,-0.0042360321309311,-0.0077198766379290,-0.0530598413529710,0.0091774737899105,25.2037570610823600,3.0007875255098426,2.406863,2.030336,-4.4371988630152,6.8867401396774,0,3.3e-12
1.0154393275226514,0.0,-0.0042351898488615,-0.0076875032975909,-0.0530432958329432,0.0092069658661513,25.2032570610823612,3.0007877700936603,2.415010,2.031667,-4.4466763514872,6.9064946265335,0,9.0e-14
1.0154542726864495,0.0,-0.0042345917565090,-0.0076560902609477,-0.0530270563782768,0.0092357750602087,25.2027570610823624,3.0007880138753955,2.423256,2.032965,-4.4562210784633,6.9263947841016,0,2.5e-12
1.0154687791856349,0.0,-0.0042342183505877,-0.0076255663869022,-0.0530111023389186,0.0092639449676858,25.2022570610823600,3.0007882568608117,2.431601,2.034232,-4.4658330835399,6.9464407662984,0,3.2e-12
1.0154828783562035,0.0,-0.0042340524155985,-0.0075958690357464,-0.0529954155028873,0.0092915142733904,25.2017570610823611,3.0007884990556426,2.440043,2.035469,-4.4755125564100,6.9666330724167,0,9.2e-13
1.0154965979501005,0.0,-0.0042340786624502,-0.0075669427103173,-0.0529799797068123,0.0093185175172880,25.2012570610823623,3.0007887404655680,2.448582,2.036677,-4.4852595683699,6.9869719285584,0,5.7e-13
1.0155099626844044,0.0,-0.0042342834370151,-0.0075387379628517,-0.0529647805220788,0.0093449857169158,25.2007570610823599,3.0007889810962509,2.457216,2.037858,-4.4950742349527,7.0074576631777,0,2.5e-12
1.0155229946887923,0.0,-0.0042346544826613,-0.0075112105038030,-0.0529498050009945,0.0093709468681661,25.2002570610823611,3.0007892209532927,2.465945,2.039012,-4.5049566483637,7.0280905492974,0,5.1e-13
1.0155357138684051,0.0,-0.0042351807470728,-0.0074843204805126,-0.0529350414683986,0.0093964263618677,25.1997570610823622,3.0007894600422760,2.474767,2.040140,-4.5149069492512,7.0488709741011,0,1.9e-13
1.0155481382061116,0.0,-0.0042358522207468,-0.0074580318748604,-0.0529204793506655,0.0094214473235115,25.1992570610823599,3.0007896983687266,2.483682,2.041244,-4.5249252488697,7.0697992551999,0,6.8e-14
1.0155602840331144,0.0,-0.0042366597818982,-0.0074323119584424,-0.0529061090293437,0.0094460309232940,25.1987570610823610,3.0007899359380499,2.492688,2.042324,-4.5350124510931,7.0908775848346,0,1.5e-10
1.0155721661414616,0.0,-0.0042375951943335,-0.0074071310957041,-0.0528919217329776,0.0094701965010093,25.1982570610823622,3.0007901727559507,2.501785,2.043381,-4.5451662608316,7.1121005882700,0,8.1e-12
1.0155837981546372,0.0,-0.0042386507931074,-0.0073824619527127,-0.0528779094122521,0.0094939620024287,25.1977570610823598,3.0007904088276232,2.510972,2.044417,-4.5553892874885,7.1334744941776,0,2.7e-13
1.0155951924860129,0.0,-0.0042398196199745,-0.0073582796325649,-0.0528640646798880,0.0095173439171681,25.1972570610823610,3.0007906441584877,2.520249,2.045432,-4.5656807497093,7.1549975059516,0,1.1e-12
1.0156063605637993,0.0,-0.0042410952492396,-0.0073345611997310,-0.0528503807216969,0.0095403575461142,25.1967570610823621,3.0007908787538895,2.529614,2.046427,-4.5760407962936,7.1766700299395,0,1.9e-12
1.0156173129215387,0.0,-0.0042424717473769,-0.0073112855062903,-0.0528368512383014,0.0095630171054557,25.1962570610823597,3.0007911126191207,2.539067,2.047403,-4.5864695336956,7.1984923707153,0,8.3e-13
1.0156280592956211,0.0,-0.0042439436200666,-0.0072884329967013,-0.0528234703905576,0.0095853358382347,25.1957570610823609,3.0007913457593807,2.548607,2.048360,-4.5969668079293,7.2204641976023,0,6.3e-11
1.0156386086997533,0.0,-0.0042455057797152,-0.0072659855596690,-0.0528102327486126,0.0096073261068340,25.1952570610823621,3.0007915781800518,2.558234,2.049300,-4.6075336383807,7.2425880381272,0,3.8e-12
1.0156489695127624,0.0,-0.0042471534819136,-0.0072439263524609,-0.0527971332589400,0.0096289994836000,25.1947570610823597,3.0007918098861395,2.567947,2.050222,-4.6181692706389,7.2648620997444,0,7.5e-13
1.0156591495260756,0.0,-0.0042488823159536,-0.0072222397064802,-0.0527841671999894,0.0096503668182094,25.1942570610823608,3.0007920408828319,2.577746,2.051128,-4.6288740883421,7.2872873604415,0,1.7e-12
1.0156691560063418,0.0,-0.0042506881624378,-0.0072009110024473,-0.0527713301548097,0.0096714383066016,25.1937570610823620,3.0007922711752242,2.587630,2.052019,-4.6396482528223,7.3098642576994,0,1.3e-13
1.0156789957428412,0.0,-0.0042525671695820,-0.0071799265754046,-0.0527586179824224,0.0096922235463178,25.1932570610823596,3.0007925007683691,2.597598,2.052894,-4.6504918755331,7.3325931064749,0,1.7e-12
1.0156886750902332,0.0,-0.0042545157292738,-0.0071592736298522,-0.0527460267932146,0.0097127315891592,25.1927570610823608,3.0007927296672827,2.607650,2.053755,-4.6614050806962,7.3554742520544,0,1.8e-12
1.0156982000069616,0.0,-0.0042565304567615,-0.0071389401625524,-0.0527335529270504,0.0097329709848414,25.1922570610823620,3.0007929578769414,2.617787,2.054601,-4.6723880253137,7.3785081222447,0,5.8e-12
1.0157075760900471,0.0,-0.0042586081714081,-0.0071189148931959,-0.0527211929333914,0.0097529498236172,25.1917570610823596,3.0007931854022751,2.628006,2.055435,-4.6834407795183,7.4016949256217,0,1.2e-12
1.0157168086030699,0.0,-0.0042607458809511,-0.0070991872088018,-0.0527089435551985,0.0097726757692962,25.1912570610823607,3.0007934122481839,2.638308,2.056255,-4.6945635372297,7.4250351820112,0,5.6e-13
1.0157259025055918,0.0,-0.0042629407655567,-0.0070797471048136,-0.0526968017121535,0.0097921560954514,25.1907570610823619,3.0007936384195228,2.648693,2.057063,-4.7057564054793,7.4485291924562,0,1.6e-12
1.0157348624764149,0.0,-0.0042651901659119,-0.0070605851383605,-0.0526847644868226,0.0098113977122704,25.1902570610823595,3.0007938639211176,2.659161,2.057859,-4.7170195396593,7.4721773791779,0,1.3e-12
1.0157436929358807,0.0,-0.0042674915691499,-0.0070416923839693,-0.0526728291131030,0.0098304071936648,25.1897570610823607,3.0007940887577385,2.669710,2.058643,-4.7283530758305,7.4959801161086,0,1.6e-12
1.0157523980653376,0.0,-0.0042698425996235,-0.0070230603946148,-0.0526609929637336,0.0098491908018143,25.1892570610823618,3.0007943129341301,2.680341,2.059417,-4.7397571229317,7.5199377067785,0,1.2e-12
1.0157609818250422,0.0,-0.0042722410084448,-0.0070046811658727,-0.0526492535407096,0.0098677545078107,25.1887570610823630,3.0007945364549973,2.691053,2.060179,-4.7512318180797,7.5440505260270,0,2.8e-12
1.0157694479703954,0.0,-0.0042746846641303,-0.0069865471035880,-0.0526376084659315,0.0098861040126057,25.1882570610823606,3.0007947593250006,2.701846,2.060931,-4.7627773523207,7.5683190871971,0,7.5e-14
1.0157778000665982,0.0,-0.0042771715450957,-0.0069686509944202,-0.0526260554726084,0.0099042447639335,25.1877570610823618,3.0007949815487684,2.712720,2.061674,-4.7743938197519,7.5927436539882,0,1.0e-13
1.0157860415018780,0.0,-0.0042796997318431,-0.0069509859796595,-0.0526145923976744,0.0099221819736710,25.1872570610823630,3.0007952031308909,2.723675,2.062406,-4.7860813647549,7.6173246186754,0,2.5e-12
1.0157941754998716,0.0,-0.0042822674001403,-0.0069335455301120,-0.0526032171748668,0.0099399206321641,25.1867570610823606,3.0007954240759194,2.734710,2.063130,-4.7978401668974,7.6420624651994,0,1.7e-14
1.0158022051307851,0.0,-0.0042848728150359,-0.0069163234237612,-0.0525919278283214,0.0099574655215174,25.1862570610823617,3.0007956443883672,2.745826,2.063844,-4.8096703351548,7.6669574929974,0,1.6e-13
1.0158101333210323,0.0,-0.0042875143247321,-0.0068993137273788,-0.0525807224665126,0.0099748212310977,25.1857570610823629,3.0007958640727117,2.757022,2.064550,-4.8215720110508,7.6920100853183,0,3.0e-12
1.0158179628631587,0.0,-0.0042901903559862,-0.0068825107752686,-0.0525695992772313,0.0099919921649513,25.1852570610823605,3.0007960831333977,2.768297,2.065248,-4.8335453899617,7.7172207672341,0,5.2e-13
1.0158256964240904,0.0,-0.0042928994086127,-0.0068659091539262,-0.0525585565225408,0.0100089825555405,25.1847570610823617,3.0007963015748231,2.779653,2.065938,-4.8455905661667,7.7425897966876,0,7.5e-13
1.0158333365531655,0.0,-0.0042956400513875,-0.0068495036853350,-0.0525475925340297,0.0100257964730999,25.1842570610823628,3.0007965194013604,2.791088,2.066620,-4.8577077412292,7.7681177152003,0,3.8e-12
1.0158408856890986,0.0,-0.0042984109181470,-0.0068332894132853,-0.0525367057090399,0.0100424378334645,25.1837570610823605,3.0007967366173363,2.802602,2.067295,-4.8698969919816,7.7938047317989,0,7.2e-13
1.0158483461667143,0.0,-0.0043012107036026,-0.0068172615899675,-0.0525258945064328,0.0100589104085266,25.1832570610823616,3.0007969532270535,2.814197,2.067962,-4.8821585428217,7.8196514482817,0,1.8e-13
1.0158557202234377,0.0,-0.0043040381600251,-0.0068014156627233,-0.0525151574432807,0.0100752178325576,25.1827570610823628,3.0007971692347684,2.825870,2.068622,-4.8944925253718,7.8456582187321,0,2.1e-12
1.0158630100046790,0.0,-0.0043068920938915,-0.0067857472635285,-0.0525044930914844,0.0100913636102882,25.1822570610823604,3.0007973846447089,2.837623,2.069276,-4.9068990715857,7.8718253963248,0,9.1e-14
1.0158702175690197,0.0,-0.0043097713632186,-0.0067702521984829,-0.0524939000747933,0.0101073511230041,25.1817570610823616,3.0007975994610647,2.849455,2.069923,-4.9193783573323,7.8981534525532,0,1.7e-12
1.0158773448934708,0.0,-0.0043126748740985,-0.0067549264373772,-0.0524833770658472,0.0101231836360431,25.1812570610823627,3.0007978136879929,2.861366,2.070564,-4.9319305608103,7.9246428652497,0,1.1e-12
1.0158843938776649,0.0,-0.0043156015787990,-0.0067397661051899,-0.0524729227837131,0.0101388643032280,25.1807570610823603,3.0007980273296133,2.873357,2.071199,-4.9445557926550,7.9512939269952,0,1.6e-12
1.0158913663484399,0.0,-0.0043185504728011,-0.0067247674729089,-0.0524625359912642,0.0101543961734354,25.1802570610823615,3.0007982403900160,2.885426,2.071828,-4.9572542718531,7.9781072262739,0,2.1e-12
1.0158982640633627,0.0,-0.0043215205929022,-0.0067099269507248,-0.0524522154930695,0.0101697821952212,25.1797570610823627,3.0007984528732488,2.897574,2.072452,-4.9700260799648,8.0050829732723,0,3.8e-12
1.0159050887144578,0.0,-0.0043245110151069,-0.0066952410801448,-0.0524419601331577,0.0101850252213288,25.1792570610823603,3.0007986647833431,2.909802,2.073070,-4.9828714856412,8.0322218940731,0,2.1e-12
1.0159118419320066,0.0,-0.0043275208518916,-0.0066807065269491,-0.0524317687932426,0.0102001280144699,25.1787570610823614,3.0007988761242728,2.922108,2.073682,-4.9957905587527,8.0595241634100,0,5.5e-13
1.0159185252873435,0.0,-0.0043305492515975,-0.0066663200751309,-0.0524216403902769,0.0102150932504913,25.1782570610823626,3.0007990869000021,2.934494,2.074290,-5.0087835048661,8.0869903318614,0,2.6e-13
1.0159251402957972,0.0,-0.0043335953956762,-0.0066520786211753,-0.0524115738757265,0.0102299235218206,25.1777570610823602,3.0007992971144462,2.946958,2.074892,-5.0218504808983,8.1146208139376,0,2.5e-12
1.0159316884198866,0.0,-0.0043366584975111,-0.0066379791674933,-0.0524015682330557,0.0102446213422509,25.1772570610823614,3.0007995067714948,2.959502,2.075490,-5.0349916869452,8.1424161454291,0,8.2e-13
1.0159381710715925,0.0,-0.0043397378009076,-0.0066240188182443,-0.0523916224765646,0.0102591891499714,25.1767570610823626,3.0007997158750008,2.972124,2.076083,-5.0482072368561,8.1703766169876,0,2.2e-12
1.0159445896145733,0.0,-0.0043428325783320,-0.0066101947748342,-0.0523817356499450,0.0102736293118166,25.1762570610823602,3.0007999244287968,2.984826,2.076672,-5.0614973516810,8.1985028228696,0,9.6e-13
1.0159509453675959,0.0,-0.0043459421279162,-0.0065965043279080,-0.0523719068255996,0.0102879441248332,25.1757570610823613,3.0008001324366957,2.997607,2.077256,-5.0748626969702,8.2267966312924,0,1.0e-10
1.0159572396043091,0.0,-0.0043490657826256,-0.0065829448612594,-0.0523621351000562,0.0103021358173599,25.1752570610823625,3.0008003399023808,3.010466,2.077836,-5.0883018884724,8.2552540369408,0,2.2e-12
1.0159634735584322,0.0,-0.0043522028873524,-0.0065695138360256,-0.0523524195994311,0.0103162065598708,25.1747570610823601,3.0008005468296637,3.023405,2.078411,-5.1018166741446,8.2838800072847,0,1.2e-12
1.0159696484233867,0.0,-0.0043553528197176,-0.0065562087959079,-0.0523427594717526,0.0103301584571952,25.1742570610823613,3.0008007532222143,3.036423,2.078983,-5.1154066974223,8.3126734793334,0,1.2e-12
1.0159757653546195,0.0,-0.0043585149779681,-0.0065430273610627,-0.0523331538890145,0.0103439935580900,25.1737570610823624,3.0008009590837008,3.049521,2.079551,-5.1290721244395,8.3416348863459,0,4.5e-12
1.0159818254714248,0.0,-0.0043616887826973,-0.0065299672238729,-0.0523236020458131,0.0103577138534199,25.1732570610823601,3.0008011644177652,3.062698,2.080115,-5.1428131749094,8.3707648175945,0,2.2e-12
1.0159878298586558,0.0,-0.0043648736746930,-0.0065170261465971,-0.0523141031580876,0.0103713212824926,25.1727570610823612,3.0008013692280144,3.075954,2.080676,-5.1566300058929,8.4000636780359,0,5.3e-13
1.0159937795680858,0.0,-0.0043680691152714,-0.0065042019577250,-0.0523046564626427,0.0103848177308572,25.1722570610823624,3.0008015735180229,3.089290,2.081233,-5.1705227708736,8.4295318608834,0,2.3e-12
1.0159996756198064,0.0,-0.0043712745847563,-0.0064914925496801,-0.0522952612156253,0.0103982050362566,25.1717570610823600,3.0008017772913482,3.102705,2.081787,-5.1844916985209,8.4591699793848,0,8.0e-13
1.0160055190034607,0.0,-0.0043744895814391,-0.0064788958764696,-0.0522859166928824,0.0104114849873295,25.1712570610823612,3.0008019805515027,3.116200,2.082337,-5.1985369629500,8.4889784865683,0,2.4e-12
1.0160113106800028,0.0,-0.0043777136223197,-0.0064664099491882,-0.0522766221878592,0.0104246593258923,25.1707570610823623,3.0008021833019787,3.129775,2.082884,-5.2126587099991,8.5189577477678,0,9.0e-13
1.0160170515820448,0.0,-0.0043809462393436,-0.0064540328373661,-0.0522673770128506,0.0104377297501647,25.1702570610823599,3.0008023855462094,3.143429,2.083428,-5.2268570391595,8.5491079892017,0,3.0e-11
1.0160227426159050,0.0,-0.0043841869848092,-0.0064417626610663,-0.0522581804934604,0.0104506979170141,25.1697570610823611,3.0008025872877173,3.157164,2.083969,-5.2411325194208,8.5794308430873,0,1.5e-12
1.0160283846620275,0.0,-0.0043874354207653,-0.0064295975959449,-0.0522490319765774,0.0104635654396784,25.1692570610823623,3.0008027885298154,3.170978,2.084507,-5.2554849184992,8.6099255375223,0,7.9e-12
1.0160339785761139,0.0,-0.0043906911281385,-0.0064175358651542,-0.0522399308216014,0.0104763338923405,25.1687570610823599,3.0008029892759169,3.184873,2.085042,-5.2699146395051,8.6405932087578,0,3.4e-12
1.0160395251905936,0.0,-0.0043939537012268,-0.0064055757395630,-0.0522308764032827,0.0104890048121406,25.1682570610823610,3.0008031895293725,3.198848,2.085574,-5.2844218427169,8.6714342603531,0,5.5e-12
1.0160450253151865,0.0,-0.0043972227476422,-0.0063937155358436,-0.0522218681115832,0.0105015796976810,25.1677570610823622,3.0008033892934924,3.212903,2.086104,-5.2990066422067,8.7024489522158,0,1.4e-12
1.0160504797372449,0.0,-0.0044004978889700,-0.0063819536158792,-0.0522129053500667,0.0105140600120060,25.1672570610823598,3.0008035885715794,3.227038,2.086631,-5.3136693014744,8.7336379993932,0,1.2e-12
1.0160558892235059,0.0,-0.0044037787590696,-0.0063702883832593,-0.0522039875357899,0.0105264471843329,25.1667570610823610,3.0008037873669013,3.241255,2.087155,-5.3284100189924,8.7650019189193,0,1.6e-12
1.0160612545202778,0.0,-0.0044070650040918,-0.0063587182827973,-0.0521951140990843,0.0105387426097254,25.1662570610823622,3.0008039856826971,3.255552,2.087677,-5.3432289846498,8.7965411988323,0,1.8e-12
1.0160665763545422,0.0,-0.0044103562821562,-0.0063472417983562,-0.0521862844825696,0.0105509476512826,25.1657570610823598,3.0008041835221846,3.269930,2.088197,-5.3581264047381,8.8282563772219,0,4.9e-13
1.0160718554344614,0.0,-0.0044136522624917,-0.0063358574519046,-0.0521774981412299,0.0105630636408911,25.1652570610823609,3.0008043808885496,3.284389,2.088714,-5.3731024670140,8.8601479333708,0,3.5e-13
1.0160770924499767,0.0,-0.0044169526254521,-0.0063245638023451,-0.0521687545418215,0.0105750918797698,25.1647570610823621,3.0008045777849519,3.298929,2.089229,-5.3881573739822,8.8922163911537,0,1.4e-12
1.0160822880737870,0.0,-0.0044202570618677,-0.0063133594434031,-0.0521600531622448,0.0105870336404305,25.1642570610823597,3.0008047742145325,3.313550,2.089741,-5.4032913431403,8.9244623208571,0,5.5e-13
1.0160874429615292,0.0,-0.0044235652723664,-0.0063022430036842,-0.0521513934916107,0.0105988901674785,25.1637570610823609,3.0008049701804023,3.328253,2.090252,-5.4185045758179,8.9568862403090,0,9.9e-13
1.0160925577529121,0.0,-0.0044268769679329,-0.0062912131435075,-0.0521427750295279,0.0106106626767533,25.1632570610823620,3.0008051656856418,3.343037,2.090760,-5.4337972442080,8.9894885737637,0,3.6e-12
1.0160976330717717,0.0,-0.0044301918686767,-0.0062802685556705,-0.0521341972860307,0.0106223523578809,25.1627570610823597,3.0008053607333149,3.357903,2.091266,-5.4491696296048,9.0222700910899,0,6.6e-13
1.0161026695268318,0.0,-0.0044335097036391,-0.0062694079639150,-0.0521256597808978,0.0106339603760718,25.1622570610823608,3.0008055553264570,3.372851,2.091771,-5.4646218760069,9.0552311236842,0,2.8e-13
1.0161076677122847,0.0,-0.0044368302108899,-0.0062586301209300,-0.0521171620438038,0.0106454878697113,25.1617570610823620,3.0008057494680793,3.387881,2.092273,-5.4801542181546,9.0883722913504,0,1.3e-13
1.0161126282080277,0.0,-0.0044401531368700,-0.0062479338089003,-0.0521087036136307,0.0106569359541128,25.1612570610823596,3.0008059431611693,3.402994,2.092773,-5.4957668632186,9.1216941243851,0,4.7e-13
1.0161175515807364,0.0,-0.0044434782360553,-0.0062373178365981,-0.0521002840382811,0.0106683057210831,25.1607570610823608,3.0008061364086811,3.418188,2.093272,-5.5114599516809,9.1551969327663,0,1.7e-11
1.0161224383829499,0.0,-0.0044468052710796,-0.0062267810414621,-0.0520919028749156,0.0106795982377935,25.1602570610823619,3.0008063292135709,3.433465,2.093769,-5.5272339404837,9.1888820606400,0,5.1e-13
1.0161272891552295,0.0,-0.0044501340108240,-0.0062163222864754,-0.0520835596892956,0.0106908145528367,25.1597570610823595,3.0008065215787112,3.448825,2.094264,-5.5430886753132,9.2227488515034,0,2.5e-11
1.0161321044267497,0.0,-0.0044534642358267,-0.0062059404540637,-0.0520752540527695,0.0107019556888566,25.1592570610823607,3.0008067135070768,3.464268,2.094757,-5.5590248125405,9.2567993003393,0,1.4e-12
1.0161368847117671,0.0,-0.0044567957268061,-0.0061956344627621,-0.0520669855499828,0.0107130226522427,25.1587570610823619,3.0008069050014452,3.479794,2.095249,-5.5750422274247,9.2910328453518,0,1.1e-12
1.0161416305166509,0.0,-0.0044601282783902,-0.0061854032418371,-0.0520587537678493,0.0107240164246131,25.1582570610823595,3.0008070960647220,3.495403,2.095739,-5.5911412443415,9.3254503872849,0,2.6e-12
1.0161463423332657,0.0,-0.0044634616862916,-0.0061752457538299,-0.0520505583051695,0.0107349379717819,25.1577570610823607,3.0008072866996942,3.511095,2.096227,-5.6073220946666,9.3600525305411,0,3.8e-12
1.0161510206445372,0.0,-0.0044667957559296,-0.0061651609774235,-0.0520423987657017,0.0107457882377472,25.1572570610823618,3.0008074769091762,3.526871,2.096714,-5.6235850332877,9.3948399518499,0,2.2e-12
1.0161556659222097,0.0,-0.0044701302975297,-0.0061551479149713,-0.0520342747613452,0.0107565681487931,25.1567570610823630,3.0008076666959367,3.542731,2.097199,-5.6399302105464,9.4298129776688,0,1.1e-12
1.0161602786280395,0.0,-0.0044734651279092,-0.0061452055888653,-0.0520261859104076,0.0107672786133659,25.1562570610823606,3.0008078560627376,3.558675,2.097683,-5.6563579192976,9.4649724100007,0,9.7e-13
1.0161648592138564,0.0,-0.0044768000695033,-0.0061353330418595,-0.0520181318382881,0.0107779205216014,25.1557570610823618,3.0008080450123060,3.574703,2.098166,-5.6728683497701,9.5003187051843,0,1.0e-13
1.0161694081216823,0.0,-0.0044801349503226,-0.0061255293368840,-0.0520101121769167,0.0107884947470159,25.1552570610823629,3.0008082335473563,3.590815,2.098647,-5.6894617377949,9.5358524714795,0,2.1e-12
1.0161739257843854,0.0,-0.0044834696038211,-0.0061157935554046,-0.0520021265646905,0.0107990021460145,25.1547570610823605,3.0008084216705768,3.607012,2.099127,-5.7061383476023,9.5715744133021,0,1.3e-12
1.0161784126257403,0.0,-0.0044868038686400,-0.0061061247976311,-0.0519941746462663,0.0108094435590029,25.1542570610823617,3.0008086093846327,3.623293,2.099605,-5.7228983573625,9.6074849393369,0,7.8e-13
1.0161828690607315,0.0,-0.0044901375886499,-0.0060965221816930,-0.0519862560722916,0.0108198198104167,25.1537570610823629,3.0008087966921710,3.639660,2.100082,-5.7397420361411,9.6435847666153,0,1.5e-12
1.0161872954959388,0.0,-0.0044934706125573,-0.0060869848428439,-0.0519783704993870,0.0108301317092236,25.1532570610823605,3.0008089835958169,3.656112,2.100558,-5.7566696166637,9.6798744876997,0,1.1e-12
1.0161916923293299,0.0,-0.0044968027938852,-0.0060775119343205,-0.0519705175899423,0.0108403800497626,25.1527570610823616,3.0008091700981745,3.672649,2.101033,-5.7736813262117,9.7163546746732,0,1.2e-12
1.0161960599510911,0.0,-0.0045001339906945,-0.0060681026250229,-0.0519626970120255,0.0108505656113150,25.1522570610823628,3.0008093562018279,3.689271,2.101506,-5.7907774041856,9.7530259382110,0,1.8e-12
1.0162003987435744,0.0,-0.0045034640655791,-0.0060587560999097,-0.0519549084391480,0.0108606891588795,25.1517570610823604,3.0008095419093399,3.705980,2.101978,-5.8079581122330,9.7898889682331,0,2.0e-12
1.0162047090814328,0.0,-0.0045067928855400,-0.0060494715599322,-0.0519471515501457,0.0108707514437374,25.1512570610823616,3.0008097272232517,3.722774,2.102449,-5.8252236603207,9.8269442685116,0,3.2e-12
1.0162089913319867,0.0,-0.0045101203216451,-0.0060402482209891,-0.0519394260291375,0.0108807532034899,25.1507570610823628,3.0008099121460856,3.739655,2.102919,-5.8425742767091,9.8641924062352,0,8.7e-13
1.0162132458551696,0.0,-0.0045134462489701,-0.0060310853142738,-0.0519317315651579,0.0108906951635068,25.1502570610823604,3.0008100966803521,3.756622,2.103388,-5.8600102966293,9.9016343275475,0,9.4e-12
1.0162174730041278,0.0,-0.0045167705470567,-0.0060219820849452,-0.0519240678527721,0.0109005780330699,25.1497570610823615,3.0008102808285146,3.773676,2.103856,-5.8775318151796,9.9392701224516,0,1.9e-12
1.0162216731253282,0.0,-0.0045200930987062,-0.0060129377915983,-0.0519164345903525,0.0109104025132508,25.1492570610823627,3.0008104645930556,3.790817,2.104322,-5.8951391903064,9.9771008128856,0,2.6e-13
1.0162258465582368,0.0,-0.0045234137905588,-0.0060039517076452,-0.0519088314819538,0.0109201692899280,25.1487570610823603,3.0008106479764129,3.808044,2.104788,-5.9128326560191,10.0151269814940,0,1.6e-12
1.0162299936361379,0.0,-0.0045267325123447,-0.0059950231192708,-0.0519012582356824,0.0109298790399369,25.1482570610823615,3.0008108309810120,3.825360,2.105253,-5.9306124528415,10.0533492280870,0,3.7e-12
1.0162341146856499,0.0,-0.0045300491595477,-0.0059861513258419,-0.0518937145650083,0.0109395324203073,25.1477570610823626,3.0008110136092494,3.842762,2.105717,-5.9484787898950,10.0917680438624,0,1.9e-12
1.0162382100279803,0.0,-0.0045333636278500,-0.0059773356384927,-0.0518862001865143,0.0109491300880688,25.1472570610823603,3.0008111958635215,3.860253,2.106179,-5.9664319824722,10.1303842925069,0,2.2e-12
1.0162422799776705,0.0,-0.0045366758178402,-0.0059685753821461,-0.0518787148219676,0.0109586726830082,25.1467570610823614,3.0008113777461940,3.877831,2.106641,-5.9844722624306,10.1691985407899,0,1.8e-12
1.0162463248436611,0.0,-0.0045399856335596,-0.0059598698930098,-0.0518712581971841,0.0109681608336903,25.1462570610823626,3.0008115592596156,3.895498,2.107102,-6.0025998791824,10.2082114153319,0,1.6e-12
1.0162503449296014,0.0,-0.0045432929817474,-0.0059512185180377,-0.0518638300419663,0.0109775951588268,25.1457570610823602,3.0008117404061174,3.913253,2.107562,-6.0208150936364,10.2474235819719,0,1.4e-12
1.0162543405331184,0.0,-0.0045465977718458,-0.0059426206172482,-0.0518564300903091,0.0109869762677119,25.1452570610823614,3.0008119211880100,3.931097,2.108021,-6.0391181595279,10.2868356793388,0,1.8e-12
1.0162583119467214,0.0,-0.0045498999170417,-0.0059340755605803,-0.0518490580799520,0.0109963047576658,25.1447570610823625,3.0008121016075919,3.949030,2.108479,-6.0575093445477,10.3264483956260,0,1.1e-12
1.0162622594575843,0.0,-0.0045531993323440,-0.0059255827297265,-0.0518417137526353,0.0110055812181484,25.1442570610823601,3.0008122816671374,3.967052,2.108937,-6.0759889040672,10.3662623707448,0,5.0e-13
1.0162661833477986,0.0,-0.0045564959360963,-0.0059171415165611,-0.0518343968537682,0.0110148062278326,25.1437570610823613,3.0008124613689038,3.985164,2.109394,-6.0945570753220,10.4062781741150,0,5.8e-12
1.0162700838944767,0.0,-0.0045597896490911,-0.0059087513232974,-0.0518271071325586,0.0110239803557857,25.1432570610823625,3.0008126407151328,4.003365,2.109849,-6.1132141703046,10.4464966555974,0,6.9e-12
1.0162739613697578,0.0,-0.0045630803955532,-0.0059004115621918,-0.0518198443414734,0.0110331041612564,25.1427570610823601,3.0008128197080608,4.021656,2.110304,-6.1319604644027,10.4869185258933,0,4.8e-13
1.0162778160411139,0.0,-0.0045663681005709,-0.0058921216560423,-0.0518126082370704,0.0110421781965304,25.1422570610823612,3.0008129983498759,4.040037,2.110759,-6.1507961753438,10.5275442740541,0,1.8e-12
1.0162816481720069,0.0,-0.0045696526932989,-0.0058838810346427,-0.0518053985789714,0.0110512030012156,25.1417570610823624,3.0008131766427719,4.058509,2.111212,-6.1697215316821,10.5683744228183,0,1.0e-11
1.0162854580191474,0.0,-0.0045729341035486,-0.0058756891442093,-0.0517982151300717,0.0110601791141328,25.1412570610823600,3.0008133545889346,4.077072,2.111665,-6.1887369581744,10.6094102530747,0,1.3e-12
1.0162892458379225,0.0,-0.0045762122654381,-0.0058675454307070,-0.0517910576569581,0.0110691070548771,25.1407570610823612,3.0008135321905076,4.095725,2.112117,-6.2078425702507,10.6506518487597,0,1.6e-12
1.0162930118773092,0.0,-0.0045794871140119,-0.0058594493554622,-0.0517839259291951,0.0110779873419569,25.1402570610823624,3.0008137094496323,4.114470,2.112569,-6.2270387105208,10.6921001699672,0,2.1e-12
1.0162967563827630,0.0,-0.0045827585866895,-0.0058514003865716,-0.0517768197195507,0.0110868204841213,25.1397570610823600,3.0008138863684342,4.133306,2.113019,-6.2463256430429,10.7337558684045,0,3.1e-12
1.0163004795954089,0.0,-0.0045860266232282,-0.0058433980012360,-0.0517697388040130,0.0110956069815540,25.1392570610823611,3.0008140629490168,4.152234,2.113469,-6.2657036522148,10.7756196762702,0,2.3e-12
1.0163041817524634,0.0,-0.0045892911653191,-0.0058354416847737,-0.0517626829614632,0.0111043473272340,25.1387570610823623,3.0008142391934736,4.171254,2.113919,-6.2851730142662,10.8176922897984,0,1.3e-13
1.0163078630873383,0.0,-0.0045925521570001,-0.0058275309299911,-0.0517556519742284,0.0111130420042538,25.1382570610823599,3.0008144151038660,4.190367,2.114367,-6.3047339496057,10.8599741820122,0,9.0e-12
1.0163115238291325,0.0,-0.0045958095427102,-0.0058196652406936,-0.0517486456262877,0.0111216914963390,25.1377570610823611,3.0008145906822761,4.209571,2.114815,-6.3243868337846,10.9024664348352,0,9.4e-12
1.0163151642035371,0.0,-0.0045990632712714,-0.0058118441250554,-0.0517416637061144,0.0111302962682366,25.1372570610823622,3.0008147659307367,4.228869,2.115263,-6.3441319404182,10.9451697336438,0,1.8e-12
1.0163187844327690,0.0,-0.0046023132914811,-0.0058040671000389,-0.0517347060041637,0.0111388567848496,25.1367570610823599,3.0008149408512663,4.248260,2.115710,-6.3639694895526,10.9880845376756,0,7.0e-13
1.0163223847351373,0.0,-0.0046055595548126,-0.0057963336905710,-0.0517277723136308,0.0111473735019728,25.1362570610823610,3.0008151154458833,4.267744,2.116156,-6.3838997901021,11.0312116625066,0,5.7e-13
1.0163259653252190,0.0,-0.0046088020131891,-0.0057886434298725,-0.0517208624307457,0.0111558468710810,25.1357570610823622,3.0008152897165776,4.287321,2.116602,-6.4039231365311,11.0745518633274,0,2.6e-13
1.0163295264147545,0.0,-0.0046120406220399,-0.0057809958561865,-0.0517139761540169,0.0111642773327760,25.1352570610823598,3.0008154636653370,4.306993,2.117047,-6.4240398177270,11.1181058698937,0,1.9e-12
1.0163330682115721,0.0,-0.0046152753371542,-0.0057733905167528,-0.0517071132848054,0.0111726653241540,25.1347570610823610,3.0008156372941235,4.326759,2.117491,-6.4442501186087,11.1618743961424,0,3.7e-12
1.0163365909208697,0.0,-0.0046185061166677,-0.0057658269635708,-0.0517002736268473,0.0111810112737783,25.1342570610823621,3.0008158106048910,4.346619,2.117935,-6.4645543166611,11.2058581172973,0,1.9e-12
1.0163400947437244,0.0,-0.0046217329194777,-0.0057583047583342,-0.0516934569866258,0.0111893156062312,25.1337570610823597,3.0008159835995722,4.366574,2.118379,-6.4849527197548,11.2500578362597,0,7.4e-13
1.0163435798786373,0.0,-0.0046249557064928,-0.0057508234675052,-0.0516866631729423,0.0111975787382523,25.1332570610823609,3.0008161562800892,4.386624,2.118822,-6.5054456154488,11.2944742675914,0,1.4e-12
1.0163470465211071,0.0,-0.0046281744400192,-0.0057433826637186,-0.0516798919969746,0.0112058010806990,25.1327570610823621,3.0008163286483507,4.406769,2.119264,-6.5260333244028,11.3391082587222,0,5.5e-13
1.0163504948632187,0.0,-0.0046313890837441,-0.0057359819273547,-0.0516731432723925,0.0112139830388226,25.1322570610823597,3.0008165007062475,4.427010,2.119706,-6.5467161117294,11.3839604288110,0,2.8e-13
1.0163539250943412,0.0,-0.0046345996025956,-0.0057286208443456,-0.0516664168150660,0.0112221250124488,25.1317570610823608,3.0008166724556546,4.447347,2.120148,-6.5674942633162,11.4290314747047,0,5.2e-12
1.0163573374010422,0.0,-0.0046378059633017,-0.0057212990059054,-0.0516597124433166,0.0112302273936334,25.1312570610823620,3.0008168438984444,4.467780,2.120589,-6.5883681431110,11.4743224208809,0,2.3e-12
1.0163607319677466,0.0,-0.0046410081341275,-0.0057140160081510,-0.0516530299769564,0.0112382905703455,25.1307570610823596,3.0008170150364641,4.488309,2.121029,-6.6093379638108,11.5198336473141,0,1.2e-11
1.0163641089724085,0.0,-0.0046442060816507,-0.0057067714629513,-0.0516463692404643,0.0112463149284796,25.1302570610823608,3.0008171858715351,4.508935,2.121469,-6.6304041541621,11.5655664676910,0,6.0e-13
1.0163674685960784,0.0,-0.0046473997785729,-0.0056995649718061,-0.0516397300569025,0.0112543008411703,25.1297570610823620,3.0008173564054954,4.529658,2.121909,-6.6515668810622,11.6115210463307,0,5.1e-12
1.0163708110132093,0.0,-0.0046505891954426,-0.0056923961523848,-0.0516331122538023,0.0112622486817146,25.1292570610823596,3.0008175266401520,4.550479,2.122348,-6.6728265397911,11.6576985384539,0,2.9e-12
1.0163741363966283,0.0,-0.0046537743052825,-0.0056852646257598,-0.0516265156603453,0.0112701588151513,25.1287570610823607,3.0008176965772941,4.571397,2.122786,-6.6941834064591,11.7040995879022,0,1.2e-12
1.0163774449165059,0.0,-0.0046569550812967,-0.0056781700185639,-0.0516199401075578,0.0112780316046807,25.1282570610823619,3.0008178662187071,4.592413,2.123225,-6.7156377789090,11.7507249208374,0,2.8e-12
1.0163807367406983,0.0,-0.0046601314985271,-0.0056711119619449,-0.0516133854286446,0.0112858674058428,25.1277570610823595,3.0008180355661578,4.613527,2.123663,-6.7371900028079,11.7975754724388,0,3.5e-13
1.0163840120344894,0.0,-0.0046633035328588,-0.0056640900929082,-0.0516068514587074,0.0112936665703862,25.1272570610823607,3.0008182046213991,4.634740,2.124100,-6.7588403698092,11.8446519382891,0,3.4e-12
1.0163872709607700,0.0,-0.0046664711611727,-0.0056571040533075,-0.0516003380348567,0.0113014294450741,25.1267570610823618,3.0008183733861751,4.656052,2.124537,-6.7805891620906,11.8919549700469,0,4.9e-13
1.0163905136800053,0.0,-0.0046696343618855,-0.0056501534902297,-0.0515938449960630,0.0113091563708991,25.1262570610823630,3.0008185418622153,4.677463,2.124974,-6.8024367493925,11.9394856013720,0,1.1e-12
1.0163937403503414,0.0,-0.0046727931134352,-0.0056432380559536,-0.0515873721832528,0.0113168476865132,25.1257570610823606,3.0008187100512331,4.698974,2.125410,-6.8243834042687,11.9872444327982,0,1.9e-12
1.0163969511279374,0.0,-0.0046759473961019,-0.0056363574061823,-0.0515809194391951,0.0113245037233663,25.1252570610823618,3.0008188779549338,4.720584,2.125846,-6.8464294925143,12.0352324753587,0,9.7e-13
1.0164001461663494,0.0,-0.0046790971906538,-0.0056295112032086,-0.0515744866084425,0.0113321248103089,25.1247570610823630,3.0008190455750046,4.742294,2.126281,-6.8685752739467,12.0834502670846,0,3.6e-12
1.0164033256169911,0.0,-0.0046822424788827,-0.0056226991132611,-0.0515680735374162,0.0113397112709897,25.1242570610823606,3.0008192129131284,4.764105,2.126716,-6.8908211428629,12.1318989433806,0,1.0e-12
1.0164064896294378,0.0,-0.0046853832435514,-0.0056159208066578,-0.0515616800741602,0.0113472634249308,25.1237570610823617,3.0008193799709657,4.786017,2.127151,-6.9131673581936,12.1805790278556,0,7.3e-14
1.0164096383507895,0.0,-0.0046885194680782,-0.0056091759590535,-0.0515553060686401,0.0113547815875204,25.1232570610823629,3.0008195467501717,4.808029,2.127585,-6.9356142560984,12.2294913895227,0,3.5e-12
1.0164127719263956,0.0,-0.0046916511371202,-0.0056024642495556,-0.0515489513723780,0.0113622660691608,25.1227570610823605,3.0008197132523908,4.830143,2.128019,-6.9581621998171,12.2786370165632,0,1.2e-12
1.0164158904992178,0.0,-0.0046947782355178,-0.0055957853629972,-0.0515426158386592,0.0113697171779876,25.1222570610823617,3.0008198794792489,4.852359,2.128453,-6.9808114841094,12.3280165842686,0,8.7e-13
1.0164189942106880,0.0,-0.0046979007495534,-0.0055891389867384,-0.0515362993224221,0.0113771352159471,25.1217570610823628,3.0008200454323615,4.874676,2.128886,-7.0035624464385,12.3776309566861,0,4.4e-13
1.0164220831998361,0.0,-0.0047010186658999,-0.0055825248138315,-0.0515300016802555,0.0113845204823573,25.1212570610823605,3.0008202111133349,4.897096,2.129319,-7.0264154227517,12.4274809927539,0,1.6e-12
1.0164251576040846,0.0,-0.0047041319721218,-0.0055759425405600,-0.0515237227702107,0.0113918732724893,25.1207570610823616,3.0008203765237633,4.919619,2.129752,-7.0493707308072,12.4775674577536,0,1.9e-12
1.0164282175588442,0.0,-0.0047072406565059,-0.0055693918674782,-0.0515174624520924,0.0113991938773638,25.1202570610823628,3.0008205416652296,4.942244,2.130184,-7.0724287187577,12.5278912583545,0,3.4e-12
1.0164312631977526,0.0,-0.0047103447079557,-0.0055628724991068,-0.0515112205871654,0.0114064825847667,25.1197570610823604,3.0008207065392982,4.964973,2.130616,-7.0955896914894,12.5784530958113,0,4.7e-13
1.0164342946525475,0.0,-0.0047134441162512,-0.0055563841438799,-0.0515049970382292,0.0114137396783213,25.1192570610823616,3.0008208711475333,4.987806,2.131048,-7.1188540384562,12.6292540630463,0,2.3e-12
1.0164373120533072,0.0,-0.0047165388717811,-0.0055499265138880,-0.0514987916696188,0.0114209654380888,25.1187570610823627,3.0008210354914771,5.010743,2.131479,-7.1422220212758,12.6802946485749,0,6.0e-12
1.0164403155280783,0.0,-0.0047196289652697,-0.0055434993256760,-0.0514926043470951,0.0114281601416682,25.1182570610823603,3.0008211995726723,5.033784,2.131911,-7.1656940790504,12.7315761733537,0,2.6e-12
1.0164433052036270,0.0,-0.0047227143887742,-0.0055371022982388,-0.0514864349379158,0.0114353240610698,25.1177570610823615,3.0008213633926388,5.056929,2.132341,-7.1892704958500,12.7830992250194,0,8.0e-13
1.0164462812045993,0.0,-0.0047257951342118,-0.0055307351556240,-0.0514802833108537,0.0114424574667692,25.1172570610823627,3.0008215269528900,5.080180,2.132772,-7.2129516117207,12.8348646542469,0,7.1e-13
1.0164492436543056,0.0,-0.0047288711946845,-0.0055243976242811,-0.0514741493359220,0.0114495606247758,25.1167570610823603,3.0008216902549298,5.103536,2.133202,-7.2367377855001,12.8868733894714,0,2.8e-13
1.0164521926743719,0.0,-0.0047319425635564,-0.0055180894344555,-0.0514680328847001,0.0114566337980186,25.1162570610823614,3.0008218533002484,5.126997,2.133632,-7.2606293493271,12.9391262361133,0,9.6e-13
1.0164551283846719,0.0,-0.0047350092349275,-0.0055118103202894,-0.0514619338299867,0.0114636772463630,25.1157570610823626,3.0008220160903294,5.150565,2.134062,-7.2846266721293,12.9916241680257,0,4.8e-13
1.0164580509036132,0.0,-0.0047380712033479,-0.0055055600190064,-0.0514558520460773,0.0114706912263154,25.1152570610823602,3.0008221786266378,5.174239,2.134491,-7.3087300858115,13.0443679791189,0,7.5e-13
1.0164609603480677,0.0,-0.0047411284640399,-0.0054993382710690,-0.0514497874084526,0.0114776759911334,25.1147570610823614,3.0008223409106400,5.198019,2.134921,-7.3329399491709,13.0973585891326,0,1.6e-12
1.0164638568337756,0.0,-0.0047441810125792,-0.0054931448185967,-0.0514437397941226,0.0114846317898535,25.1142570610823626,3.0008225029437940,5.221907,2.135350,-7.3572567699156,13.1505976433942,0,3.6e-11
1.0164667404732024,0.0,-0.0047472288448791,-0.0054869794147456,-0.0514377090810306,0.0114915588742922,25.1137570610823602,3.0008226647274956,5.245902,2.135778,-7.3816804183383,13.2040836628622,0,9.2e-13
1.0164696113803153,0.0,-0.0047502719583270,-0.0054808418028149,-0.0514316951488386,0.0114984574825427,25.1132570610823613,3.0008228262632191,5.270005,2.136207,-7.4062117307337,13.2578198924183,0,1.7e-12
1.0164724696653271,0.0,-0.0047533103495219,-0.0054747317392539,-0.0514256978781165,0.0115053278590479,25.1127570610823625,3.0008229875523669,5.294216,2.136635,-7.4308509299210,13.3118065728372,0,3.2e-13
1.0164781488059933,0.0,-0.0047593729565000,-0.0054625932851761,-0.0514137528501323,0.0115189848655601,25.1117570610823613,3.0008233093965533,5.342964,2.137491,-7.4804543518923,13.4205345307547,0,1.1e-12
1.0164837787549899,0.0,-0.0047654166526766,-0.0054505621392760,-0.0514018730671831,0.0115325317644487,25.1107570610823636,3.0008236302711939,5.392148,2.138345,-7.5304935679449,13.5302747651464,0,2.1e-12
1.0164893603503860,0.0,-0.0047714414314606,-0.0054386364359214,-0.0513900576181107,0.0115459703837412,25.1097570610823624,3.0008239501872747,5.441772,2.139199,-7.5809714738832,13.6410344932601,0,2.2e-12
1.0164948944092729,0.0,-0.0047774472928189,-0.0054268143549739,-0.0513783056104443,0.0115593025078278,25.1087570610823612,3.0008242691556206,5.491839,2.140052,-7.6318910676225,13.7528213924026,0,1.9e-12
1.0165003817288147,0.0,-0.0047834342430938,-0.0054150941196421,-0.0513666161694747,0.0115725298792430,25.1077570610823635,3.0008245871869046,5.542351,2.140904,-7.6832552612625,13.8656426317832,0,1.6e-12
1.0165058230866371,0.0,-0.0047894022944290,-0.0054034739957318,-0.0513549884379232,0.0115856542002629,25.1067570610823623,3.0008249042916471,5.593312,2.141755,-7.7350670592281,13.9795057851531,0,5.0e-13
1.0165112192414141,0.0,-0.0047953514644908,-0.0053919522902817,-0.0513434215755499,0.0115986771337759,25.1057570610823610,3.0008252204802246,5.644723,2.142606,-7.7873294965362,14.0944185180233,0,1.1e-12
1.0165165709336175,0.0,-0.0048012817762609,-0.0053805273502371,-0.0513319147584608,0.0116116003049402,25.1047570610823634,3.0008255357628628,5.696590,2.143456,-7.8400456193295,14.2103884822870,0,1.8e-13
1.0165218788858548,0.0,-0.0048071932577170,-0.0053691975614043,-0.0513204671790687,0.0116244253012737,25.1037570610823622,3.0008258501496470,5.748914,2.144305,-7.8932184901791,14.3274233493023,0,1.9e-12
1.0165271438039056,0.0,-0.0048130859412690,-0.0053579613465868,-0.0513090780451348,0.0116371536755921,25.1027570610823609,3.0008261636505185,5.801698,2.145153,-7.9468511844784,14.4455307766822,0,1.7e-12
1.0165323663766272,0.0,-0.0048189598639750,-0.0053468171655495,-0.0512977465797697,0.0116497869452833,25.1017570610823633,3.0008264762752859,5.854946,2.146001,-8.0009468683528,14.5647188407196,0,7.6e-13
1.0165375472768554,0.0,-0.0048248150668965,-0.0053357635133381,-0.0512864720208474,0.0116623265945677,25.1007570610823620,3.0008267880336157,5.908661,2.146848,-8.0555086759600,14.6849953694270,0,1.7e-12
1.0165426871618759,0.0,-0.0048306515951665,-0.0053247989189408,-0.0512752536207128,0.0116747740743455,25.0997570610823608,3.0008270989350421,5.962846,2.147694,-8.1105397645940,14.8063682323216,0,1.4e-13
1.0165477866738277,0.0,-0.0048364694975155,-0.0053139219447546,-0.0512640906457390,0.0116871308041306,25.0987570610823632,3.0008274089889677,6.017504,2.148540,-8.1660433509456,14.9288455535956,0,1.6e-12
1.0165528464401299,0.0,-0.0048422688261784,-0.0053031311854600,-0.0512529823759978,0.0116993981724638,25.0977570610823619,3.0008277182046679,6.072638,2.149385,-8.2220226901723,15.0524355879902,0,1.9e-12
1.0165578670739925,0.0,-0.0048480496367059,-0.0052924252670310,-0.0512419281050126,0.0117115775376065,25.0967570610823643,3.0008280265912823,6.128252,2.150229,-8.2784809813603,15.1771461958194,0,2.4e-12
1.0165628491746330,0.0,-0.0048538119875450,-0.0052818028466455,-0.0512309271389595,0.0117236702302887,25.0957570610823630,3.0008283341578412,6.184348,2.151073,-8.3354215785725,15.3029860251606,0,1.8e-12
1.0165677933281774,0.0,-0.0048595559403053,-0.0052712626097194,-0.0512199787972014,0.0117356775505879,25.0947570610823618,3.0008286409132321,6.240931,2.151917,-8.3928477266436,15.4299630193275,0,1.6e-12
1.0165727001074210,0.0,-0.0048652815592034,-0.0052608032715340,-0.0512090824111752,0.0117476007724567,25.0937570610823641,3.0008289468662355,6.298003,2.152759,-8.4507628119699,15.5580858532738,0,3.9e-14
1.0165775700726853,0.0,-0.0048709889110798,-0.0052504235747564,-0.0511982373245099,0.0117594411424577,25.0927570610823629,3.0008292520255040,6.355569,2.153602,-8.5091701696513,15.6873628061870,0,1.5e-12
1.0165824037717397,0.0,-0.0048766780645910,-0.0052401222901949,-0.0511874428924414,0.0117711998832483,25.0917570610823617,3.0008295563995833,6.413630,2.154443,-8.5680732198220,15.8178025719955,0,7.7e-13
1.0165872017408173,0.0,-0.0048823490916583,-0.0052298982136192,-0.0511766984819276,0.0117828781887344,25.0907570610823640,3.0008298599968901,6.472191,2.155285,-8.6274753574383,15.9494136018080,0,6.7e-13
1.0165919645042332,0.0,-0.0048880020655529,-0.0052197501675934,-0.0511660034710070,0.0117944772306686,25.0897570610823628,3.0008301628257370,6.531255,2.156126,-8.6873800374578,16.0822046127252,0,8.2e-13
1.0165966925751451,0.0,-0.0048936370617569,-0.0052096769993691,-0.0511553572486730,0.0118059981561536,25.0887570610823616,3.0008304648943231,6.590825,2.156966,-8.7477907249527,16.2161842789806,0,1.9e-12
1.0166013864557377,0.0,-0.0048992541575170,-0.0051996775804986,-0.0511447592146194,0.0118174420890550,25.0877570610823639,3.0008307662107372,6.650905,2.157806,-8.8087109678507,16.3513616897851,0,2.8e-12
1.0166060466375710,0.0,-0.0049048534317687,-0.0051897508061554,-0.0511342087790367,0.0118288101305158,25.0867570610823627,3.0008310667829567,6.711499,2.158645,-8.8701442282327,16.4877453101633,0,3.6e-13
1.0166106736016967,0.0,-0.0049104349650475,-0.0051798955949483,-0.0511237053622550,0.0118401033597823,25.0857570610823615,3.0008313666188569,6.772610,2.159484,-8.9320941041073,16.6253443295450,0,2.9e-12
1.0166152678192151,0.0,-0.0049159988394651,-0.0051701108874982,-0.0511132483945365,0.0118513228342872,25.0847570610823638,3.0008316657262109,6.834241,2.160323,-8.9945642083722,16.7641679454858,0,1.8e-12
1.0166198297514570,0.0,-0.0049215451383805,-0.0051603956462841,-0.0511028373159453,0.0118624695906716,25.0837570610823626,3.0008319641126810,6.896397,2.161161,-9.0575580938581,16.9042248622297,0,1.0e-12
1.0166243598500362,0.0,-0.0049270739464074,-0.0051507488554101,-0.0510924715759603,0.0118735446455145,25.0827570610823614,3.0008322617858365,6.959081,2.161999,-9.1210794647197,17.0455246377711,0,2.4e-12
1.0166288585590009,0.0,-0.0049325853481882,-0.0051411695139007,-0.0510821506357653,0.0118845489891219,25.0817570610823637,3.0008325587530713,7.022296,2.162836,-9.1851316999090,17.1880746648913,0,6.4e-11
1.0166333263072358,0.0,-0.0049380794343551,-0.0051316566623236,-0.0510718739564704,0.0118954836153559,25.0807570610823625,3.0008328550219527,7.086046,2.163673,-9.2497192510277,17.3318890097340,0,9.0e-13
1.0166377635237140,0.0,-0.0049435562889945,-0.0051222093296226,-0.0510616410215386,0.0119063494661666,25.0797570610823612,3.0008331505995582,7.150335,2.164510,-9.3148451206076,17.4769724740241,0,2.0e-12
1.0166421706230040,0.0,-0.0049490160021731,-0.0051128265844649,-0.0510514513142557,0.0119171474865669,25.0787570610823636,3.0008334454931269,7.215167,2.165346,-9.3805133305808,17.6233361992543,0,1.9e-12
1.0166465480128231,0.0,-0.0049544586635561,-0.0051035075090181,-0.0510413043285727,0.0119278785983223,25.0777570610823624,3.0008337397097398,7.280545,2.166182,-9.4467276221900,17.7709894278007,0,7.3e-13
1.0166508960926792,0.0,-0.0049598843634036,-0.0050942512037782,-0.0510311995667199,0.0119385437060803,25.0767570610823611,3.0008340332563890,7.346474,2.167018,-9.5134918444979,17.9199419926747,0,1.3e-12
1.0166552152541641,0.0,-0.0049652931928379,-0.0050850567870003,-0.0510211365390553,0.0119491436970651,25.0757570610823635,3.0008343261399766,7.412956,2.167854,-9.5808098315469,18.0702035136073,0,1.4e-12
1.0166595058812717,0.0,-0.0049706852435181,-0.0050759233938815,-0.0510111147639600,0.0119596794417047,25.0747570610823622,3.0008346183673105,7.479997,2.168689,-9.6486854572430,18.2217837564542,0,5.9e-13
1.0166637683503246,0.0,-0.0049760606076502,-0.0050668501768698,-0.0510011337674698,0.0119701517946044,25.0737570610823610,3.0008349099451159,7.547599,2.169523,-9.7171226303665,18.3746925935273,0,1.2e-13
1.0166680030303554,0.0,-0.0049814193778477,-0.0050578363048614,-0.0509911930832544,0.0119805615946684,25.0727570610823634,3.0008352008800321,7.615768,2.170358,-9.7861253001607,18.5289400584582,0,2.8e-12
1.0166722102833001,0.0,-0.0049867616472700,-0.0050488809626078,-0.0509812922525164,0.0119909096648268,25.0717570610823621,3.0008354911786057,7.684506,2.171192,-9.8556973944029,18.6845358990449,0,7.9e-13
1.0166763904640954,0.0,-0.0049920875093993,-0.0050399833504927,-0.0509714308236388,0.0120011968131869,25.0707570610823609,3.0008357808473103,7.753817,2.172026,-9.9258429242867,18.8414903206105,0,1.5e-12
1.0166805439208593,0.0,-0.0049973970579688,-0.0050311426844034,-0.0509616083521421,0.0120114238334391,25.0697570610823632,3.0008360698925314,7.823707,2.172859,-9.9965659381568,18.9998136493840,0,5.3e-13
1.0166846709950910,0.0,-0.0050026903870864,-0.0050223581949330,-0.0509518244006009,0.0120215915044452,25.0687570610823620,3.0008363583205733,7.894178,2.173693,-10.0678704535113,19.1595158660488,0,4.6e-13
1.0166887720218403,0.0,-0.0050079675910969,-0.0050136291272983,-0.0509420785382692,0.0120317005912583,25.0677570610823608,3.0008366461376679,7.965235,2.174526,-10.1397606129963,19.3206077013236,0,8.2e-12
1.0166928473300569,0.0,-0.0050132287642080,-0.0050049547404158,-0.0509323703414444,0.0120417518451268,25.0667570610823631,3.0008369333499467,8.036882,2.175358,-10.2122404284146,19.4830988105112,0,1.9e-12
1.0166968972422374,0.0,-0.0050184740010742,-0.0049963343078467,-0.0509226993924291,0.0120517460046664,25.0657570610823619,3.0008372199634952,8.109123,2.176191,-10.2853141010366,19.6470000611185,0,6.5e-12
1.0167009220746415,0.0,-0.0050237033967494,-0.0049877671167660,-0.0509130652806063,0.0120616837932536,25.0647570610823642,3.0008375059843000,8.181963,2.177023,-10.3589858578528,19.8123223963619,0,1.5e-12
1.0167049221384161,0.0,-0.0050289170455147,-0.0049792524664897,-0.0509034676010135,0.0120715659244297,25.0637570610823630,3.0008377914182844,8.255405,2.177855,-10.4332598547915,19.9790760676128,0,6.2e-13
1.0167088977383973,0.0,-0.0050341150421862,-0.0049707896702720,-0.0508939059552380,0.0120813930976223,25.0627570610823618,3.0008380762712887,8.329453,2.178687,-10.5081403239628,20.1472717443325,0,2.6e-13
1.0167128491740578,0.0,-0.0050392974815436,-0.0049623780533827,-0.0508843799508181,0.0120911660000282,25.0617570610823641,3.0008383605490887,8.404113,2.179519,-10.5836315442350,20.3169202971545,0,1.8e-12
1.0167167767394591,0.0,-0.0050444644583061,-0.0049540169533355,-0.0508748892011563,0.0121008853071288,25.0607570610823629,3.0008386442573856,8.479388,2.180350,-10.6597378192250,20.4880326285610,0,3.8e-12
1.0167206807230662,0.0,-0.0050496160668185,-0.0049457057205173,-0.0508654333255830,0.0121105516833206,25.0597570610823617,3.0008389274018081,8.555282,2.181181,-10.7364634984166,20.6606198390334,0,1.7e-12
1.0167245614084688,0.0,-0.0050547524017509,-0.0049374437160369,-0.0508560119489485,0.0121201657807660,25.0587570610823640,3.0008392099879182,8.631801,2.182012,-10.8138129324511,20.8346928693184,0,1.1e-12
1.0167284190740311,0.0,-0.0050598735572854,-0.0049292303129745,-0.0508466247017755,0.0121297282411775,25.0577570610823628,3.0008394920212091,8.708948,2.182843,-10.8917905049697,21.0102627553251,0,1.5e-12
1.0167322539931773,0.0,-0.0050649796277043,-0.0049210648955024,-0.0508372712199795,0.0121392396948445,25.0567570610823616,3.0008397735071091,8.786728,2.183673,-10.9704006549631,21.1873407987096,0,2.3e-12
1.0167360664345768,0.0,-0.0050700707065683,-0.0049129468588963,-0.0508279511447849,0.0121487007627646,25.0557570610823639,3.0008400544509768,8.865144,2.184503,-11.0496478418118,21.3659382898991,0,1.9e-12
1.0167398566616852,0.0,-0.0050751468882998,-0.0049048756091688,-0.0508186641233266,0.0121581120518566,25.0547570610823627,3.0008403348580934,8.944203,2.185333,-11.1295365233998,21.5460663503400,0,4.2e-12
1.0167436249340769,0.0,-0.0050802082657776,-0.0048968505625603,-0.0508094098066696,0.0121674741640476,25.0537570610823614,3.0008406147337090,9.023908,2.186163,-11.2100713137424,21.7277371556133,0,1.6e-12
1.0167473715063358,0.0,-0.0050852549324365,-0.0048888711456910,-0.0508001878517939,0.0121767876878715,25.0527570610823638,3.0008408940829807,9.104264,2.186993,-11.2912566959821,21.9109616666795,0,2.9e-12
1.0167510966288624,0.0,-0.0050902869811634,-0.0048809367948299,-0.0507909979205395,0.0121860532026722,25.0517570610823626,3.0008411729110107,9.185275,2.187823,-11.3730972478145,22.0957514192047,0,4.4e-12
1.0167548005473417,0.0,-0.0050953045047389,-0.0048730469571179,-0.0507818396793196,0.0121952712789484,25.0507570610823613,3.0008414512228483,9.266946,2.188652,-11.4555976610901,22.2821187094934,0,1.9e-12
1.0167584835036065,0.0,-0.0051003075952957,-0.0048652010881801,-0.0507727127995880,0.0122044424774919,25.0497570610823637,3.0008417290234748,9.349281,2.189481,-11.5387625674655,22.4700751542697,0,2.8e-12
1.0167621457352729,0.0,-0.0051052963449277,-0.0048573986533595,-0.0507636169573594,0.0122135673498287,25.0487570610823624,3.0008420063178094,9.432287,2.190310,-11.6225966118049,22.6596322832006,0,1.7e-13
1.0167657874758669,0.0,-0.0051102708452016,-0.0048496391272122,-0.0507545518332636,0.0122226464387544,25.0477570610823612,3.0008422831107202,9.515966,2.191139,-11.7071045722037,22.8508025525262,0,1.8e-12
1.0167694089548378,0.0,-0.0051152311873772,-0.0048419219936614,-0.0507455171123979,0.0122316802784900,25.0467570610823635,3.0008425594070127,9.600324,2.191968,-11.7922912070769,23.0435980723226,0,1.0e-11
1.0167730103983399,0.0,-0.0051201774624733,-0.0048342467436545,-0.0507365124844334,0.0122406693934644,25.0457570610823623,3.0008428352114307,9.685365,2.192796,-11.8781611998042,23.2380300714071,0,3.0e-12
1.0167765920279002,0.0,-0.0051251097608489,-0.0048266128793629,-0.0507275376430886,0.0122496143017762,25.0447570610823611,3.0008431105286766,9.771095,2.193624,-11.9647195168415,23.4341120593664,0,1.3e-12
1.0167801540618306,0.0,-0.0051300281725064,-0.0048190199098084,-0.0507185922865613,0.0122585155122550,25.0437570610823634,3.0008433853633854,9.857518,2.194452,-12.0519709650733,23.6318559295531,0,1.5e-12
1.0167836967148329,0.0,-0.0051349327873335,-0.0048114673521978,-0.0507096761172144,0.0122673735250100,25.0427570610823622,3.0008436597201396,9.944640,2.195280,-12.1399204235356,23.8312740104236,0,2.9e-12
1.0167872201980208,0.0,-0.0051398236943203,-0.0048039547320546,-0.0507007888414821,0.0122761888334964,25.0417570610823610,3.0008439336034680,10.032464,2.196108,-12.2285728066066,24.0323787185628,0,1.4e-12
1.0167907247189343,0.0,-0.0051447009824205,-0.0047964815829091,-0.0506919301697668,0.0122849619227550,25.0407570610823633,3.0008442070178503,10.120997,2.196936,-12.3179331078327,24.2351829625407,0,2.5e-12
1.0167942104817946,0.0,-0.0051495647399369,-0.0047890474458789,-0.0506830998165408,0.0122936932703434,25.0397570610823621,3.0008444799677116,10.210243,2.197764,-12.4080063235455,24.4396994578940,0,1.6e-12
1.0167976776873511,0.0,-0.0051544150546688,-0.0047816518698622,-0.0506742975000473,0.0123023833469745,25.0387570610823609,3.0008447524574309,10.300207,2.198591,-12.4987975444108,24.6459415634567,0,1.7e-11
1.0168011265338137,0.0,-0.0051592520143363,-0.0047742944098448,-0.0506655229425041,0.0123110326143505,25.0377570610823632,3.0008450244913130,10.390893,2.199418,-12.5903116408263,24.8539203711191,0,2.7e-12
1.0168045572150866,0.0,-0.0051640757055881,-0.0047669746302052,-0.0506567758697069,0.0123196415295726,25.0367570610823620,3.0008452960736469,10.482309,2.200245,-12.6825538965660,25.0636505555724,0,2.0e-12
1.0168079699227417,0.0,-0.0051688862150511,-0.0047596921008140,-0.0506480560112329,0.0123282105409539,25.0357570610823608,3.0008455672086534,10.574457,2.201072,-12.7755293960224,25.2751447131146,0,1.1e-12
1.0168113648449388,0.0,-0.0051736836285281,-0.0047524463994051,-0.0506393631002197,0.0123367400912040,25.0347570610823631,3.0008458379005072,10.667344,2.201899,-12.8692433058352,25.4884159661278,0,1.8e-12
1.0168147421670102,0.0,-0.0051784680316548,-0.0047452371100399,-0.0506306968734003,0.0123452306152931,25.0337570610823619,3.0008461081533366,10.760975,2.202726,-12.9637008821444,25.7034780499853,0,5.1e-12
1.0168181020715072,0.0,-0.0051832395094876,-0.0047380638229093,-0.0506220570710303,0.0123536825416099,25.0327570610823642,3.0008463779712193,10.855355,2.203552,-13.0589072795743,25.9203434735067,0,1.2e-12
1.0168214447377595,0.0,-0.0051879981464246,-0.0047309261358790,-0.0506134434366833,0.0123620962930818,25.0317570610823630,3.0008466473581943,10.950489,2.204379,-13.1548678615672,26.1390264932875,0,5.2e-13
1.0168247703425424,0.0,-0.0051927440264722,-0.0047238236524005,-0.0506048557174108,0.0123704722855513,25.0307570610823618,3.0008469163182476,11.046383,2.205205,-13.2515879245188,26.3595404681601,0,4.6e-13
1.0168280790597835,0.0,-0.0051974772331452,-0.0047167559825485,-0.0505962936635323,0.0123788109288656,25.0297570610823641,3.0008471848553215,11.143041,2.206031,-13.3490728194170,26.5818990407847,0,2.2e-12
1.0168313710607213,0.0,-0.0052021978493408,-0.0047097227424171,-0.0505877570286366,0.0123871126269374,25.0287570610823629,3.0008474529733156,11.240470,2.206857,-13.4473279128018,26.8061157292472,0,2.1e-12
1.0168346465139568,0.0,-0.0052069059575808,-0.0047027235541458,-0.0505792455694737,0.0123953777775150,25.0277570610823616,3.0008477206760866,11.338675,2.207683,-13.5463586785651,27.0322048458653,0,1.6e-12
1.0168379055855186,0.0,-0.0052116016397341,-0.0046957580456751,-0.0505707590459688,0.0124036067726985,25.0267570610823640,3.0008479879674468,11.437661,2.208509,-13.6461705680801,27.2601802091383,0,5.4e-13
1.0168411484387772,0.0,-0.0052162849771732,-0.0046888258511424,-0.0505622972211783,0.0124117999988352,25.0257570610823628,3.0008482548511632,11.537434,2.209335,-13.7467690840495,27.4900558917562,0,1.9e-12
1.0168443752349272,0.0,-0.0052209560509158,-0.0046819266094073,-0.0505538598610859,0.0124199578362626,25.0247570610823615,3.0008485213309655,11.637999,2.210160,-13.8481597515013,27.7218458772773,0,5.7e-13
1.0168475861323361,0.0,-0.0052256149411394,-0.0046750599660288,-0.0505454467347873,0.0124280806605343,25.0237570610823639,3.0008487874105367,11.739362,2.210986,-13.9503481622239,27.9555645739133,0,3.4e-12
1.0168507812871168,0.0,-0.0052302617278060,-0.0046682255715039,-0.0505370576142173,0.0124361688411683,25.0227570610823626,3.0008490530935283,11.841529,2.211811,-14.0533399768220,28.1912268140332,0,4.4e-12
1.0168539608532949,0.0,-0.0052348964900903,-0.0046614230811535,-0.0505286922743136,0.0124442227425513,25.0217570610823614,3.0008493183835361,11.944504,2.212637,-14.1571407654382,28.4288461742883,0,4.3e-13
1.0168571249822125,0.0,-0.0052395193068408,-0.0046546521564368,-0.0505203504927136,0.0124522427239656,25.0207570610823637,3.0008495832841335,12.048295,2.213462,-14.2617562977969,28.6684380215065,0,1.7e-12
1.0168602738231356,0.0,-0.0052441302562368,-0.0046479124634869,-0.0505120320499662,0.0124602291395255,25.0197570610823625,3.0008498477988410,12.152906,2.214287,-14.3671922618198,28.9100165725549,0,1.6e-13
1.0168634075228857,0.0,-0.0052487294156866,-0.0046412036743868,-0.0505037367291355,0.0124681823396626,25.0187570610823613,3.0008501119311539,12.258343,2.215112,-14.4734544861596,29.1535972244598,0,8.8e-12
1.0168665262270085,0.0,-0.0052533168631593,-0.0046345254628217,-0.0504954643166104,0.0124761026647819,25.0177570610823636,3.0008503756845082,12.364612,2.215936,-14.5805486662052,29.3991936336125,0,3.1e-12
1.0168696300775981,0.0,-0.0052578926745219,-0.0046278775122705,-0.0504872146005345,0.0124839904579299,25.0167570610823624,3.0008506390623282,12.471720,2.216761,-14.6884807855331,29.6468222247070,0,1.0e-12
1.0168727192154936,0.0,-0.0052624569260854,-0.0046212595075972,-0.0504789873723951,0.0124918460521551,25.0157570610823612,3.0008509020679854,12.579671,2.217586,-14.7972566740113,29.8964974751612,0,3.7e-13
1.0168757937793325,0.0,-0.0052670096934253,-0.0046146711393617,-0.0504707824258175,0.0124996697778715,25.0147570610823635,3.0008511647048191,12.688472,2.218410,-14.9068822758450,30.1482347391784,0,3.4e-12
1.0168788539056752,0.0,-0.0052715510514539,-0.0046081121027134,-0.0504625995572128,0.0125074619604585,25.0137570610823623,3.0008514269761282,12.798129,2.219234,-15.0173635341074,30.4020490644460,0,2.5e-12
1.0168818997292746,0.0,-0.0052760810750412,-0.0046015820966142,-0.0504544385654556,0.0125152229195551,25.0127570610823646,3.0008516888851808,12.908648,2.220059,-15.1287064790003,30.6579560977594,0,1.8e-12
1.0168849313826640,0.0,-0.0052805998377533,-0.0045950808255827,-0.0504462992516891,0.0125229529729972,25.0117570610823634,3.0008519504352114,13.020034,2.220883,-15.2409171598400,30.9159713707073,0,1.1e-12
1.0168879489963487,0.0,-0.0052851074131075,-0.0045886079984447,-0.0504381814195600,0.0125306524327512,25.0107570610823622,3.0008522116294278,13.132295,2.221707,-15.3540018093734,31.1761121741503,0,3.8e-11
1.0168909527003771,0.0,-0.0052896038741673,-0.0045821633251196,-0.0504300848753494,0.0125383216053779,25.0097570610823645,3.0008524724709549,13.245435,2.222531,-15.4679661376233,31.4383894012459,0,8.2e-13
1.0168939426207451,0.0,-0.0052940892931981,-0.0045757465248635,-0.0504220094271366,0.0125459607958486,25.0087570610823633,3.0008527329629624,13.359462,2.223355,-15.5828167321345,31.7028237082300,0,5.4e-13
1.0168969188830601,0.0,-0.0052985637419413,-0.0045693573175911,-0.0504139548857756,0.0125535703033288,25.0077570610823621,3.0008529931085350,13.474381,2.224179,-15.6985596860254,31.9694296965481,0,5.7e-13
1.0168998816109180,0.0,-0.0053030272919339,-0.0045629954279805,-0.0504059210641371,0.0125611504230676,25.0067570610823644,3.0008532529107348,13.590199,2.225002,-15.8152012798747,32.2382237408844,0,1.1e-11
1.0169028309262615,0.0,-0.0053074800138740,-0.0045566605845621,-0.0503979077774768,0.0125687014465174,25.0057570610823632,3.0008535123725864,13.706922,2.225826,-15.9327476916952,32.5092206635915,0,1.2e-12
1.0169057669490214,0.0,-0.0053119219780327,-0.0045503525202507,-0.0503899148430063,0.0125762236617361,25.0047570610823620,3.0008537714970993,13.824556,2.226649,-16.0512053740696,32.7824381086067,0,5.1e-13
1.0169086897977009,0.0,-0.0053163532541525,-0.0045440709712285,-0.0503819420802940,0.0125837173523645,25.0037570610823643,3.0008540302872397,13.943108,2.227473,-16.1705806970989,33.0578923874660,0,1.8e-12
1.0169115995892282,0.0,-0.0053207739115613,-0.0045378156773731,-0.0503739893110071,0.0125911827980962,25.0027570610823631,3.0008542887459413,14.062584,2.228296,-16.2908800527454,33.3355996775927,0,3.6e-13
1.0169144964386703,0.0,-0.0053251840189396,-0.0045315863827416,-0.0503660563588137,0.0125986202756078,25.0017570610823618,3.0008545468761136,14.182991,2.229119,-16.4121099232545,33.6155768225811,0,1.6e-13
1.0169173804598295,0.0,-0.0053295836445797,-0.0045253828342381,-0.0503581430495332,0.0126060300571317,25.0007570610823642,3.0008548046806314,14.304335,2.229942,-16.5342768094641,33.8978405115718,0,3.4e-12
1.0169202517644766,0.0,-0.0053339728559496,-0.0045192047835625,-0.0503502492109195,0.0126134124127323,24.9997570610823630,3.0008550621623442,14.426622,2.230765,-16.6573872966623,34.1824080576828,0,1.1e-12
1.0169231104635206,0.0,-0.0053383517205475,-0.0045130519840528,-0.0503423746728736,0.0126207676067722,24.9987570610823653,3.0008553193240632,14.549860,2.231588,-16.7814479258148,34.4692957855781,0,2.8e-12
1.0169259566657893,0.0,-0.0053427203048748,-0.0045069241941666,-0.0503345192670203,0.0126280959022791,24.9977570610823641,3.0008555761685862,14.674054,2.232411,-16.9064654150626,34.7585218346427,0,5.2e-12
1.0169287904789814,0.0,-0.0053470786751776,-0.0045008211746361,-0.0503266828272132,0.0126353975575128,24.9967570610823628,3.0008558326986616,14.799213,2.233234,-17.0324463525690,35.0501022566422,0,1.8e-12
1.0169316120092085,0.0,-0.0053514268971652,-0.0044947426899316,-0.0503188651889236,0.0126426728280833,24.9957570610823652,3.0008560889170299,14.925341,2.234057,-17.1593975377700,35.3440553301429,0,3.6e-12
1.0169344213612204,0.0,-0.0053557650359661,-0.0044886885076303,-0.0503110661898274,0.0126499219658263,24.9947570610823639,3.0008563448263845,15.052447,2.234879,-17.2873256873229,35.6403978850633,0,1.0e-12
1.0169372186383316,0.0,-0.0053600931564059,-0.0044826583984933,-0.0503032856690492,0.0126571452197525,24.9937570610823627,3.0008566004294130,15.180536,2.235702,-17.4162376720843,35.9391482052224,0,7.1e-13
1.0169400039424985,0.0,-0.0053644113225301,-0.0044766521364960,-0.0502955234678401,0.0126643428357274,24.9927570610823651,3.0008568557287583,15.309616,2.236524,-17.5461403349581,36.2403238177336,0,8.4e-13
1.0169427773743360,0.0,-0.0053687195981052,-0.0044706694986093,-0.0502877794291667,0.0126715150561972,24.9917570610823638,3.0008571107270399,15.439694,2.237346,-17.6770405661197,36.5439423953863,0,2.3e-13
1.0169455390331317,0.0,-0.0053730180463613,-0.0044647102647779,-0.0502800533976716,0.0126786621207287,24.9907570610823626,3.0008573654268602,15.570777,2.238168,-17.8089453424332,36.8500222309252,0,1.9e-12
1.0169482890169537,0.0,-0.0053773067300987,-0.0044587742176958,-0.0502723452199821,0.0126857842652850,24.9897570610823649,3.0008576198307795,15.702871,2.238991,-17.9418616343009,37.1585811236700,0,1.1e-12
1.0169510274223998,0.0,-0.0053815857114872,-0.0044528611435754,-0.0502646547441227,0.0126928817239889,24.9887570610823637,3.0008578739413481,15.835984,2.239813,-18.0757965012622,37.4696375149315,0,1.8e-12
1.0169537543450253,0.0,-0.0053858550522518,-0.0044469708308948,-0.0502569818199885,0.0126999547273934,24.9877570610823625,3.0008581277610817,15.970122,2.240635,-18.2107570201408,37.7832096257339,0,5.9e-13
1.0169564698790035,0.0,-0.0053901148139683,-0.0044411030711325,-0.0502493262991481,0.0127070035025251,24.9867570610823648,3.0008583812924741,16.105294,2.241457,-18.3467503357350,38.0993160505577,0,1.2e-12
1.0169591741172381,0.0,-0.0053943650572742,-0.0044352576586284,-0.0502416880348644,0.0127140282744186,24.9857570610823636,3.0008586345379960,16.241505,2.242278,-18.4837836977000,38.4179763987825,0,1.6e-11
1.0169618671519105,0.0,-0.0053986058424182,-0.0044294343903224,-0.0502340668816492,0.0127210292661900,24.9847570610823624,3.0008588875000806,16.378764,2.243100,-18.6218641347143,38.7392066007714,0,1.3e-12
1.0169645490733041,0.0,-0.0054028372295369,-0.0044236330658157,-0.0502264626961309,0.0127280066959092,24.9837570610823647,3.0008591401811597,16.517077,2.243922,-18.7609991214511,39.0630283307621,0,1.0e-12
1.0169672199709929,0.0,-0.0054070592779239,-0.0044178534875000,-0.0502188753362066,0.0127349607807576,24.9827570610823635,3.0008593925836249,16.656453,2.244743,-18.9011959260765,39.3894598352635,0,2.9e-12
1.0169698799331539,0.0,-0.0054112720465651,-0.0044120954604727,-0.0502113046616248,0.0127418917341677,24.9817570610823623,3.0008596447098430,16.796897,2.245565,-19.0424619195498,39.7185203153980,0,1.4e-11
1.0169725290477132,0.0,-0.0054154755941766,-0.0044063587908850,-0.0502037505327388,0.0127487997683925,24.9807570610823646,3.0008598965621722,16.938418,2.246386,-19.1848044273188,40.0502275708104,0,8.6e-13
1.0169751674000718,0.0,-0.0054196699785693,-0.0044006432899465,-0.0501962128127309,0.0127556850915116,24.9797570610823634,3.0008601481429329,17.081024,2.247207,-19.3282310350159,40.3846028466458,0,1.8e-12
1.0169777950755015,0.0,-0.0054238552574427,-0.0043949487696496,-0.0501886913654116,0.0127625479100769,24.9787570610823622,3.0008603994544281,17.224721,2.248029,-19.4727492272665,40.7216651977186,0,2.4e-13
1.0169804121580748,0.0,-0.0054280314879848,-0.0043892750445365,-0.0501811860562856,0.0127693884276901,24.9777570610823645,3.0008606504989377,17.369517,2.248850,-19.6183665666604,41.0614342885987,0,3.2e-12
1.0169830187307014,0.0,-0.0054321987269329,-0.0043836219317923,-0.0501736967522779,0.0127762068456332,24.9767570610823633,3.0008609012787217,17.515420,2.249671,-19.7650906261770,41.4039293642155,0,6.5e-13
1.0169856148753893,0.0,-0.0054363570306671,-0.0043779892506481,-0.0501662233216996,0.0127830033625872,24.9757570610823620,3.0008611517960175,17.662437,2.250492,-19.9129290921984,41.7491707134430,0,3.1e-12
1.0169882006728752,0.0,-0.0054405064547452,-0.0043723768233498,-0.0501587656343431,0.0127897781757763,24.9747570610823644,3.0008614020530384,17.810577,2.251313,-20.0618896916593,42.0971786613678,0,3.4e-12
1.0169907762031651,0.0,-0.0054446470548197,-0.0043667844736185,-0.0501513235613042,0.0127965314787987,24.9737570610823632,3.0008616520519804,17.959847,2.252134,-20.2119801936878,42.4479735362831,0,2.0e-12
1.0169933415453134,0.0,-0.0054487788858872,-0.0043612120273511,-0.0501438969750925,0.0128032634633850,24.9727570610823619,3.0008619017950147,18.110254,2.252954,-20.3632083605478,42.8015749897509,0,5.2e-13
1.0169958967771771,0.0,-0.0054529020024705,-0.0043556593132906,-0.0501364857495327,0.0128099743192634,24.9717570610823643,3.0008621512842941,18.261807,2.253775,-20.5155820818944,43.1580039158823,0,4.7e-13
1.0169984419757667,0.0,-0.0054570164585703,-0.0043501261620482,-0.0501290897598226,0.0128166642340969,24.9707570610823630,3.0008624005219473,18.414514,2.254596,-20.6691092648461,43.5172809087862,0,1.0e-12
1.0170009772172528,0.0,-0.0054611223080505,-0.0043446124060663,-0.0501217088823932,0.0128233333926170,24.9697570610823618,3.0008626495100899,18.568382,2.255416,-20.8237978717629,43.8794267187074,0,1.9e-12
1.0170035025767796,0.0,-0.0054652196041643,-0.0043391178801973,-0.0501143429949555,0.0128299819780448,24.9687570610823641,3.0008628982508121,18.723419,2.256237,-20.9796559424739,44.2444626812045,0,3.4e-12
1.0170060181286511,0.0,-0.0054693083998175,-0.0043336424211202,-0.0501069919766513,0.0128366101709106,24.9677570610823629,3.0008631467461813,18.879635,2.257057,-21.1366914786018,44.6124088811264,0,8.3e-13
1.0170085239462074,0.0,-0.0054733887474114,-0.0043281858678181,-0.0500996557076668,0.0128432181502884,24.9667570610823617,3.0008633949982539,19.037036,2.257877,-21.2949126570717,44.9832874342598,0,3.6e-12
1.0170110201020093,0.0,-0.0054774606990551,-0.0043227480609582,-0.0500923340695496,0.0128498060926854,24.9657570610823640,3.0008636430090596,19.195630,2.258697,-21.4543275880525,45.3571187921709,0,9.8e-13
1.0170135066676620,0.0,-0.0054815243064201,-0.0043173288433093,-0.0500850269450155,0.0128563741726841,24.9647570610823628,3.0008638907806149,19.355427,2.259517,-21.6149445599948,45.7339254969813,0,3.2e-12
1.0170159837140562,0.0,-0.0054855796206888,-0.0043119280593832,-0.0500777342180528,0.0128629225629180,24.9637570610823616,3.0008641383149093,19.516434,2.260337,-21.7767717912933,46.1137283450883,0,2.6e-12
1.0170184513110585,0.0,-0.0054896266927679,-0.0043065455560060,-0.0500704557736833,0.0128694514342174,24.9627570610823639,3.0008643856139248,19.678660,2.261157,-21.9398176167805,46.4965492032422,0,3.9e-13
1.0170209095278839,0.0,-0.0054936655731235,-0.0043011811813132,-0.0500631914983167,0.0128759609548730,24.9617570610823627,3.0008646326796149,19.842113,2.261977,-22.1040904280716,46.8824102518243,0,9.3e-13
1.0170233584331683,0.0,-0.0054976963126092,-0.0042958347842616,-0.0500559412796718,0.0128824512891657,24.9607570610823650,3.0008648795139070,20.006801,2.262797,-22.2695985616180,47.2713319314972,0,2.3e-11
1.0170257980935027,0.0,-0.0055017189585527,-0.0042905062211044,-0.0500487050053785,0.0128889226098626,24.9597570610823638,3.0008651261187622,20.172734,2.263617,-22.4363507917535,47.6633413137707,0,1.1e-12
1.0170282285765577,0.0,-0.0055057335625611,-0.0042851953415171,-0.0500414825660914,0.0128953750721751,24.9587570610823626,3.0008653724960457,20.339919,2.264437,-22.6043553560220,48.0584557013878,0,1.9e-12
1.0170306499480815,0.0,-0.0055097401727872,-0.0042799020022714,-0.0500342738523736,0.0129018088396576,24.9577570610823649,3.0008656186476541,20.508365,2.265256,-22.7736209545061,48.4566993880756,0,3.0e-12
1.0170330622731776,0.0,-0.0055137388377072,-0.0042746260609672,-0.0500270787560881,0.0129082240719513,24.9567570610823637,3.0008658645754589,20.678081,2.266076,-22.9441562282841,48.8580949395566,0,4.4e-12
1.0170354656164227,0.0,-0.0055177296056318,-0.0042693673762338,-0.0500198971702312,0.0129146209261301,24.9557570610823625,3.0008661102813141,20.849075,2.266895,-23.1159699078791,49.2626656143265,0,1.2e-11
1.0170378600416381,0.0,-0.0055217125242649,-0.0042641258086056,-0.0500127289889373,0.0129209995580205,24.9547570610823648,3.0008663557670467,21.021356,2.267714,-23.2890706724010,49.6704330476926,0,5.1e-12
1.0170402456116923,0.0,-0.0055256876409886,-0.0042589012207250,-0.0500055741072448,0.0129273601220113,24.9537570610823636,3.0008666010344807,21.194934,2.268534,-23.4634674115258,50.0814216388520,0,3.3e-12
1.0170426223888596,0.0,-0.0055296550028637,-0.0042536934764622,-0.0499984324213546,0.0129337027702180,24.9527570610823624,3.0008668460854175,21.369816,2.269353,-23.6391689661334,50.4956542314390,0,1.9e-12
1.0170449904347358,0.0,-0.0055336146560974,-0.0042485024413754,-0.0499913038286585,0.0129400276538798,24.9517570610823647,3.0008670909216346,21.546012,2.270172,-23.8161842644557,50.9131543795170,0,1.8e-12
