x0,y0,z0,xd0,yd0,zd0,Tp,JC,stabilityIndex1,stabilityIndex2,alpha,beta,impactFlag,error
1.0193375846477311,0.0,-0.0001574152291802,0.0000000000003393,0.0018737656358264,-0.0000000000000362,13.1107326634218211,3.0036169609457399,520.0740,2.0047,-522.07869085,1044.59717382,1,6.9e-11
1.0193373494609526,0.0,-0.0001825041681569,-0.0000000000002184,0.0018744370074259,0.0000000000000314,13.1108207766477758,3.0036169255889118,520.0089,2.0063,-522.01524856,1045.31066548,1,6.0e-11
1.0193370848486776,0.0,-0.0002071290934030,-0.0000000000001319,0.0018751923765484,0.0000000000000233,13.1109199130405436,3.0036168858096253,519.9357,2.0082,-521.94389235,1046.11383444,1,1.1e-11
1.0193367931232029,0.0,-0.0002312565663966,0.0000000000000708,0.0018760251416410,-0.0000000000000106,13.1110292059710396,3.0036168419559033,519.8551,2.0102,-521.86525246,1046.99976500,1,9.6e-11
1.0193364766026247,0.0,-0.0002548626194225,0.0000000000001847,0.0018769286839023,-0.0000000000000382,13.1111477865297754,3.0036167943766339,519.7676,2.0124,-521.77995733,1047.96159472,1,2.2e-10
1.0193361375552139,0.0,-0.0002779318367652,0.0000000000002646,0.0018778965291318,-0.0000000000000586,13.1112748045803080,3.0036167434132079,519.6739,2.0147,-521.68863135,1048.99254253,1,1.4e-10
1.0193348028613189,0.0,-0.0003544324300056,0.0000000000002928,0.0018817065172650,-0.0000000000000675,13.1117748045803086,3.0036165428113368,519.3055,2.0240,-521.32948659,1053.05789979,1,1.3e-10
1.0193334680850494,0.0,-0.0004171175543997,0.0000000000000795,0.0018855166889886,-0.0000000000000253,13.1122748045803075,3.0036163422301949,518.9376,2.0333,-520.97090118,1057.13461013,1,6.7e-11
1.0193321332263412,0.0,-0.0004715296791163,-0.0000000000001416,0.0018893270438388,0.0000000000000334,13.1127748045803081,3.0036161416697298,518.5703,2.0426,-520.61288080,1061.22273256,1,1.6e-11
1.0193307982848601,0.0,-0.0005202709843384,-0.0000000000005255,0.0018931375798280,0.0000000000002148,13.1132748045803087,3.0036159411299641,518.2035,2.0519,-520.25542617,1065.32220004,1,2.8e-10
1.0193294632607333,0.0,-0.0005648115313424,0.0000000000004706,0.0018969482967842,-0.0000000000001933,13.1137748045803075,3.0036157406107367,517.8372,2.0613,-519.89853371,1069.43295163,1,2.7e-10
1.0193281281530597,0.0,-0.0006060781530459,-0.0000000000001904,0.0019007591922380,0.0000000000000676,13.1142748045803081,3.0036155401121487,517.4715,2.0708,-519.54220423,1073.55510970,1,2.5e-10
1.0193267929619545,0.0,-0.0006446998559957,-0.0000000000006237,0.0019045702655613,0.0000000000003241,13.1147748045803088,3.0036153396340999,517.1062,2.0802,-519.18643667,1077.68869098,1,2.5e-10
1.0193254576871904,0.0,-0.0006811267264394,0.0000000000001942,0.0019083815157530,-0.0000000000000936,13.1152748045803076,3.0036151391765005,516.7415,2.0897,-518.83122698,1081.83376890,1,1.5e-10
1.0193241223284735,0.0,-0.0007156939691555,-0.0000000000001042,0.0019121929413977,0.0000000000001122,13.1157748045803082,3.0036149387394020,516.3774,2.0992,-518.47658363,1085.99022301,1,2.4e-10
1.0193227868855186,0.0,-0.0007486592314854,-0.0000000000005974,0.0019160045409806,0.0000000000003152,13.1162748045803088,3.0036147383227223,516.0137,2.1088,-518.12250328,1090.15821252,1,7.8e-11
1.0193214513581943,0.0,-0.0007802256018652,-0.0000000000000226,0.0019198163140246,0.0000000000000038,13.1167748045803076,3.0036145379264196,515.6506,2.1184,-517.76897596,1094.33797990,1,8.2e-11
1.0193201157460916,0.0,-0.0008105565368078,-0.0000000000000144,0.0019236282583094,0.0000000000000277,13.1172748045803083,3.0036143375504758,515.2880,2.1280,-517.41601999,1098.52878773,1,6.4e-11
1.0193187800490391,0.0,-0.0008397859160403,-0.0000000000005027,0.0019274403733920,0.0000000000003107,13.1177748045803089,3.0036141371948428,514.9260,2.1376,-517.06362186,1102.73132058,1,1.4e-10
1.0193174442668913,0.0,-0.0008680250331075,-0.0000000000001202,0.0019312526577018,0.0000000000000733,13.1182748045803077,3.0036139368594759,514.5644,2.1473,-516.71177719,1106.94574528,1,2.5e-10
1.0193121002813388,0.0,-0.0009727599011120,0.0000000000000280,0.0019465034615695,-0.0000000000000195,13.1202748045803084,3.0036131357199731,513.1235,2.1864,-515.30999579,1123.91891309,1,1.0e-11
1.0193067549135255,0.0,-0.0010671805851294,0.0000000000004085,0.0019617568726535,-0.0000000000003964,13.1222748045803073,3.0036123349017849,511.6910,2.2261,-513.91713185,1141.07974865,1,2.5e-10
1.0193014081478857,0.0,-0.0011538222734243,0.0000000000000025,0.0019770128078982,0.0000000000000021,13.1242748045803079,3.0036115344025252,510.2668,2.2663,-512.53314770,1158.42963866,1,2.7e-10
1.0192960599695760,0.0,-0.0012343244318713,0.0000000000000018,0.0019922711859942,0.0000000000000089,13.1262748045803068,3.0036107342197353,508.8509,2.3071,-511.15803255,1175.97012191,1,1.1e-10
1.0192907103634894,0.0,-0.0013098198150186,-0.0000000000001604,0.0020075319231811,0.0000000000001650,13.1282748045803075,3.0036099343510392,507.4433,2.3484,-509.79175142,1193.70308031,1,5.4e-10
1.0192853593147251,0.0,-0.0013811299510200,0.0000000000002170,0.0020227949335825,-0.0000000000002634,13.1302748045803082,3.0036091347940062,506.0439,2.3904,-508.43424914,1211.63036082,1,1.0e-11
1.0192800068086867,0.0,-0.0014488731592033,-0.0000000000001161,0.0020380601325309,0.0000000000001287,13.1322748045803070,3.0036083355463021,504.6527,2.4329,-507.08552418,1229.75345844,1,1.9e-10
1.0192746528310799,0.0,-0.0015135286885069,-0.0000000000000855,0.0020533274326064,0.0000000000001067,13.1342748045803077,3.0036075366054922,503.2696,2.4760,-505.74553518,1248.07367545,1,2.6e-10
1.0192692973675574,0.0,-0.0015754769347798,-0.0000000000002494,0.0020685967467467,0.0000000000002562,13.1362748045803084,3.0036067379692475,501.8946,2.5196,-504.41425192,1266.59362015,1,6.4e-11
1.0192639404041615,0.0,-0.0016350258539271,-0.0000000000000002,0.0020838679859098,-0.0000000000000128,13.1382748045803073,3.0036059396351784,500.5277,2.5639,-503.09164241,1285.31444356,1,9.1e-11
1.0192585819270443,0.0,-0.0016924289224972,-0.0000000000001182,0.0020991410605232,0.0000000000001179,13.1402748045803079,3.0036051416009713,499.1689,2.6088,-501.77767610,1304.23814076,1,5.9e-11
1.0192532219225643,0.0,-0.0017478977627533,-0.0000000000001077,0.0021144158792447,0.0000000000001677,13.1422748045803068,3.0036043438642421,497.8180,2.6543,-500.47231279,1323.36656294,1,6.2e-11
1.0192478603774611,0.0,-0.0018016112209913,0.0000000000001183,0.0021296923513914,-0.0000000000001608,13.1442748045803075,3.0036035464226898,496.4751,2.7004,-499.17552588,1342.70154880,1,1.7e-11
1.0192424972784877,0.0,-0.0018537220733272,-0.0000000000000951,0.0021449703834434,0.0000000000001225,13.1462748045803082,3.0036027492740138,495.1401,2.7472,-497.88728057,1362.24474956,1,1.5e-10
1.0192371326128200,0.0,-0.0019043620604832,-0.0000000000000063,0.0021602498823001,0.0000000000000185,13.1482748045803071,3.0036019524158801,493.8130,2.7946,-496.60755036,1381.99831880,1,2.9e-10
1.0192317663677448,0.0,-0.0019536457317647,0.0000000000000262,0.0021755307531082,-0.0000000000000530,13.1502748045803077,3.0036011558460194,492.4937,2.8426,-495.33628744,1401.96387668,1,2.1e-10
1.0192263985308088,0.0,-0.0020016734393474,0.0000000000000713,0.0021908128995892,-0.0000000000001242,13.1522748045803084,3.0036003595621232,491.1822,2.8913,-494.07345797,1422.14360255,1,9.4e-11
1.0192210290899208,0.0,-0.0020485336825727,0.0000000000003826,0.0022060962258263,-0.0000000000005728,13.1542748045803073,3.0035995635619517,489.8784,2.9406,-492.81903878,1442.53927010,1,8.3e-11
1.0192156580331662,0.0,-0.0020943049885416,0.0000000000000366,0.0022213806334755,-0.0000000000000526,13.1562748045803080,3.0035987678432274,488.5824,2.9906,-491.57298011,1463.15307144,1,3.1e-10
1.0192102853490073,0.0,-0.0021390574139093,-0.0000000000000801,0.0022366660249253,0.0000000000001025,13.1582748045803068,3.0035979724037363,487.2940,3.0413,-490.33527054,1483.98665817,1,1.3e-10
1.0192049110258872,0.0,-0.0021828537793733,-0.0000000000001128,0.0022519522996329,0.0000000000002055,13.1602748045803075,3.0035971772412209,486.0133,3.0926,-489.10585190,1505.04223100,1,2.6e-10
1.0191995350528318,0.0,-0.0022257506701557,-0.0000000000001716,0.0022672393574920,0.0000000000002525,13.1622748045803082,3.0035963823534853,484.7401,3.1446,-487.88468962,1526.32172466,1,6.4e-11
1.0191941574190773,0.0,-0.0022677992751372,-0.0000000000001572,0.0022825270968639,0.0000000000002539,13.1642748045803071,3.0035955877383200,483.4744,3.1973,-486.67175265,1547.82744904,1,1.3e-10
1.0191887781140709,0.0,-0.0023090460798289,-0.0000000000000327,0.0022978154152288,0.0000000000000296,13.1662748045803077,3.0035947933935465,482.2163,3.2507,-485.46700071,1569.56127543,1,2.7e-11
1.0191833971275617,0.0,-0.0023495334513737,-0.0000000000001893,0.0023131042091778,0.0000000000004180,13.1682748045803084,3.0035939993170109,480.9655,3.3049,-484.27040396,1591.52510569,1,3.0e-12
1.0191780144497085,0.0,-0.0023893001353580,-0.0000000000000295,0.0023283933749128,0.0000000000000175,13.1702748045803073,3.0035932055065220,479.7222,3.3597,-483.08191937,1613.72142115,1,3.5e-11
1.0191510753638875,0.0,-0.0025784738358199,-0.0000000000000279,0.0024048410550407,0.0000000000000271,13.1802748045803071,3.0035892403708635,473.6150,3.6449,-477.25987214,1728.26316709,1,1.4e-11
1.0191240926857741,0.0,-0.0027539514647258,-0.0000000000002402,0.0024812818432417,0.0000000000004321,13.1902748045803069,3.0035852815731259,467.6858,3.9491,-471.63492345,1848.94311436,1,4.5e-11
1.0190970655394516,0.0,-0.0029182186076056,0.0000000000001130,0.0025577017031741,-0.0000000000002986,13.2002748045803067,3.0035813288629183,461.9287,4.2735,-466.20215874,1976.05074908,1,9.1e-11
1.0190699932672327,0.0,-0.0030730864663276,-0.0000000000001462,0.0026340860982179,0.0000000000005166,13.2102748045803065,3.0035773820015423,456.3375,4.6191,-460.95659583,2109.88881131,1,1.1e-11
1.0190428754387495,0.0,-0.0032199237343453,0.0000000000000836,0.0027104200446576,-0.0000000000000859,13.2202748045803080,3.0035734407622954,450.9059,4.9872,-455.89318237,2250.77368109,1,1.6e-10
1.0190157118571850,0.0,-0.0033597949546004,-0.0000000000000475,0.0027866881657610,0.0000000000000909,13.2302748045803078,3.0035695049313396,445.6278,5.3790,-451.00684519,2399.03441986,1,5.3e-11
1.0189885025624785,0.0,-0.0034935477443553,-0.0000000000001115,0.0028628747600873,0.0000000000002566,13.2402748045803076,3.0035655743076881,440.4968,5.7958,-446.29255017,2555.01310677,1,3.3e-10
1.0189612478317123,0.0,-0.0036218702244093,-0.0000000000000143,0.0029389638712129,0.0000000000000668,13.2502748045803074,3.0035616487036694,435.5064,6.2389,-441.74527977,2719.06327800,1,2.3e-11
1.0189339481758861,0.0,-0.0037453302476634,0.0000000000000205,0.0030149393647756,-0.0000000000001313,13.2602748045803072,3.0035577279448562,430.6504,6.7097,-437.36016350,2891.55009024,1,2.7e-11
1.0189066043343264,0.0,-0.0038644030094878,-0.0000000000000270,0.0030907850096611,0.0000000000000563,13.2702748045803069,3.0035538118700154,425.9225,7.2099,-433.13242046,3072.84941372,1,2.8e-11
1.0188792172660577,0.0,-0.0039794909953668,0.0000000000000725,0.0031664845652658,-0.0000000000003325,13.2802748045803067,3.0035499003308157,421.3166,7.7408,-429.05744964,3263.34691726,1,2.0e-11
1.0188517881381614,0.0,-0.0040909387128242,-0.0000000000000081,0.0032420218629366,0.0000000000002250,13.2902748045803065,3.0035459931915809,416.8266,8.3043,-425.13085001,3463.43717512,1,1.6e-11
1.0188243183127179,0.0,-0.0041990437921197,0.0000000000000020,0.0033173808993571,-0.0000000000000332,13.3002748045803081,3.0035420903286343,412.4467,8.9018,-421.34847091,3673.52283577,1,1.8e-10
1.0187968093298903,0.0,-0.0043040654850921,-0.0000000000000118,0.0033925459162539,0.0000000000000733,13.3102748045803079,3.0035381916298998,408.1712,9.5352,-417.70640389,3894.01396183,1,9.2e-11
1.0187692628917997,0.0,-0.0044062312797171,0.0000000000000136,0.0034675014906016,-0.0000000000001190,13.3202748045803077,3.0035342969941166,403.9947,10.2064,-414.20109908,4125.32621623,1,8.6e-12
1.0187416808426573,0.0,-0.0045057421136313,-0.0000000000000366,0.0035422326091149,0.0000000000004056,13.3302748045803074,3.0035304063301802,399.9122,10.9171,-410.82929483,4367.88085129,1,3.4e-12
1.0187140651493027,0.0,-0.0046027765385812,-0.0000000000001006,0.0036167247529873,0.0000000000004654,13.3402748045803072,3.0035265195561354,395.9188,11.6693,-407.58811239,4622.10301402,1,7.2e-11
1.0186864178809409,0.0,-0.0046974940689721,-0.0000000000000208,0.0036909639587830,0.0000000000001095,13.3502748045803070,3.0035226365987513,392.0100,12.4650,-404.47507284,4888.42068854,1,2.4e-11
1.0186587411884123,0.0,-0.0047900379264681,-0.0000000000002193,0.0037649368919293,0.0000000000015507,13.3602748045803068,3.0035187573922335,388.1818,13.3063,-401.48809345,5167.26415321,1,2.2e-10
1.0186310372830645,0.0,-0.0048805372799519,0.0000000000000085,0.0038386308977695,0.0000000000000978,13.3702748045803066,3.0035148818778032,384.4303,14.1952,-398.62551410,5459.06446882,1,4.1e-11
1.0186033084177817,0.0,-0.0049691091191632,-0.0000000000000200,0.0039120340601670,0.0000000000002159,13.3802748045803082,3.0035110100023696,380.7523,15.1339,-395.88615577,5764.25242216,1,1.9e-11
1.0185755568669439,0.0,-0.0050558598023924,-0.0000000000000277,0.0039851352359186,0.0000000000002003,13.3902748045803079,3.0035071417181927,377.1448,16.1245,-393.26928389,6083.25761953,1,1.2e-10
1.0185477849078317,0.0,-0.0051408863709767,0.0000000000000110,0.0040579240950188,-0.0000000000000734,13.4002748045803077,3.0035032769818515,373.6054,17.1692,-390.77461902,6416.50788614,1,9.5e-12
1.0185199948038854,0.0,-0.0052242776561202,-0.0000000000000036,0.0041303911471722,-0.0000000000000328,13.4102748045803075,3.0034994157535619,370.1321,18.2703,-388.40238365,6764.42751014,1,4.2e-11
1.0184921887886031,0.0,-0.0053061152212447,-0.0000000000000118,0.0042025277614762,0.0000000000000495,13.4202748045803073,3.0034955579965494,366.7233,19.4300,-386.15327506,7127.43657272,1,1.3e-10
1.0184643690507740,0.0,-0.0053864741715307,0.0000000000000007,0.0042743261781252,0.0000000000002063,13.4302748045803071,3.0034917036763535,363.3779,20.6505,-384.02844498,7505.95045187,1,4.9e-11
1.0184365377221531,0.0,-0.0054654238457255,-0.0000000000000072,0.0043457795152929,0.0000000000000129,13.4402748045803069,3.0034878527603772,360.0954,21.9341,-382.02955556,7900.37794482,1,8.2e-11
1.0184086968652950,0.0,-0.0055430284197686,0.0000000000000086,0.0044168817671362,-0.0000000000000825,13.4502748045803067,3.0034840052172713,356.8758,23.2830,-380.15872083,8311.12103102,1,3.6e-11
1.0183808484642307,0.0,-0.0056193474258839,-0.0000000000000250,0.0044876277972499,-0.0000000000000723,13.4602748045803065,3.0034801610166015,353.7193,24.6992,-378.41849898,8738.57416718,1,1.2e-10
1.0183529944160095,0.0,-0.0056944362083638,0.0000000000000358,0.0045580133269300,-0.0000000000000054,13.4702748045803080,3.0034763201284229,350.6271,26.1849,-376.81192545,9183.12225195,1,3.4e-11
1.0183251365239614,0.0,-0.0057683463202719,-0.0000000000000122,0.0046280349151149,0.0000000000001120,13.4802748045803078,3.0034724825230645,347.6004,27.7420,-375.34243173,9645.14118854,1,1.0e-11
1.0182972764919942,0.0,-0.0058411258759020,-0.0000000000000268,0.0046976899414449,-0.0000000000000811,13.4902748045803076,3.0034686481707058,344.6413,29.3726,-374.01387950,10124.99603309,1,1.2e-10
1.0182694159207595,0.0,-0.0059128198571558,0.0000000000000090,0.0047669765792233,-0.0000000000000793,13.5002748045803074,3.0034648170412970,341.7523,31.0782,-372.83052634,10623.04025190,1,7.9e-11
1.0182415563050475,0.0,-0.0059834703861951,-0.0000000000000019,0.0048358937631611,-0.0000000000000433,13.5102748045803072,3.0034609891044632,338.9365,32.8605,-371.79697418,11139.61567468,1,2.6e-11
1.0182136990317570,0.0,-0.0060531169696451,-0.0000000000000230,0.0049044411664510,0.0000000000000225,13.5202748045803069,3.0034571643292431,336.1974,34.7208,-370.91819352,11675.05058146,1,5.7e-11
1.0181858453793584,0.0,-0.0061217967132462,0.0000000000000137,0.0049726191608543,-0.0000000000000654,13.5302748045803067,3.0034533426841556,333.5391,36.6603,-370.19945491,12229.65968563,1,7.0e-11
1.0181579965185914,0.0,-0.0061895445152419,0.0000000000000929,0.0050404287880798,0.0000000000009354,13.5402748045803065,3.0034495241370860,330.9665,38.6799,-369.64633744,12803.74263380,1,3.0e-10
1.0181301535127689,0.0,-0.0062563932392309,0.0000000000000033,0.0051078717168357,0.0000000000001479,13.5502748045803081,3.0034457086553839,328.4847,40.7799,-369.26464822,13397.58486473,1,3.9e-12
1.0181023173206021,0.0,-0.0063223738698889,0.0000000000000156,0.0051749502187849,0.0000000000001321,13.5602748045803079,3.0034418962057332,326.0998,42.9606,-369.06046117,14011.45413628,1,1.4e-11
1.0180744887979603,0.0,-0.0063875156525442,0.0000000000000388,0.0052416671201853,0.0000000000004135,13.5702748045803077,3.0034380867543655,323.8184,45.2217,-369.04002758,14645.60217180,1,5.1e-11
1.0180466687012413,0.0,-0.0064518462197348,-0.0000000000000167,0.0053080257718375,-0.0000000000000848,13.5802748045803074,3.0034342802670611,321.6476,47.5622,-369.20976832,15300.26307273,1,9.0e-12
1.0180188576903486,0.0,-0.0065153917070719,-0.0000000000000079,0.0053740300125744,-0.0000000000000060,13.5902748045803072,3.0034304767091782,319.5954,49.9809,-369.57624149,15975.65212459,1,2.8e-11
1.0179910563330457,0.0,-0.0065781768556931,-0.0000000000000005,0.0054396841328511,-0.0000000000000259,13.6002748045803070,3.0034266760458403,317.6704,52.4757,-370.14610321,16671.96607572,1,3.1e-11
1.0179632651085539,0.0,-0.0066402251083191,-0.0000000000000063,0.0055049928390963,-0.0000000000000285,13.6102748045803068,3.0034228782419978,315.8822,55.0439,-370.92607541,17389.38167867,0,1.3e-11
1.0179354844119419,0.0,-0.0067015586955269,-0.0000000000000294,0.0055699612222748,0.0000000000001692,13.6202748045803066,3.0034190832625143,314.2409,57.6820,-371.92291429,18128.05542257,0,6.0e-11
1.0179077145584374,0.0,-0.0067621987149444,-0.0000000000000060,0.0056345947239488,0.0000000000000259,13.6302748045803082,3.0034152910723018,312.7575,60.3858,-373.14337366,18888.12236467,0,1.9e-11
1.0178799557881204,0.0,-0.0068221652035067,-0.0000000000000104,0.0056988991022248,-0.0000000000001756,13.6402748045803079,3.0034115016364709,311.4442,63.1500,-374.59417172,19669.69681546,0,4.1e-12
1.0178522082699004,0.0,-0.0068814772055743,0.0000000000000033,0.0057628804060495,0.0000000000001152,13.6502748045803077,3.0034077149203200,310.3136,65.9683,-376.28195701,20472.86998869,0,1.4e-11
1.0178244721067304,0.0,-0.0069401528320309,0.0000000000000011,0.0058265449423150,0.0000000000000468,13.6602748045803075,3.0034039308896117,309.3797,68.8336,-378.21327465,21297.71067879,0,5.1e-12
1.0177967473396732,0.0,-0.0069982093186860,0.0000000000000052,0.0058898992491682,0.0000000000001619,13.6702748045803073,3.0034001495105684,308.6571,71.7374,-380.39453398,22144.26440415,0,8.8e-11
1.0177690339520673,0.0,-0.0070556630784774,-0.0000000000000304,0.0059529500701256,-0.0000000000001496,13.6802748045803071,3.0033963707499827,308.1616,74.6704,-382.83197145,23012.55243237,0,3.0e-11
1.0177413318743571,0.0,-0.0071125297491266,-0.0000000000000023,0.0060157043284015,0.0000000000000258,13.6902748045803069,3.0033925945753572,307.9096,77.6220,-385.53162504,23902.57216905,0,1.7e-11
1.0177136409880139,0.0,-0.0071688242382923,0.0000000000000015,0.0060781691027344,0.0000000000000169,13.7002748045803067,3.0033888209549948,307.9186,80.5807,-388.49929623,24814.29605515,0,5.6e-11
1.0176859611294438,0.0,-0.0072245607660485,0.0000000000000278,0.0061403516065544,0.0000000000003274,13.7102748045803082,3.0033850498580228,308.2068,83.5338,-391.74052554,25747.67166472,0,1.7e-11
1.0176582920943777,0.0,-0.0072797529022576,0.0000000000000143,0.0062022591650802,0.0000000000001540,13.7202748045803080,3.0033812812545704,308.7928,86.4678,-395.26055360,26702.62043346,0,3.9e-11
1.0176306336410483,0.0,-0.0073344136039751,-0.0000000000000006,0.0062638991974368,0.0000000000000251,13.7302748045803078,3.0033775151157545,309.6958,89.3685,-399.06429549,27679.03801778,0,1.0e-11
1.0176029854941200,0.0,-0.0073885552486559,-0.0000000000000647,0.0063252791962646,-0.0000000000005030,13.7402748045803076,3.0033737514137901,310.9352,92.2211,-403.15632083,28676.79444401,0,9.3e-11
1.0175753473480598,0.0,-0.0074421896654084,-0.0000000000000219,0.0063864067134421,-0.0000000000002532,13.7502748045803074,3.0033699901220277,312.5300,95.0108,-407.54080091,29695.73162556,0,7.4e-11
1.0175477188705080,0.0,-0.0074953281644288,0.0000000000000237,0.0064472893391551,0.0000000000001415,13.7602748045803072,3.0033662312150660,314.4989,97.7227,-412.22152778,30735.66743831,0,5.4e-11
1.0175200997051643,0.0,-0.0075479815647465,-0.0000000000000121,0.0065079346917779,-0.0000000000001353,13.7702748045803069,3.0033624746687249,316.8597,100.3422,-417.20184114,31796.39082204,0,1.6e-11
1.0174924894746966,0.0,-0.0076001602202051,0.0000000000000049,0.0065683504024294,0.0000000000001513,13.7802748045803067,3.0033587204600951,319.6289,102.8557,-422.48462373,32877.66379252,0,4.2e-12
1.0174648877837609,0.0,-0.0076518740428882,-0.0000000000000005,0.0066285441008272,-0.0000000000000466,13.7902748045803065,3.0033549685676331,322.8215,105.2508,-428.07228837,33979.22189177,0,1.8e-11
