x0,y0,z0,xd0,yd0,zd0,Tp,JC,stabilityIndex1,stabilityIndex2,alpha,beta,impactFlag,error
1.0163149293295255,0.0,0.0000000000000000,0.0000000000019998,0.0140440913646073,0.0000000000000000,7.7980016147908575,3.0035882810572576,2.000512,-0.076821,-1.9236911906145,1.8463186779807,0,5.4e-12
1.0163489871579561,0.0,0.0000000000000000,-0.0000000000101866,0.0139341497831266,0.0000000000000000,7.8000016147908573,3.0035882101460656,2.001194,-0.069102,-1.9320922278765,1.8617136462062,0,8.9e-13
1.0163776460716303,0.0,0.0000000000000000,0.0000000000064630,0.0138422992483630,0.0000000000000000,7.8020016147908571,3.0035881393226225,2.002163,-0.061381,-1.9407821526326,1.8771052708251,0,2.7e-12
1.0164028967875236,0.0,0.0000000000000000,0.0000000000064779,0.0137618770619397,0.0000000000000000,7.8040016147908577,3.0035880685860650,2.003421,-0.053658,-1.9497627767991,1.8924998616110,0,9.2e-13
1.0164257415231279,0.0,0.0000000000000000,-0.0000000000039785,0.0136895280135227,0.0000000000000000,7.8060016147908575,3.0035879979355529,2.004970,-0.045934,-1.9590360246471,1.9079037887720,0,3.3e-12
1.0164467693119681,0.0,0.0000000000000000,-0.0000000000001705,0.0136232796198123,0.0000000000000000,7.8080016147908573,3.0035879273702579,2.006812,-0.038208,-1.9686037805588,1.9233234868102,0,3.7e-13
1.0164663613325011,0.0,0.0000000000000000,0.0000000000005869,0.0135618551054581,0.0000000000000000,7.8100016147908571,3.0035878568893080,2.008949,-0.030481,-1.9784680891288,1.9387654507981,0,5.3e-12
1.0164847810371338,0.0,0.0000000000000000,0.0000000000009602,0.0135043717880591,0.0000000000000000,7.8120016147908578,3.0035877864918779,2.011383,-0.022752,-1.9886308648181,1.9542362444871,0,4.3e-12
1.0165022195976594,0.0,0.0000000000000000,0.0000000000008864,0.0134501889929362,0.0000000000000000,7.8140016147908575,3.0035877161771114,2.014117,-0.015023,-1.9990941568497,1.9697424950572,0,8.2e-13
1.0165188209401503,0.0,0.0000000000000000,0.0000000000004792,0.0133988242526962,0.0000000000000000,7.8160016147908573,3.0035876459441675,2.017152,-0.007292,-2.0098601458716,1.9852908991802,0,6.4e-12
1.0165346966480975,0.0,0.0000000000000000,-0.0000000000005955,0.0133499034199425,0.0000000000000000,7.8180016147908571,3.0035875757922095,2.020491,0.000440,-2.0209307274013,2.0008882177345,0,1.2e-12
1.0165499353406759,0.0,0.0000000000000000,-0.0000000000022854,0.0133031292742869,0.0000000000000000,7.8200016147908578,3.0035875057203771,2.024136,0.008172,-2.0323082662785,2.0165412865122,0,3.5e-12
1.0165646087545468,0.0,0.0000000000000000,-0.0000000000009357,0.0132582611513495,0.0000000000000000,7.8220016147908575,3.0035874357278405,2.028090,0.015905,-2.0439947825383,2.0322570052007,0,1.8e-12
1.0165787759704443,0.0,0.0000000000000000,-0.0000000000008494,0.0132151007965755,0.0000000000000000,7.8240016147908573,3.0035873658137473,2.032354,0.023639,-2.0559925764810,2.0480423498314,0,1.5e-12
1.0165924863174269,0.0,0.0000000000000000,-0.0000000000001765,0.0131734826346174,0.0000000000000000,7.8260016147908571,3.0035872959772578,2.036931,0.031373,-2.0683038336443,2.0639043636849,0,1.6e-12
1.0166057815015375,0.0,0.0000000000000000,-0.0000000000013042,0.0131332666419734,0.0000000000000000,7.8280016147908578,3.0035872262175261,2.041824,0.039107,-2.0809309649999,2.0798501741435,0,2.7e-12
1.0166186971505793,0.0,0.0000000000000000,-0.0000000000002606,0.0130943331702446,0.0000000000000000,7.8300016147908575,3.0035871565337127,2.047034,0.046842,-2.0938761798585,2.0958869683665,0,3.8e-12
1.0166312640016513,0.0,0.0000000000000000,-0.0000000000005014,0.0130565789703752,0.0000000000000000,7.8320016147908573,3.0035870869249712,2.052565,0.054577,-2.1071418526942,2.1120220155698,0,7.7e-13
1.0166435087856631,0.0,0.0000000000000000,0.0000000000000751,0.0130199142273871,0.0000000000000000,7.8340016147908571,3.0035870173904566,2.058419,0.062311,-2.1207305241943,2.1282626754519,0,6.7e-12
1.0166554549165936,0.0,0.0000000000000000,-0.0000000000006857,0.0129842602493340,0.0000000000000000,7.8360016147908578,3.0035869479293371,2.064599,0.070046,-2.1346444354284,2.1446163534271,0,2.8e-12
1.0166671230650373,0.0,0.0000000000000000,-0.0000000000008394,0.0129495475504132,0.0000000000000000,7.8380016147908576,3.0035868785407547,2.071106,0.077780,-2.1488862681397,2.1610905738643,0,2.0e-12
1.0166785315642097,0.0,0.0000000000000000,-0.0000000000001972,0.0129157144841761,0.0000000000000000,7.8400016147908573,3.0035868092238758,2.077945,0.085514,-2.1634584867241,2.1776929159688,0,2.0e-13
1.0166896967733741,0.0,0.0000000000000000,0.0000000000005795,0.0128827060281188,0.0000000000000000,7.8420016147908571,3.0035867399778571,2.085117,0.093247,-2.1783636385677,2.1944310441224,0,2.6e-12
1.0167006333683908,0.0,0.0000000000000000,0.0000000000005138,0.0128504728099967,0.0000000000000000,7.8440016147908578,3.0035866708018575,2.092625,0.100980,-2.1936043448028,2.2113127084355,0,1.9e-12
1.0167113545764357,0.0,0.0000000000000000,0.0000000000003420,0.0128189703214467,0.0000000000000000,7.8460016147908576,3.0035866016950261,2.100472,0.108712,-2.2091832938615,2.2283457484409,0,2.0e-12
1.0167218723546867,0.0,0.0000000000000000,-0.0000000000004088,0.0127881583153283,0.0000000000000000,7.8480016147908573,3.0035865326565290,2.108660,0.116443,-2.2251031562814,2.2455380801004,0,6.0e-12
1.0167321975714334,0.0,0.0000000000000000,-0.0000000000011195,0.0127580002023935,0.0000000000000000,7.8500016147908571,3.0035864636855205,2.117194,0.124173,-2.2413667519561,2.2628977250623,0,4.1e-12
1.0167423401313402,0.0,0.0000000000000000,0.0000000000006761,0.0127284626289821,0.0000000000000000,7.8520016147908578,3.0035863947811583,2.126075,0.131902,-2.2579768277319,2.2804327718464,0,5.1e-13
1.0167523090970920,0.0,0.0000000000000000,0.0000000000003862,0.0126995150701037,0.0000000000000000,7.8540016147908576,3.0035863259425994,2.135307,0.139629,-2.2749362154382,2.2981514057661,0,1.8e-12
1.0167621127788284,0.0,0.0000000000000000,0.0000000000002201,0.0126711295280061,0.0000000000000000,7.8560016147908573,3.0035862571690015,2.144892,0.147356,-2.2922477914681,2.3160619031459,0,2.7e-12
1.0167717588230383,0.0,0.0000000000000000,0.0000000000009059,0.0126432802345859,0.0000000000000000,7.8580016147908571,3.0035861884595256,2.154834,0.155080,-2.3099143906055,2.3341726112152,0,6.3e-12
1.0167812542967771,0.0,0.0000000000000000,-0.0000000000002815,0.0126159433717575,0.0000000000000000,7.8600016147908578,3.0035861198133196,2.165136,0.162804,-2.3279392547940,2.3524920566620,0,7.3e-13
1.0167906057204446,0.0,0.0000000000000000,0.0000000000002681,0.0125890969548525,0.0000000000000000,7.8620016147908576,3.0035860512295494,2.175800,0.170525,-2.3463252069780,2.3710287521664,0,2.2e-12
1.0167998191465220,0.0,0.0000000000000000,-0.0000000000000051,0.0125627205737193,0.0000000000000000,7.8640016147908574,3.0035859827073716,2.186830,0.178245,-2.3650753229328,2.3897913542938,0,1.6e-12
1.0168089002073191,0.0,0.0000000000000000,0.0000000000003206,0.0125367952329751,0.0000000000000000,7.8660016147908571,3.0035859142459360,2.198230,0.185963,-2.3841928341038,2.4087886460451,0,4.7e-12
1.0168178541351343,0.0,0.0000000000000000,0.0000000000005151,0.0125113032788975,0.0000000000000000,7.8680016147908578,3.0035858458444058,2.210003,0.193678,-2.4036807653706,2.4280294426291,0,3.8e-13
1.0168266858233022,0.0,0.0000000000000000,0.0000000000000320,0.0124862282007960,0.0000000000000000,7.8700016147908576,3.0035857775019341,2.222151,0.201392,-2.4235425382998,2.4475227598705,0,5.3e-12
1.0168353998401898,0.0,0.0000000000000000,0.0000000000005519,0.0124615545793587,0.0000000000000000,7.8720016147908574,3.0035857092176781,2.234678,0.209103,-2.4437812488022,2.4672776035842,0,4.0e-12
1.0168440004654495,0.0,0.0000000000000000,-0.0000000000000726,0.0124372679670677,0.0000000000000000,7.8740016147908571,3.0035856409907935,2.247589,0.216812,-2.4644002708579,2.4873031524552,0,5.7e-13
1.0168524917124602,0.0,0.0000000000000000,-0.0000000000006618,0.0124133548117873,0.0000000000000000,7.8760016147908578,3.0035855728204406,2.260885,0.224518,-2.4854029313631,2.5076086605980,0,1.4e-11
1.0168608773653276,0.0,0.0000000000000000,0.0000000000000244,0.0123898023365705,0.0000000000000000,7.8780016147908576,3.0035855047057667,2.274572,0.232221,-2.5067929569997,2.5282036076546,0,1.4e-12
1.0168691609691982,0.0,0.0000000000000000,0.0000000000012782,0.0123665985645116,0.0000000000000000,7.8800016147908574,3.0035854366459316,2.288652,0.239922,-2.5285736223554,2.5490974156634,0,9.5e-12
1.0168773458655753,0.0,0.0000000000000000,0.0000000000001990,0.0123437322045431,0.0000000000000000,7.8820016147908571,3.0035853686400902,2.303129,0.247620,-2.5507482870579,2.5702996138130,0,8.7e-13
1.0168854352220189,0.0,0.0000000000000000,-0.0000000000000384,0.0123211925547521,0.0000000000000000,7.8840016147908578,3.0035853006873983,2.318007,0.255314,-2.5733208321403,2.5918200223795,0,3.1e-12
1.0168934320206144,0.0,0.0000000000000000,-0.0000000000004101,0.0122989695350428,0.0000000000000000,7.8860016147908576,3.0035852327870090,2.333289,0.263006,-2.5962947354584,2.6136684022943,0,4.3e-12
1.0169013390889809,0.0,0.0000000000000000,0.0000000000001796,0.0122770535871575,0.0000000000000000,7.8880016147908574,3.0035851649380758,2.348980,0.270694,-2.6196738645469,2.6358547638366,0,4.3e-12
1.0169091591019201,0.0,0.0000000000000000,-0.0000000000003240,0.0122554356665617,0.0000000000000000,7.8900016147908572,3.0035850971397542,2.365083,0.278379,-2.6434619396150,2.6583891533907,0,1.6e-12
1.0169168945964076,0.0,0.0000000000000000,0.0000000000000787,0.0122341071932367,0.0000000000000000,7.8920016147908578,3.0035850293911959,2.381602,0.286060,-2.6676625209393,2.6812816332461,0,2.1e-11
1.0169245479929017,0.0,0.0000000000000000,-0.0000000000000952,0.0122130599829346,0.0000000000000000,7.8940016147908576,3.0035849616915513,2.398542,0.293738,-2.6922801007365,2.7045427871176,0,3.0e-12
1.0169321215727933,0.0,0.0000000000000000,0.0000000000000811,0.0121922863147712,0.0000000000000000,7.8960016147908574,3.0035848940399772,2.415906,0.301412,-2.7173181350633,2.7281828245848,0,1.2e-12
1.0169396175210776,0.0,0.0000000000000000,0.0000000000006094,0.0121717787968913,0.0000000000000000,7.8980016147908572,3.0035848264356240,2.433699,0.309082,-2.7427807286310,2.7522123418966,0,8.3e-13
1.0169470379141494,0.0,0.0000000000000000,-0.0000000000004749,0.0121515304023366,0.0000000000000000,7.9000016147908578,3.0035847588776434,2.451924,0.316748,-2.7686720173087,2.7766420622903,0,8.1e-13
1.0169543847314217,0.0,0.0000000000000000,0.0000000000004975,0.0121315344311550,0.0000000000000000,7.9020016147908576,3.0035846913651856,2.470586,0.324410,-2.7949960868915,2.8014827739917,0,1.4e-12
1.0169616598644216,0.0,0.0000000000000000,-0.0000000000000540,0.0121117844805896,0.0000000000000000,7.9040016147908574,3.0035846238974035,2.489689,0.332068,-2.8217571660035,2.8267454395493,0,8.4e-13
1.0169688651167224,0.0,0.0000000000000000,0.0000000000001398,0.0120922744439378,0.0000000000000000,7.9060016147908572,3.0035845564734442,2.509238,0.339721,-2.8489594747705,2.8524411214097,0,3.7e-12
1.0169760022142600,0.0,0.0000000000000000,-0.0000000000000365,0.0120729984768859,0.0000000000000000,7.9080016147908578,3.0035844890924590,2.529237,0.347370,-2.8766073695540,2.8785810504732,0,8.3e-12
1.0169830728090099,0.0,0.0000000000000000,-0.0000000000003241,0.0120539509851078,0.0000000000000000,7.9100016147908576,3.0035844217535965,2.549691,0.355014,-2.9047053380630,2.9051766355765,0,9.8e-13
1.0169900784795842,0.0,0.0000000000000000,-0.0000000000002786,0.0120351266210483,0.0000000000000000,7.9120016147908574,3.0035843544560032,2.570604,0.362654,-2.9332577031095,2.9322392983990,0,2.4e-12
1.0169970207386638,0.0,0.0000000000000000,0.0000000000001242,0.0120165202596477,0.0000000000000000,7.9140016147908572,3.0035842871988327,2.591981,0.370289,-2.9622690647897,2.9597807196019,0,2.4e-12
1.0170039010381713,0.0,0.0000000000000000,-0.0000000000000349,0.0119981269815368,0.0000000000000000,7.9160016147908578,3.0035842199812328,2.613826,0.377918,-2.9917439876404,2.9878126583176,0,2.4e-12
1.0170107207761911,0.0,0.0000000000000000,0.0000000000001564,0.0119799420515756,0.0000000000000000,7.9180016147908576,3.0035841528023326,2.636144,0.385543,-3.0216871887938,3.0163470791053,0,1.3e-12
1.0170174812839874,0.0,0.0000000000000000,0.0000000000005913,0.0119619609553968,0.0000000000000000,7.9200016147908574,3.0035840856612963,2.658941,0.393163,-3.0521033079570,3.0453959973834,0,8.5e-12
1.0170241838511676,0.0,0.0000000000000000,-0.0000000000005724,0.0119441793236438,0.0000000000000000,7.9220016147908572,3.0035840185572651,2.682221,0.400777,-3.0829973617347,3.0749717764667,0,1.4e-12
1.0170341317469083,0.0,0.0000000000000000,0.0000000000000000,0.0119178717730114,0.0000000000000000,7.9250016147908573,3.0035839179687298,2.718057,0.412188,-3.1302449194816,3.1203502183596,0,5.4e-13
1.0170439560148314,0.0,0.0000000000000000,0.0000000000000000,0.0118919901718546,0.0000000000000000,7.9280016147908574,3.0035838174586389,2.755009,0.423586,-3.1785953770627,3.1669842990218,0,4.3e-12
1.0170536604096083,0.0,0.0000000000000000,0.0000000000000000,0.0118665217891220,0.0000000000000000,7.9310016147908575,3.0035837170240960,2.793094,0.434972,-3.2280658195453,3.2149172189668,0,6.4e-13
1.0170632484837698,0.0,0.0000000000000000,0.0000000000000000,0.0118414545774467,0.0000000000000000,7.9340016147908567,3.0035836166622061,2.832330,0.446344,-3.2786739091369,3.2641931428146,0,2.0e-12
1.0170727236029866,0.0,0.0000000000000000,0.0000000000000000,0.0118167771220365,0.0000000000000000,7.9370016147908569,3.0035835163700670,2.872736,0.457702,-3.3304376677740,3.3148570610272,0,2.3e-12
1.0170820889552350,0.0,0.0000000000000000,0.0000000000000000,0.0117924786083830,0.0000000000000000,7.9400016147908570,3.0035834161447728,2.914329,0.469046,-3.3833753168841,3.3669546578865,0,3.3e-12
1.0170913475715229,0.0,0.0000000000000000,0.0000000000000000,0.0117685487548028,0.0000000000000000,7.9430016147908571,3.0035833159834140,2.957130,0.480375,-3.4375058390236,3.4205327926760,0,6.2e-13
1.0171005023284541,0.0,0.0000000000000000,0.0000000000000000,0.0117449778012077,0.0000000000000000,7.9460016147908572,3.0035832158830766,3.001159,0.491690,-3.4928483501389,3.4756389812386,0,3.0e-12
1.0171095559645547,0.0,0.0000000000000000,0.0000000000000000,0.0117217564562643,0.0000000000000000,7.9490016147908573,3.0035831158408342,3.046434,0.502989,-3.5494224562019,3.5323217197578,0,3.4e-13
1.0171185110879972,0.0,0.0000000000000000,0.0000000000000000,0.0116988758698999,0.0000000000000000,7.9520016147908574,3.0035830158537702,3.092977,0.514272,-3.6072483880091,3.5906306141088,0,4.4e-12
1.0171273701818970,0.0,0.0000000000000000,0.0000000000000000,0.0116763276152918,0.0000000000000000,7.9550016147908575,3.0035829159189538,3.140808,0.525539,-3.6663464771120,3.6506159186173,0,4.3e-12
1.0171361356189872,0.0,0.0000000000000000,0.0000000000000000,0.0116541036412137,0.0000000000000000,7.9580016147908568,3.0035828160334503,3.189949,0.536789,-3.7267379541647,3.7123292992757,0,7.1e-12
1.0171448096633129,0.0,0.0000000000000000,0.0000000000000000,0.0116321962645706,0.0000000000000000,7.9610016147908569,3.0035827161943196,3.240422,0.548022,-3.7884443034416,3.7758232130463,0,4.8e-12
1.0171533944758364,0.0,0.0000000000000000,0.0000000000000000,0.0116105981509983,0.0000000000000000,7.9640016147908570,3.0035826163986159,3.292249,0.559238,-3.8514872326677,3.8411509271389,0,1.9e-12
1.0171618921266026,0.0,0.0000000000000000,0.0000000000000000,0.0115893022757626,0.0000000000000000,7.9670016147908571,3.0035825166433923,3.345453,0.570436,-3.9158893725428,3.9083671826356,0,4.0e-12
1.0171703045970013,0.0,0.0000000000000000,0.0000000000000000,0.0115683019154713,0.0000000000000000,7.9700016147908563,3.0035824169256879,3.400058,0.581616,-3.9816737487866,3.9775277145014,0,7.2e-12
1.0171786337811490,0.0,0.0000000000000000,0.0000000000000000,0.0115475906413513,0.0000000000000000,7.9730016147908565,3.0035823172425435,3.456086,0.592777,-4.0488635867772,4.0486890486953,0,2.7e-12
1.0171868814984779,0.0,0.0000000000000000,0.0000000000000000,0.0115271622800139,0.0000000000000000,7.9760016147908566,3.0035822175909903,3.513564,0.603919,-4.1174830404453,4.1219092616642,0,5.3e-12
1.0171950494941679,0.0,0.0000000000000000,0.0000000000000000,0.0115070109104356,0.0000000000000000,7.9790016147908567,3.0035821179680506,3.572514,0.615042,-4.1875565647254,4.1972473321314,0,9.1e-12
1.0172031394384797,0.0,0.0000000000000000,0.0000000000000000,0.0114871308640719,0.0000000000000000,7.9820016147908568,3.0035820183707491,3.632964,0.626145,-4.2591091586703,4.2747634790017,0,6.1e-12
1.0172111529391679,0.0,0.0000000000000000,0.0000000000000000,0.0114675166868087,0.0000000000000000,7.9850016147908569,3.0035819187960904,3.694938,0.637228,-4.3321662587594,4.3545189312519,0,2.1e-11
1.0172190915488768,0.0,0.0000000000000000,0.0000000000000000,0.0114481631142999,0.0000000000000000,7.9880016147908570,3.0035818192410937,3.758464,0.648291,-4.4067547324335,4.4365772168178,0,7.9e-14
1.0172269567444103,0.0,0.0000000000000000,0.0000000000000000,0.0114290651345066,0.0000000000000000,7.9910016147908571,3.0035817197027441,3.823569,0.659332,-4.4829006471496,4.5210014974383,0,1.2e-12
1.0172347499594030,0.0,0.0000000000000000,0.0000000000000000,0.0114102178869109,0.0000000000000000,7.9940016147908564,3.0035816201780392,3.890279,0.670352,-4.5606316189071,4.6078573735171,0,2.6e-12
1.0172424725690261,0.0,0.0000000000000000,0.0000000000000000,0.0113916167082544,0.0000000000000000,7.9970016147908565,3.0035815206639627,3.958625,0.681351,-4.6399755049761,4.6972113331856,0,1.4e-12
1.0172501258997528,0.0,0.0000000000000000,0.0000000000000000,0.0113732571017073,0.0000000000000000,8.0000016147908575,3.0035814211574929,4.028634,0.692327,-4.7209609688588,4.7891314656481,0,5.6e-12
1.0172577112281076,0.0,0.0000000000000000,0.0000000000000000,0.0113551347400906,0.0000000000000000,8.0030016147908576,3.0035813216555978,4.100337,0.703281,-4.8036170959972,4.8836869904156,0,3.4e-12
1.0172652297867808,0.0,0.0000000000000000,0.0000000000000000,0.0113372454462090,0.0000000000000000,8.0060016147908559,3.0035812221552405,4.173762,0.714211,-4.8879737304047,4.9809486570412,0,1.5e-12
1.0172726827655054,0.0,0.0000000000000000,0.0000000000000000,0.0113195851896886,0.0000000000000000,8.0090016147908560,3.0035811226533737,4.248942,0.725119,-4.9740614672989,5.0809888538061,0,1.8e-12
1.0172800713092240,0.0,0.0000000000000000,0.0000000000000000,0.0113021500912628,0.0000000000000000,8.0120016147908562,3.0035810231469466,4.325908,0.736003,-5.0619113893867,5.1838812141437,0,6.7e-12
1.0172873965287295,0.0,0.0000000000000000,0.0000000000000000,0.0112849363908195,0.0000000000000000,8.0150016147908563,3.0035809236328928,4.404693,0.746863,-5.1515554349758,5.2897009990494,0,1.2e-12
1.0172946594923611,0.0,0.0000000000000000,0.0000000000000000,0.0112679404708395,0.0000000000000000,8.0180016147908564,3.0035808241081416,4.485328,0.757698,-5.2430260602440,5.3985249700158,0,1.6e-12
1.0173018612345635,0.0,0.0000000000000000,0.0000000000000000,0.0112511588301835,0.0000000000000000,8.0210016147908565,3.0035807245696184,4.567848,0.768509,-5.3363565350464,5.5104314385682,0,5.1e-12
1.0173090027557592,0.0,0.0000000000000000,0.0000000000000000,0.0112345880843675,0.0000000000000000,8.0240016147908566,3.0035806250142332,4.652287,0.779294,-5.4315808275711,5.6255004066613,0,3.6e-12
1.0173160850228231,0.0,0.0000000000000000,0.0000000000000000,0.0112182249626189,0.0000000000000000,8.0270016147908567,3.0035805254388976,4.738680,0.790054,-5.5287338304093,5.7438137816212,0,1.9e-11
1.0173231089728485,0.0,0.0000000000000000,0.0000000000000000,0.0112020662986494,0.0000000000000000,8.0300016147908568,3.0035804258404708,4.827063,0.800788,-5.6278506134572,5.8654541715249,0,3.7e-12
1.0173300755132573,0.0,0.0000000000000000,0.0000000000000000,0.0111861090246591,0.0000000000000000,8.0330016147908569,3.0035803262158747,4.917472,0.811496,-5.7289680003065,5.9905076422901,0,1.5e-11
1.0173369855178918,0.0,0.0000000000000000,0.0000000000000000,0.0111703501872652,0.0000000000000000,8.0360016147908571,3.0035802265619749,5.009946,0.822177,-5.8321225189541,6.1190600882191,0,4.5e-12
1.0173438398403920,0.0,0.0000000000000000,0.0000000000000000,0.0111547869056348,0.0000000000000000,8.0390016147908572,3.0035801268756317,5.104522,0.832830,-5.9373523829088,6.2512007777537,0,3.1e-12
1.0173506393039637,0.0,0.0000000000000000,0.0000000000000000,0.0111394164007062,0.0000000000000000,8.0420016147908573,3.0035800271537036,5.201240,0.843457,-6.0446961891364,6.3870200750269,0,6.5e-13
1.0173573847076247,0.0,0.0000000000000000,0.0000000000000000,0.0111242359769375,0.0000000000000000,8.0450016147908574,3.0035799273930368,5.300138,0.854055,-6.1541936005928,6.5266105797042,0,1.3e-11
1.0173640768245176,0.0,0.0000000000000000,0.0000000000000000,0.0111092430265557,0.0000000000000000,8.0480016147908575,3.0035798275904657,5.401259,0.864625,-6.2658846715515,6.6700660131949,0,2.3e-12
1.0173707164079508,0.0,0.0000000000000000,0.0000000000000000,0.0110944350116362,0.0000000000000000,8.0510016147908576,3.0035797277428133,5.504644,0.875167,-6.3798109812415,6.8174831925245,0,1.8e-12
1.0173773041865501,0.0,0.0000000000000000,0.0000000000000000,0.0110798094773298,0.0000000000000000,8.0540016147908560,3.0035796278468982,5.610335,0.885680,-6.4960146465312,6.9689604222820,1,1.5e-12
1.0173838408674698,0.0,0.0000000000000000,0.0000000000000000,0.0110653640427865,0.0000000000000000,8.0570016147908561,3.0035795278995212,5.718375,0.896163,-6.6145386913044,7.1245978655351,1,6.3e-13
1.0173903271384208,0.0,0.0000000000000000,0.0000000000000000,0.0110510963941564,0.0000000000000000,8.0600016147908562,3.0035794278974777,5.828810,0.906617,-6.7354272016599,7.2844981515167,1,1.3e-12
1.0173967636668952,0.0,0.0000000000000000,0.0000000000000000,0.0110370042870877,0.0000000000000000,8.0630016147908563,3.0035793278375480,5.941685,0.917041,-6.8587251487220,7.4487659077493,1,2.8e-12
1.0174031511013053,0.0,0.0000000000000000,0.0000000000000000,0.0110230855425384,0.0000000000000000,8.0660016147908564,3.0035792277165019,6.057045,0.927434,-6.9844785197159,7.6175080053959,1,2.1e-12
1.0174094900724620,0.0,0.0000000000000000,0.0000000000000000,0.0110093380423911,0.0000000000000000,8.0690016147908565,3.0035791275311010,6.174938,0.937796,-7.1127344177712,7.7908338554301,1,1.4e-11
1.0174157811901519,0.0,0.0000000000000000,0.0000000000000000,0.0109957597391348,0.0000000000000000,8.0720016147908566,3.0035790272780898,6.295413,0.948127,-7.2435404070827,7.9688540151347,1,2.6e-12
1.0174220250499804,0.0,0.0000000000000000,0.0000000000000000,0.0109823486354205,0.0000000000000000,8.0750016147908568,3.0035789269542028,6.418518,0.958427,-7.3769454977028,8.1516820944106,1,3.6e-11
1.0174282222392124,0.0,0.0000000000000000,0.0000000000000000,0.0109691027667298,0.0000000000000000,8.0780016147908569,3.0035788265561747,6.544306,0.968695,-7.5130010135535,8.3394369419582,1,1.8e-11
1.0174343733091109,0.0,0.0000000000000000,0.0000000000000000,0.0109560202822315,0.0000000000000000,8.0810016147908570,3.0035787260807005,6.672826,0.978931,-7.6517565353533,8.5322337481591,1,1.1e-11
1.0174404788139746,0.0,0.0000000000000000,0.0000000000000000,0.0109430993299072,0.0000000000000000,8.0840016147908571,3.0035786255244883,6.804131,0.989134,-7.7932650363186,8.7301950888468,1,4.3e-12
1.0174465392863454,0.0,0.0000000000000000,0.0000000000000000,0.0109303381291177,0.0000000000000000,8.0870016147908572,3.0035785248842237,6.938276,0.999304,-7.9375799419640,8.9334446350102,1,2.3e-12
1.0174525552453479,0.0,0.0000000000000000,0.0000000000000000,0.0109177349459989,0.0000000000000000,8.0900016147908573,3.0035784241565797,7.075316,1.009440,-8.0847558109657,9.1421085579373,1,3.0e-12
1.0174585271957046,0.0,0.0000000000000000,0.0000000000000000,0.0109052880959051,0.0000000000000000,8.0930016147908574,3.0035783233382145,7.215305,1.019543,-8.2348483705661,9.3563158384788,1,1.7e-12
1.0174644556300132,0.0,0.0000000000000000,0.0000000000000000,0.0108929959366435,0.0000000000000000,8.0960016147908576,3.0035782224257779,7.358302,1.029612,-8.3879146505357,9.5761982851481,1,4.7e-12
1.0174703410263264,0.0,0.0000000000000000,0.0000000000000000,0.0108808568751174,0.0000000000000000,8.0990016147908577,3.0035781214159059,7.504366,1.039647,-8.5440126407272,9.8018898194989,1,9.0e-12
1.0174761838540065,0.0,0.0000000000000000,0.0000000000000000,0.0108688693509157,0.0000000000000000,8.1020016147908560,3.0035780203052140,7.653556,1.049647,-8.7032023122129,10.0335289811728,1,1.2e-11
1.0174819845645291,0.0,0.0000000000000000,0.0000000000000000,0.0108570318612660,0.0000000000000000,8.1050016147908561,3.0035779190903145,7.805932,1.059611,-8.8655437438122,10.2712544681371,1,3.1e-12
1.0174877436038487,0.0,0.0000000000000000,0.0000000000000000,0.0108453429267293,0.0000000000000000,8.1080016147908562,3.0035778177677948,7.961559,1.069541,-9.0310994927139,10.5152105990033,1,1.2e-12
1.0174934614023410,0.0,0.0000000000000000,0.0000000000000000,0.0108338011187604,0.0000000000000000,8.1110016147908564,3.0035777163342368,8.120499,1.079434,-9.1999327739288,10.7655431515708,1,3.4e-12
1.0174991383831156,0.0,0.0000000000000000,0.0000000000000000,0.0108224050362899,0.0000000000000000,8.1140016147908565,3.0035776147862050,8.282817,1.089291,-9.3721086224507,11.0224021621978,1,1.5e-11
1.0175047749531352,0.0,0.0000000000000000,0.0000000000000000,0.0108111533309352,0.0000000000000000,8.1170016147908566,3.0035775131202440,8.448580,1.099112,-9.5476927403555,11.2859389702835,1,7.3e-12
1.0175103715156217,0.0,0.0000000000000000,0.0000000000000000,0.0108000446707975,0.0000000000000000,8.1200016147908567,3.0035774113328939,8.617857,1.108896,-9.7267529811415,11.5563097143556,1,5.1e-12
1.0175159284602406,0.0,0.0000000000000000,0.0000000000000000,0.0107890777690948,0.0000000000000000,8.1230016147908568,3.0035773094206735,8.790715,1.118643,-9.9093585757816,11.8336740223272,1,3.1e-12
1.0175214461673388,0.0,0.0000000000000000,0.0000000000000000,0.0107782513713818,0.0000000000000000,8.1260016147908569,3.0035772073800868,8.967227,1.128353,-10.0955799283647,12.1181938028832,1,4.5e-12
1.0175269250094670,0.0,0.0000000000000000,0.0000000000000000,0.0107675642512029,0.0000000000000000,8.1290016147908570,3.0035771052076252,9.147465,1.138024,-10.2854892460129,12.4100354001327,1,6.3e-13
1.0175323653476587,0.0,0.0000000000000000,0.0000000000000000,0.0107570152207117,0.0000000000000000,8.1320016147908571,3.0035770028997599,9.331503,1.147657,-10.4791600709654,12.7093677963505,1,2.9e-12
1.0175377675355159,0.0,0.0000000000000000,0.0000000000000000,0.0107466031183935,0.0000000000000000,8.1350016147908573,3.0035769004529529,9.519415,1.157252,-10.6766674725862,13.0163633051199,1,1.7e-11
1.0175431319214443,0.0,0.0000000000000000,0.0000000000000000,0.0107363268039308,0.0000000000000000,8.1380016147908574,3.0035767978636301,9.711281,1.166808,-10.8780889944148,13.3312007962170,1,1.1e-11
1.0175484588363661,0.0,0.0000000000000000,0.0000000000000000,0.0107261851893235,0.0000000000000000,8.1410016147908575,3.0035766951282534,9.907178,1.176325,-11.0835023722601,13.6540585581878,1,6.4e-12
1.0175537486129704,0.0,0.0000000000000000,0.0000000000000000,0.0107161771901300,0.0000000000000000,8.1440016147908576,3.0035765922431983,10.107186,1.185802,-11.2929880810339,13.9851208043731,1,7.8e-12
1.0175590015720617,0.0,0.0000000000000000,0.0000000000000000,0.0107063017584812,0.0000000000000000,8.1470016147908559,3.0035764892048715,10.311389,1.195239,-11.5066283557243,14.3245772682449,1,1.0e-12
1.0175642180256408,0.0,0.0000000000000000,0.0000000000000000,0.0106965578768539,0.0000000000000000,8.1500016147908561,3.0035763860096489,10.519870,1.204636,-11.7245066443049,14.6726187193178,1,2.2e-12
1.0175693982812173,0.0,0.0000000000000000,0.0000000000000000,0.0106869445455910,0.0000000000000000,8.1530016147908562,3.0035762826538863,10.732716,1.213993,-11.9467086730241,15.0294423044235,1,6.8e-12
1.0175745426358922,0.0,0.0000000000000000,0.0000000000000000,0.0106774607988099,0.0000000000000000,8.1560016147908563,3.0035761791339275,10.950013,1.223309,-12.1733215541443,15.3952474220750,1,5.2e-13
1.0175796513822424,0.0,0.0000000000000000,0.0000000000000000,0.0106681056881111,0.0000000000000000,8.1590016147908564,3.0035760754461012,11.171851,1.232583,-12.4044348053360,15.7702393781505,1,1.8e-12
1.0175847248048548,0.0,0.0000000000000000,0.0000000000000000,0.0106588782925224,0.0000000000000000,8.1620016147908565,3.0035759715867085,11.398323,1.241817,-12.6401395473199,16.1546269392525,1,6.0e-12
1.0175897631823778,0.0,0.0000000000000000,0.0000000000000000,0.0106497777118535,0.0000000000000000,8.1650016147908566,3.0035758675520432,11.629521,1.251008,-12.8805289323717,16.5486233541493,1,1.0e-11
1.0175947667866767,0.0,0.0000000000000000,0.0000000000000000,0.0106408030700576,0.0000000000000000,8.1680016147908567,3.0035757633383677,11.865541,1.260157,-13.1256980898587,16.9524465573459,1,9.7e-12
1.0175997358822049,0.0,0.0000000000000000,0.0000000000000000,0.0106319535147721,0.0000000000000000,8.1710016147908568,3.0035756589419536,12.106480,1.269264,-13.3757441957352,17.3663186094708,1,1.8e-12
1.0176046707296007,0.0,0.0000000000000000,0.0000000000000000,0.0106232282105149,0.0000000000000000,8.1740016147908570,3.0035755543590184,12.352439,1.278328,-13.6307667696323,17.7904676718897,1,1.3e-12
1.0176095715817701,0.0,0.0000000000000000,0.0000000000000000,0.0106146263463177,0.0000000000000000,8.1770016147908571,3.0035754495857843,12.603518,1.287349,-13.8908671624999,18.2251251593199,1,1.4e-12
1.0176144386864792,0.0,0.0000000000000000,0.0000000000000000,0.0106061471301972,0.0000000000000000,8.1800016147908572,3.0035753446184472,12.859823,1.296326,-14.1561490289431,18.6705281171233,1,1.9e-12
1.0176192722859396,0.0,0.0000000000000000,0.0000000000000000,0.0105977897896090,0.0000000000000000,8.1830016147908573,3.0035752394531854,13.121458,1.305260,-14.4267184493791,19.1269188980309,1,2.1e-11
1.0176240726150538,0.0,0.0000000000000000,0.0000000000000000,0.0105895535763227,0.0000000000000000,8.1860016147908574,3.0035751340861565,13.388533,1.314150,-14.7026830913790,19.5945428402353,1,3.8e-12
1.0176288399063129,0.0,0.0000000000000000,0.0000000000000000,0.0105814377528092,0.0000000000000000,8.1890016147908575,3.0035750285135006,13.661158,1.322996,-14.9841539696868,20.0736537654299,1,5.4e-12
1.0176335743856146,0.0,0.0000000000000000,0.0000000000000000,0.0105734416033117,0.0000000000000000,8.1920016147908576,3.0035749227313446,13.939447,1.331797,-15.2712439258771,20.5645096754706,1,2.4e-11
1.0176382762722314,0.0,0.0000000000000000,0.0000000000000000,0.0105655644356184,0.0000000000000000,8.1950016147908560,3.0035748167357670,14.223515,1.340553,-15.5640680287539,21.0673720329741,1,2.7e-11
1.0176429457817846,0.0,0.0000000000000000,0.0000000000000000,0.0105578055694653,0.0000000000000000,8.1980016147908561,3.0035747105228663,14.513481,1.349263,-15.8627440161449,21.5825096076284,1,1.1e-11
1.0176475831254004,0.0,0.0000000000000000,0.0000000000000000,0.0105501643419453,0.0000000000000000,8.2010016147908562,3.0035746040886946,14.809464,1.357929,-16.1673924727741,22.1101966879121,1,4.8e-12
1.0176521885091587,0.0,0.0000000000000000,0.0000000000000000,0.0105426401072741,0.0000000000000000,8.2040016147908563,3.0035744974292928,15.111588,1.366548,-16.4781364008113,22.6507140780330,1,7.1e-12
1.0176567621345560,0.0,0.0000000000000000,0.0000000000000000,0.0105352322360637,0.0000000000000000,8.2070016147908564,3.0035743905406775,15.419980,1.375122,-16.7951014240985,23.2043473810810,1,3.2e-12
1.0176613041968354,0.0,0.0000000000000000,0.0000000000000000,0.0105279401196721,0.0000000000000000,8.2100016147908566,3.0035742834188426,15.734767,1.383649,-17.1184155940232,23.7713878622499,1,2.2e-12
1.0176658148889586,0.0,0.0000000000000000,0.0000000000000000,0.0105207631590478,0.0000000000000000,8.2130016147908567,3.0035741760597663,16.056081,1.392129,-17.4482101356742,24.3521337128468,1,3.7e-12
1.0176702943993865,0.0,0.0000000000000000,0.0000000000000000,0.0105137007710147,0.0000000000000000,8.2160016147908568,3.0035740684594012,16.384057,1.400562,-17.7846189984033,24.9468897636962,1,1.7e-11
1.0176747429094095,0.0,0.0000000000000000,0.0000000000000000,0.0105067523953107,0.0000000000000000,8.2190016147908569,3.0035739606136791,16.718831,1.408948,-18.1277786554151,25.5559650127469,1,7.3e-12
1.0176791606001305,0.0,0.0000000000000000,0.0000000000000000,0.0104999174757567,0.0000000000000000,8.2220016147908570,3.0035738525185098,17.060543,1.417287,-18.4778291050701,26.1796779543793,1,6.5e-12
1.0176835476464052,0.0,0.0000000000000000,0.0000000000000000,0.0104931954761766,0.0000000000000000,8.2250016147908571,3.0035737441697834,17.409336,1.425577,-18.8349130538710,26.8183522620218,1,1.2e-11
1.0176879042226643,0.0,0.0000000000000000,0.0000000000000000,0.0104865858649398,0.0000000000000000,8.2280016147908572,3.0035736355633684,17.765357,1.433820,-19.1991773323004,27.4723222954457,1,1.4e-10
1.0176922304856912,0.0,0.0000000000000000,0.0000000000000000,0.0104800881622600,0.0000000000000000,8.2310016147908573,3.0035735266950905,18.128754,1.442014,-19.5707675535672,28.1419121576209,1,5.4e-12
1.0176965266094617,0.0,0.0000000000000000,0.0000000000000000,0.0104737018433100,0.0000000000000000,8.2340016147908575,3.0035734175607924,18.499680,1.450159,-19.9498393540986,28.8274802858708,1,1.4e-11
1.0177007927499591,0.0,0.0000000000000000,0.0000000000000000,0.0104674264365178,0.0000000000000000,8.2370016147908576,3.0035733081562612,18.878291,1.458256,-20.3365466465145,29.5293723349703,1,1.6e-11
1.0177050290642717,0.0,0.0000000000000000,0.0000000000000000,0.0104612614698468,0.0000000000000000,8.2400016147908559,3.0035731984772722,19.264746,1.466303,-20.7310488738694,30.2479503787403,1,4.7e-12
1.0177092357039474,0.0,0.0000000000000000,0.0000000000000000,0.0104552064893781,0.0000000000000000,8.2430016147908560,3.0035730885195768,19.659207,1.474300,-21.1335076831464,30.9835780454181,1,1.0e-13
1.0177134128180041,0.0,0.0000000000000000,0.0000000000000000,0.0104492610510110,0.0000000000000000,8.2460016147908561,3.0035729782789002,20.061841,1.482248,-21.5440889823995,31.7366309034275,1,6.1e-12
1.0177175605524857,0.0,0.0000000000000000,0.0000000000000000,0.0104434247215500,0.0000000000000000,8.2490016147908563,3.0035728677509486,20.472816,1.490146,-21.9629620371350,32.5074898310658,1,8.0e-12
1.0177216790487469,0.0,0.0000000000000000,0.0000000000000000,0.0104376970833359,0.0000000000000000,8.2520016147908564,3.0035727569313995,20.892306,1.497994,-22.3902995668608,33.2965455721258,1,7.4e-12
1.0177257684463175,0.0,0.0000000000000000,0.0000000000000000,0.0104320777265100,0.0000000000000000,8.2550016147908565,3.0035726458159102,21.320488,1.505791,-22.8262784348832,34.1041953825215,1,1.4e-11
1.0177298288797723,0.0,0.0000000000000000,0.0000000000000000,0.0104265662576628,0.0000000000000000,8.2580016147908566,3.0035725344001039,21.757542,1.513537,-23.2710787807336,34.9308452323421,1,6.3e-12
1.0177338604823229,0.0,0.0000000000000000,0.0000000000000000,0.0104211622891828,0.0000000000000000,8.2610016147908567,3.0035724226795932,22.203653,1.521232,-23.7248852574878,35.7769100638514,1,1.4e-11
1.0177378633834926,0.0,0.0000000000000000,0.0000000000000000,0.0104158654467928,0.0000000000000000,8.2640016147908568,3.0035723106499517,22.659010,1.528876,-24.1878860075145,36.6428133843845,1,3.0e-11
1.0177418377078367,0.0,0.0000000000000000,0.0000000000000000,0.0104106753711385,0.0000000000000000,8.2670016147908569,3.0035721983067507,23.123805,1.536468,-24.6602729573440,37.5289859151176,1,1.8e-11
1.0177457835799735,0.0,0.0000000000000000,0.0000000000000000,0.0104055917070423,0.0000000000000000,8.2700016147908570,3.0035720856455002,23.598235,1.544008,-25.1422428547062,38.4358684352381,1,3.8e-12
1.0177497011205503,0.0,0.0000000000000000,0.0000000000000000,0.0104006141110767,0.0000000000000000,8.2730016147908572,3.0035719726617165,24.082500,1.551496,-25.6339966636239,39.3639120248233,1,2.3e-12
1.0177535904460691,0.0,0.0000000000000000,0.0000000000000000,0.0103957422541980,0.0000000000000000,8.2760016147908573,3.0035718593508767,24.576807,1.558932,-26.1357391309034,40.3135760805242,1,1.3e-11
1.0177574516709538,0.0,0.0000000000000000,0.0000000000000000,0.0103909758154265,0.0000000000000000,8.2790016147908574,3.0035717457084288,25.081364,1.566315,-26.6476795116350,41.2853275309556,1,1.1e-11
1.0177612849071103,0.0,0.0000000000000000,0.0000000000000000,0.0103863144828220,0.0000000000000000,8.2820016147908575,3.0035716317298027,25.596386,1.573646,-27.1700316989386,42.2796439858504,1,1.8e-11
1.0177650902644524,0.0,0.0000000000000000,0.0000000000000000,0.0103817579523263,0.0000000000000000,8.2850016147908576,3.0035715174103981,26.122092,1.580923,-27.7030146346165,43.2970169373938,1,9.0e-13
1.0177688678482406,0.0,0.0000000000000000,0.0000000000000000,0.0103773059347558,0.0000000000000000,8.2880016147908560,3.0035714027455866,26.658704,1.588147,-28.2468511791254,44.3379413917416,1,8.4e-12
1.0177726177625521,0.0,0.0000000000000000,0.0000000000000000,0.0103729581465191,0.0000000000000000,8.2910016147908561,3.0035712877307157,27.206452,1.595317,-28.8017692274398,45.4029260307111,1,6.1e-12
1.0177763401087205,0.0,0.0000000000000000,0.0000000000000000,0.0103687143136360,0.0000000000000000,8.2940016147908562,3.0035711723611027,27.765568,1.602434,-29.3680018873257,46.4924905824985,1,1.9e-11
1.0177800349850092,0.0,0.0000000000000000,0.0000000000000000,0.0103645741726318,0.0000000000000000,8.2970016147908563,3.0035710566320417,28.336290,1.609497,-29.9457869110520,47.6071624495980,1,1.8e-11
1.0177837024875573,0.0,0.0000000000000000,0.0000000000000000,0.0103605374681301,0.0000000000000000,8.3000016147908564,3.0035709405387934,28.918862,1.616505,-30.5353672916748,48.7474810959017,1,3.1e-12
1.0177873427109640,0.0,0.0000000000000000,0.0000000000000000,0.0103566039509624,0.0000000000000000,8.3030016147908565,3.0035708240765961,29.513533,1.623459,-31.1369916998500,49.9140020797503,1,4.6e-11
1.0177909557440667,0.0,0.0000000000000000,0.0000000000000000,0.0103527733895628,0.0000000000000000,8.3060016147908566,3.0035707072406574,30.120555,1.630358,-31.7509125054505,51.1072799140051,1,1.3e-11
1.0177945416787035,0.0,0.0000000000000000,0.0000000000000000,0.0103490455466396,0.0000000000000000,8.3090016147908567,3.0035705900261589,30.740188,1.637202,-32.3773902126714,52.3278951991452,1,9.9e-12
1.0177981005993790,0.0,0.0000000000000000,0.0000000000000000,0.0103454202065227,0.0000000000000000,8.3120016147908569,3.0035704724282506,31.372697,1.643991,-33.0166881339482,53.5764297504869,1,2.9e-12
1.0178016325912884,0.0,0.0000000000000000,0.0000000000000000,0.0103418971538892,0.0000000000000000,8.3150016147908570,3.0035703544420556,32.018353,1.650725,-33.6690772405012,54.8534808531400,1,8.2e-12
1.0178051377365358,0.0,0.0000000000000000,0.0000000000000000,0.0103384761837088,0.0000000000000000,8.3180016147908571,3.0035702360626697,32.677431,1.657403,-34.3348333302516,56.1596584732520,1,4.1e-13
1.0178086161146707,0.0,0.0000000000000000,0.0000000000000000,0.0103351570997900,0.0000000000000000,8.3210016147908572,3.0035701172851565,33.350214,1.664025,-35.0142383283340,57.4955831021960,1,1.8e-12
1.0178120678029607,0.0,0.0000000000000000,0.0000000000000000,0.0103319397142310,0.0000000000000000,8.3240016147908573,3.0035699981045503,34.036989,1.670591,-35.7075802448979,58.8618875624256,1,1.6e-11
1.0178154928777836,0.0,0.0000000000000000,0.0000000000000000,0.0103288238432312,0.0000000000000000,8.3270016147908574,3.0035698785158602,34.738052,1.677101,-36.4151530779993,60.2592223682043,1,4.0e-12
1.0178188914121142,0.0,0.0000000000000000,0.0000000000000000,0.0103258093141324,0.0000000000000000,8.3300016147908575,3.0035697585140633,35.453703,1.683555,-37.1372576495875,61.6882439398875,1,9.7e-12
1.0178222634774019,0.0,0.0000000000000000,0.0000000000000000,0.0103228959605096,0.0000000000000000,8.3330016147908559,3.0035696380941022,36.184249,1.689951,-37.8742006745041,63.1496259279625,1,2.4e-11
1.0178256091424127,0.0,0.0000000000000000,0.0000000000000000,0.0103200836244983,0.0000000000000000,8.3360016147908560,3.0035695172508996,36.930004,1.696292,-38.6262952002318,64.6440530879821,1,5.7e-12
1.0178289284752382,0.0,0.0000000000000000,0.0000000000000000,0.0103173721524427,0.0000000000000000,8.3390016147908561,3.0035693959793379,37.691288,1.702575,-39.3938621127996,66.1722282979169,1,6.2e-13
1.0178322215408067,0.0,0.0000000000000000,0.0000000000000000,0.0103147614007118,0.0000000000000000,8.3420016147908562,3.0035692742742737,38.468428,1.708800,-40.1772280570142,67.7348633948825,1,1.7e-11
1.0178354884035583,0.0,0.0000000000000000,0.0000000000000000,0.0103122512287115,0.0000000000000000,8.3450016147908563,3.0035691521305359,39.261759,1.714969,-40.9767275829694,69.3326905653540,1,3.2e-11
1.0178387291231545,0.0,0.0000000000000000,0.0000000000000000,0.0103098415104317,0.0000000000000000,8.3480016147908565,3.0035690295429176,40.071621,1.721080,-41.7927009523057,70.9664472713160,1,1.2e-11
1.0178419437612078,0.0,0.0000000000000000,0.0000000000000000,0.0103075321170475,0.0000000000000000,8.3510016147908566,3.0035689065061750,40.898365,1.727132,-42.6254975601358,72.6368943969444,1,2.2e-11
1.0178451323741120,0.0,0.0000000000000000,0.0000000000000000,0.0103053229343229,0.0000000000000000,8.3540016147908567,3.0035687830150484,41.742345,1.733127,-43.4754727426054,74.3448029719099,1,8.7e-12
1.0178482950185959,0.0,0.0000000000000000,0.0000000000000000,0.0103032138494544,0.0000000000000000,8.3570016147908568,3.0035686590642379,42.603926,1.739064,-44.3429906405186,76.0909633090880,1,4.2e-11
1.0178514317483676,0.0,0.0000000000000000,0.0000000000000000,0.0103012047594262,0.0000000000000000,8.3600016147908569,3.0035685346484096,43.483479,1.744943,-45.2284217046164,77.8761747172805,1,2.5e-12
1.0178545426165089,0.0,0.0000000000000000,0.0000000000000000,0.0102992955643344,0.0000000000000000,8.3630016147908570,3.0035684097622051,44.381383,1.750762,-46.1321459135903,79.7012594270590,1,1.9e-11
1.0178576276736522,0.0,0.0000000000000000,0.0000000000000000,0.0102974861725938,0.0000000000000000,8.3660016147908571,3.0035682844002274,45.298027,1.756524,-47.0545509443316,81.5670539284768,1,6.8e-12
1.0178606869686684,0.0,0.0000000000000000,0.0000000000000000,0.0102957764989826,0.0000000000000000,8.3690016147908572,3.0035681585570484,46.233806,1.762226,-47.9960318621916,83.4744091179346,1,3.8e-11
1.0178637205479675,0.0,0.0000000000000000,0.0000000000000000,0.0102941664660127,0.0000000000000000,8.3720016147908574,3.0035680322272142,47.189123,1.767869,-48.9569923465902,85.4241901653186,1,4.1e-12
1.0178667284592380,0.0,0.0000000000000000,0.0000000000000000,0.0102926559952635,0.0000000000000000,8.3750016147908575,3.0035679054052249,48.164393,1.773453,-49.9378458748624,87.4172877449314,1,2.3e-12
1.0178697107445083,0.0,0.0000000000000000,0.0000000000000000,0.0102912450238997,0.0000000000000000,8.3780016147908576,3.0035677780855621,49.160036,1.778978,-50.9390134079565,89.4546003979326,1,3.8e-11
1.0178726674486038,0.0,0.0000000000000000,0.0000000000000000,0.0102899334839005,0.0000000000000000,8.3810016147908559,3.0035676502626680,50.176484,1.784443,-51.9609262579692,91.5370547701491,1,1.0e-11
1.0178755986099022,0.0,0.0000000000000000,0.0000000000000000,0.0102887213253024,0.0000000000000000,8.3840016147908560,3.0035675219309539,51.214176,1.789848,-53.0040233847405,93.6655820131311,1,5.3e-12
1.0178785042690066,0.0,0.0000000000000000,0.0000000000000000,0.0102876084944268,0.0000000000000000,8.3870016147908562,3.0035673930847917,52.273561,1.795193,-54.0687538169104,95.8411432377532,1,1.3e-11
1.0178813844640591,0.0,0.0000000000000000,0.0000000000000000,0.0102865949449812,0.0000000000000000,8.3900016147908563,3.0035672637185304,53.355098,1.800479,-55.1555765241896,98.0647145153157,1,2.3e-11
1.0178842392305676,0.0,0.0000000000000000,0.0000000000000000,0.0102856806396015,0.0000000000000000,8.3930016147908564,3.0035671338264733,54.459256,1.805704,-56.2649595261385,100.3372852586567,1,1.3e-12
1.0178870686039210,0.0,0.0000000000000000,0.0000000000000000,0.0102848655421740,0.0000000000000000,8.3960016147908565,3.0035670034029023,55.586512,1.810869,-57.3973811170430,102.6598733719582,1,2.5e-12
1.0178898726169001,0.0,0.0000000000000000,0.0000000000000000,0.0102841496252323,0.0000000000000000,8.3990016147908566,3.0035668724420574,56.737357,1.815973,-58.5533302732639,105.0335099349236,1,9.4e-12
1.0178926513018483,0.0,0.0000000000000000,0.0000000000000000,0.0102835328638595,0.0000000000000000,8.4020016147908567,3.0035667409381457,57.912288,1.821017,-59.7333051812581,107.4592471968811,1,1.3e-11
1.0178954046893514,0.0,0.0000000000000000,0.0000000000000000,0.0102830152389796,0.0000000000000000,8.4050016147908568,3.0035666088853432,59.111817,1.826000,-60.9378164435940,109.9381596773387,1,2.2e-11
1.0178981328080499,0.0,0.0000000000000000,0.0000000000000000,0.0102825967382115,0.0000000000000000,8.4080016147908569,3.0035664762777876,60.336461,1.830922,-62.1673829206980,112.4713377733526,1,1.9e-11
1.0179008356861925,0.0,0.0000000000000000,0.0000000000000000,0.0102822773513837,0.0000000000000000,8.4110016147908571,3.0035663431095867,61.586755,1.835783,-63.4225372774684,115.0598992952469,1,1.0e-11
1.0179035133500145,0.0,0.0000000000000000,0.0000000000000000,0.0102820570748951,0.0000000000000000,8.4140016147908572,3.0035662093748119,62.863239,1.840583,-64.7038216027103,117.7049796626929,1,1.8e-11
1.0179061658244022,0.0,0.0000000000000000,0.0000000000000000,0.0102819359102069,0.0000000000000000,8.4170016147908573,3.0035660750674982,64.166469,1.845321,-66.0117896097310,120.4077338740940,1,7.8e-12
1.0179148257768709,0.0,0.0000000000000000,0.0000000000000000,0.0102822479434225,0.0000000000000000,8.4270016147908571,3.0035656231641639,68.711087,1.860672,-70.5717585425154,129.8487640543954,1,4.6e-12
1.0179232068752295,0.0,0.0000000000000000,0.0000000000000000,0.0102836619020076,0.0000000000000000,8.4370016147908569,3.0035651646073331,73.581228,1.875335,-75.4565623627903,139.9894373703582,1,3.1e-11
1.0179313097447078,0.0,0.0000000000000000,0.0000000000000000,0.0102861789081051,0.0000000000000000,8.4470016147908566,3.0035646991676659,78.800425,1.889307,-80.6897317986154,150.8781713338294,1,5.8e-13
1.0179391348643840,0.0,0.0000000000000000,0.0000000000000000,0.0102898006042107,0.0000000000000000,8.4570016147908564,3.0035642266114388,84.393911,1.902583,-86.2964941480865,162.5664440299302,1,1.7e-11
1.0179466825780128,0.0,0.0000000000000000,0.0000000000000000,0.0102945291167188,0.0000000000000000,8.4670016147908580,3.0035637467004999,90.388732,1.915161,-92.3038925985950,175.1089806622713,1,7.0e-12
1.0179539530979387,0.0,0.0000000000000000,0.0000000000000000,0.0103003670363851,0.0000000000000000,8.4770016147908578,3.0035632591922368,96.813873,1.927037,-98.7409099484780,188.5639095819406,1,4.7e-11
1.0179609465158517,0.0,0.0000000000000000,0.0000000000000000,0.0103073173799478,0.0000000000000000,8.4870016147908576,3.0035627638395925,103.700401,1.938208,-105.6386087520795,202.9929581004772,1,1.2e-10
1.0179676628026584,0.0,0.0000000000000000,0.0000000000000000,0.0103153835815246,0.0000000000000000,8.4970016147908574,3.0035622603910230,111.081594,1.948672,-113.0302659298608,218.4615922531348,1,8.3e-12
1.0179741018248456,0.0,0.0000000000000000,0.0000000000000000,0.0103245694406320,0.0000000000000000,8.5070016147908571,3.0035617485905286,118.993106,1.958427,-120.9515327460161,235.0392721921298,1,4.7e-11
1.0179802633420092,0.0,0.0000000000000000,0.0000000000000000,0.0103348791178781,0.0000000000000000,8.5170016147908569,3.0035612281776558,127.473119,1.967470,-129.4405896474446,252.7995825002472,1,3.1e-11
1.0179861470181057,0.0,0.0000000000000000,0.0000000000000000,0.0103463170956507,0.0000000000000000,8.5270016147908567,3.0035606988875410,136.562524,1.975802,-138.5383253364595,271.8204534068718,1,2.6e-11
1.0179917524265920,0.0,0.0000000000000000,0.0000000000000000,0.0103588881546511,0.0000000000000000,8.5370016147908565,3.0035601604509350,146.305089,1.983420,-148.2885082279790,292.1843734198501,1,4.6e-11
1.0179970790575652,0.0,0.0000000000000000,0.0000000000000000,0.0103725973443231,0.0000000000000000,8.5470016147908581,3.0035596125942754,156.747669,1.990323,-158.7379924957650,313.9785629455801,1,3.0e-11
1.0180021263215751,0.0,0.0000000000000000,0.0000000000000000,0.0103874499617319,0.0000000000000000,8.5570016147908579,3.0035590550397422,167.940394,1.996513,-169.9369067612631,337.2952009131786,1,7.6e-11
1.0180068935586648,0.0,0.0000000000000000,0.0000000000000000,0.0104034515168097,0.0000000000000000,8.5670016147908576,3.0035584875053565,179.936896,2.001989,-181.9388849384953,362.2316139266313,1,5.0e-12
1.0180113800444319,0.0,0.0000000000000000,0.0000000000000000,0.0104206077045931,0.0000000000000000,8.5770016147908574,3.0035579097050857,192.794537,2.006750,-194.8012869378204,388.8905064787905,1,4.5e-12
1.0180155849950834,0.0,0.0000000000000000,0.0000000000000000,0.0104389243800239,0.0000000000000000,8.5870016147908572,3.0035573213489597,206.574642,2.010799,-208.5854413544953,417.3801430449748,1,6.0e-11
1.0180195075745186,0.0,0.0000000000000000,0.0000000000000000,0.0104584075271469,0.0000000000000000,8.5970016147908570,3.0035567221432076,221.342769,2.014136,-223.3569053855333,447.8145425540206,1,8.9e-11
1.0180231469022294,0.0,0.0000000000000000,0.0000000000000000,0.0104790632243323,0.0000000000000000,8.6070016147908568,3.0035561117904543,237.168964,2.016764,-239.1857271201994,480.3137268075880,1,9.5e-11
1.0180265020572119,0.0,0.0000000000000000,0.0000000000000000,0.0105008976228584,0.0000000000000000,8.6170016147908566,3.0035554899898425,254.128050,2.018682,-256.1467323485609,515.0038365804903,1,5.9e-11
1.0180295720878259,0.0,0.0000000000000000,0.0000000000000000,0.0105239169049811,0.0000000000000000,8.6270016147908581,3.0035548564373071,272.299928,2.019896,-274.3198238686539,552.0173973641649,1,1.2e-11
1.0180323560165379,0.0,0.0000000000000000,0.0000000000000000,0.0105481272590984,0.0000000000000000,8.6370016147908579,3.0035542108257545,291.769890,2.020405,-293.7902955210123,591.4934342002962,1,9.2e-11
1.0180348528474144,0.0,0.0000000000000000,0.0000000000000000,0.0105735348441991,0.0000000000000000,8.6470016147908577,3.0035535528453448,312.628944,2.020215,-314.6491586511276,633.5776578000077,1,7.3e-12
1.0180370615752443,0.0,0.0000000000000000,0.0000000000000000,0.0106001457512695,0.0000000000000000,8.6570016147908575,3.0035528821837785,334.974173,2.019328,-336.9935006470607,678.4226240491043,1,5.3e-10
1.0180389811870336,0.0,0.0000000000000000,0.0000000000000000,0.0106279659847400,0.0000000000000000,8.6670016147908573,3.0035521985265472,358.909071,2.017747,-360.9268186701833,726.1878273860930,1,1.1e-10
1.0180406106790598,0.0,0.0000000000000000,0.0000000000000000,0.0106570014003267,0.0000000000000000,8.6770016147908571,3.0035515015573631,384.543955,2.015478,-386.5594331219513,777.0398952822870,1,1.1e-10
1.0180419490555150,0.0,0.0000000000000000,0.0000000000000000,0.0106872576930774,0.0000000000000000,8.6870016147908569,3.0035507909584451,411.996340,2.012524,-414.0088637412908,831.1525767935964,1,6.7e-11
1.0180429953399890,0.0,0.0000000000000000,0.0000000000000000,0.0107187403515783,0.0000000000000000,8.6970016147908566,3.0035500664109138,441.391349,2.008890,-443.4002396388707,888.7068712608452,1,1.0e-12
1.0180437485834126,0.0,0.0000000000000000,0.0000000000000000,0.0107514546182890,0.0000000000000000,8.7070016147908564,3.0035493275952518,472.862162,2.004582,-474.8667441892936,949.8910375973501,1,2.3e-11
1.0180442078716743,0.0,0.0000000000000000,0.0000000000000000,0.0107854054533446,0.0000000000000000,8.7170016147908580,3.0035485741917292,506.550441,1.999605,-508.5500454845604,1014.9006099261751,1,5.9e-11
1.0180443723327177,0.0,0.0000000000000000,0.0000000000000000,0.0108205974980309,0.0000000000000000,8.7270016147908578,3.0035478058808782,542.606828,1.993964,-544.6007919252555,1083.9383063968271,1,2.5e-11
1.0180442411469133,0.0,0.0000000000000000,0.0000000000000000,0.0108570350304833,0.0000000000000000,8.7370016147908576,3.0035470223440139,581.191375,1.987665,-583.1790407490262,1157.2140392242291,1,2.0e-11
1.0180438135531626,0.0,0.0000000000000000,0.0000000000000000,0.0108947219316049,0.0000000000000000,8.7470016147908574,3.0035462232637524,622.474101,1.980716,-624.4548172651429,1234.9446830180241,1,3.0e-11
1.0180430888583865,0.0,0.0000000000000000,0.0000000000000000,0.0109336616416846,0.0000000000000000,8.7570016147908571,3.0035454083246020,666.635466,1.973123,-668.6085896696915,1317.3539537923352,1,1.5e-10
1.0180420664451881,0.0,0.0000000000000000,0.0000000000000000,0.0109738571227372,0.0000000000000000,8.7670016147908569,3.0035445772135447,713.866920,1.964893,-715.8318133269378,1404.6721672597050,1,4.2e-11
1.0180407457815137,0.0,0.0000000000000000,0.0000000000000000,0.0110153108163403,0.0000000000000000,8.7770016147908567,3.0035437296206493,764.371456,1.956033,-766.3274886237112,1497.1358827073127,1,2.0e-10
1.0180391264272204,0.0,0.0000000000000000,0.0000000000000000,0.0110580246051550,0.0000000000000000,8.7870016147908565,3.0035428652397758,818.364131,1.946551,-820.3106818360144,1594.9876292119734,1,5.7e-10
1.0180372080442692,0.0,0.0000000000000000,0.0000000000000000,0.0111019997752238,0.0000000000000000,8.7970016147908581,3.0035419837691317,876.072713,1.936455,-878.0091679409262,1698.4753935583867,1,3.9e-10
1.0180349904034112,0.0,0.0000000000000000,0.0000000000000000,0.0111472369751273,0.0000000000000000,8.8070016147908579,3.0035410849120865,937.738206,1.925753,-939.6639587745320,1807.8521044052322,1,1.4e-10
1.0180324733949608,0.0,0.0000000000000000,0.0000000000000000,0.0111937361729483,0.0000000000000000,8.8170016147908576,3.0035401683778731,1003.615479,1.914453,-1005.5299318915377,1923.3749984711758,1,6.5e-11
1.0180296570329606,0.0,0.0000000000000000,0.0000000000000000,0.0112414966325551,0.0000000000000000,8.8270016147908574,3.0035392338822180,1073.973886,1.902565,-1075.8764507877349,2045.3050153105287,1,1.0e-10
1.0180265414664140,0.0,0.0000000000000000,0.0000000000000000,0.0112905168628296,0.0000000000000000,8.8370016147908572,3.0035382811482521,1149.097867,1.890097,-1150.9879633292703,2173.9059479261050,1,3.1e-10
1.0180231269855968,0.0,0.0000000000000000,0.0000000000000000,0.0113407945934579,0.0000000000000000,8.8470016147908570,3.0035373099071139,1229.287583,1.877058,-1231.1646400401223,2309.4435055800714,1,1.2e-11
1.0180194140294934,0.0,0.0000000000000000,0.0000000000000000,0.0113923267351524,0.0000000000000000,8.8570016147908568,3.0035363198988652,1314.859591,1.863457,-1316.7230478821352,2452.1844130833633,1,2.1e-10
1.0180154031931388,0.0,0.0000000000000000,0.0000000000000000,0.0114451093514717,0.0000000000000000,8.8670016147908566,3.0035353108731973,1406.147415,1.849305,-1407.9967203041297,2602.3953127543209,1,3.5e-11
1.0180110952340404,0.0,0.0000000000000000,0.0000000000000000,0.0114991376308750,0.0000000000000000,8.8770016147908581,3.0035342825901954,1503.502255,1.834611,-1505.3368655780012,2760.3413554704748,1,1.5e-11
1.0180064910791609,0.0,0.0000000000000000,0.0000000000000000,0.0115544058553271,0.0000000000000000,8.8870016147908579,3.0035332348211927,1607.293628,1.819384,-1609.1130120343792,2926.2849777876399,1,3.7e-10
1.0180015918294349,0.0,0.0000000000000000,0.0000000000000000,0.0116109073831332,0.0000000000000000,8.8970016147908577,3.0035321673494448,1717.909957,1.803636,-1719.7135929891060,3100.4847036055289,1,8.0e-11
1.0179963987668532,0.0,0.0000000000000000,0.0000000000000000,0.0116686346199494,0.0000000000000000,8.9070016147908575,3.0035310799709829,1835.759339,1.787376,-1837.5467152318615,3283.1927756175864,1,1.8e-10
1.0179909133581146,0.0,0.0000000000000000,0.0000000000000000,0.0117275790038918,0.0000000000000000,8.9170016147908573,3.0035299724953339,1961.270029,1.770615,-1963.0406443783943,3474.6543516255915,1,5.5e-10
1.0179851372586375,0.0,0.0000000000000000,0.0000000000000000,0.0117877309941545,0.0000000000000000,8.9270016147908571,3.0035288447461657,2094.891247,1.753363,-2096.6446106831609,3675.1051883311011,1,9.0e-11
1.0179790723174198,0.0,0.0000000000000000,0.0000000000000000,0.0118490800503313,0.0000000000000000,8.9370016147908569,3.0035276965621320,2237.093706,1.735631,-2238.8293372063054,3884.7694480465725,1,7.7e-10
1.0179727205793334,0.0,0.0000000000000000,0.0000000000000000,0.0119116146309905,0.0000000000000000,8.9470016147908566,3.0035265277974119,2388.370202,1.717430,-2390.0876310379954,4103.8574416036718,1,2.0e-10
1.0179660842864438,0.0,0.0000000000000000,0.0000000000000000,0.0119753221891932,0.0000000000000000,8.9570016147908582,3.0035253383223894,2549.236362,1.698769,-2550.9351316576444,4332.5645759212784,1,3.5e-10
1.0179591658804692,0.0,0.0000000000000000,0.0000000000000000,0.0120401891682702,0.0000000000000000,8.9670016147908580,3.0035241280242810,2720.231180,1.679661,-2721.9108414118687,4571.0673207109794,1,4.6e-10
1.0179519680034739,0.0,0.0000000000000000,0.0000000000000000,0.0121062010089965,0.0000000000000000,8.9770016147908578,3.0035228968075929,2901.917606,1.660117,-2903.5777226531900,4819.5216310936958,1,9.4e-11
1.0179444934977198,0.0,0.0000000000000000,0.0000000000000000,0.0121733421532571,0.0000000000000000,8.9870016147908576,3.0035216445947164,3094.882998,1.640146,-3096.5231441391479,5078.0597911691293,1,3.8e-11
1.0179367454041861,0.0,0.0000000000000000,0.0000000000000000,0.0122415960604346,0.0000000000000000,8.9970016147908574,3.0035203713262817,3299.739977,1.619760,-3301.3597377424176,5346.7879587551579,1,3.0e-10
1.0179287269613666,0.0,0.0000000000000000,0.0000000000000000,0.0123109452206254,0.0000000000000000,9.0070016147908571,3.0035190769615836,3517.126743,1.598971,-3518.7257137834772,5625.7827808642760,1,6.9e-10
1.0179204416027787,0.0,0.0000000000000000,0.0000000000000000,0.0123813711752939,0.0000000000000000,9.0170016147908569,3.0035177614788773,3747.707528,1.577788,-3749.2853164862527,5915.0879476973787,1,1.0e-09
1.0179118929532767,0.0,0.0000000000000000,0.0000000000000000,0.0124528545397292,0.0000000000000000,9.0270016147908567,3.0035164248756936,3992.173565,1.556223,-3993.7297888736512,6214.7138480097055,1,1.2e-10
1.0179030848254160,0.0,0.0000000000000000,0.0000000000000000,0.0125253750332081,0.0000000000000000,9.0370016147908565,3.0035150671689510,4251.242826,1.534288,-4252.7771134312015,6524.6289952304214,1,4.8e-10
1.0178940212135585,0.0,0.0000000000000000,0.0000000000000000,0.0125989115123777,0.0000000000000000,9.0470016147908581,3.0035136883950786,4525.661413,1.511992,-4527.1734046443507,6844.7615440972149,1,1.5e-10
1.0178847062894119,0.0,0.0000000000000000,0.0000000000000000,0.0126734420021138,0.0000000000000000,9.0570016147908579,3.0035122886101222,4816.203293,1.489346,-4817.6926392735313,7174.9935537409037,1,1.8e-09
1.0178751443946066,0.0,0.0000000000000000,0.0000000000000000,0.0127489437394076,0.0000000000000000,9.0670016147908576,3.0035108678896454,5123.670764,1.466362,-5125.1371251543451,7515.1535550300032,1,1.3e-09
1.0178653400333286,0.0,0.0000000000000000,0.0000000000000000,0.0128253932148686,0.0000000000000000,9.0770016147908574,3.0035094263286664,5448.895971,1.443049,-5450.3390203373583,7865.0258645284921,1,2.0e-09
1.0178552978658366,0.0,0.0000000000000000,0.0000000000000000,0.0129027662157379,0.0000000000000000,9.0870016147908572,3.0035079640414777,5792.739378,1.419419,-5794.1587975836455,8224.3254315741360,1,2.4e-10
1.0178450226982940,0.0,0.0000000000000000,0.0000000000000000,0.0129810378777496,0.0000000000000000,9.0970016147908570,3.0035064811614007,6156.091956,1.395482,-6157.4874383945671,8592.7165858559310,1,8.5e-10
1.0178345194747103,0.0,0.0000000000000000,0.0000000000000000,0.0130601827353377,0.0000000000000000,9.1070016147908568,3.0035049778404370,6539.875514,1.371248,-6541.2467620150010,8969.7945072092116,1,1.2e-09
1.0178237932677983,0.0,0.0000000000000000,0.0000000000000000,0.0131401747707955,0.0000000000000000,9.1170016147908566,3.0035034542489591,6945.040902,1.346728,-6946.3876301121345,9355.0821375809610,1,3.1e-10
1.0178128492676366,0.0,0.0000000000000000,0.0000000000000000,0.0132209874757583,0.0000000000000000,9.1270016147908564,3.0035019105751655,7372.571570,1.321931,-7373.8935011396052,9748.0321271717548,1,1.3e-09
1.0178016927727298,0.0,0.0000000000000000,0.0000000000000000,0.0133025939009910,0.0000000000000000,9.1370016147908579,3.0035003470246560,7823.481635,1.296868,-7824.7785032395004,10148.0242623239756,1,7.9e-10
1.0177903291783426,0.0,0.0000000000000000,0.0000000000000000,0.0133849667194715,0.0000000000000000,9.1470016147908577,3.0034987638197701,8298.817235,1.271548,-8300.0887830509091,10554.3456875905395,1,3.1e-10
1.0177787639659290,0.0,0.0000000000000000,0.0000000000000000,0.0134680782819632,0.0000000000000000,9.1570016147908575,3.0034971611990069,8799.656483,1.245981,-8800.9024642946624,10966.2063748314977,1,1.7e-10
1.0177670026925607,0.0,0.0000000000000000,0.0000000000000000,0.0135519006722805,0.0000000000000000,9.1670016147908573,3.0034955394164093,9327.110273,1.220177,-9328.3304494893800,11382.7213273569942,1,2.3e-09
1.0177550509779445,0.0,0.0000000000000000,0.0000000000000000,0.0136364057758656,0.0000000000000000,9.1770016147908571,3.0034938987406719,9882.323533,1.194144,-9883.5176769186073,11802.9187905639410,1,1.5e-10
1.0177429144952204,0.0,0.0000000000000000,0.0000000000000000,0.0137215653290212,0.0000000000000000,9.1870016147908569,3.0034922394545123,10466.472960,1.167893,-10467.6408523581158,12225.7182710841298,1,2.3e-09
1.0177305989588714,0.0,0.0000000000000000,0.0000000000000000,0.0138073509786608,0.0000000000000000,9.1970016147908566,3.0034905618538623,11080.769074,1.141431,-11081.9105049931859,12649.9322920963168,1,1.7e-09
1.0177181101130091,0.0,0.0000000000000000,0.0000000000000000,0.0138937343430259,0.0000000000000000,9.2070016147908582,3.0034888662469679,11726.458538,1.114769,-11727.5733062039544,13074.2804904431105,1,5.2e-09
1.0177054537202725,0.0,0.0000000000000000,0.0000000000000000,0.0139806870675947,0.0000000000000000,9.2170016147908580,3.0034871529535270,12404.824677,1.087913,-12405.9125914041433,13497.3828941434622,1,6.3e-09
1.0176926355530445,0.0,0.0000000000000000,0.0000000000000000,0.0140681808700693,0.0000000000000000,9.2270016147908578,3.0034854223039629,13117.177548,1.060875,-13118.2384229696472,13917.6790127158165,1,4.1e-10
1.0176796613796626,0.0,0.0000000000000000,0.0000000000000000,0.0141561876066196,0.0000000000000000,9.2370016147908576,3.0034836746383271,13864.874095,1.033660,-13865.9077555078547,14333.5743242949247,1,4.3e-09
1.0176665369565401,0.0,0.0000000000000000,0.0000000000000000,0.0142446793140443,0.0000000000000000,9.2470016147908574,3.0034819103055019,14649.298567,1.006279,-14650.3048453698484,14743.2652421444654,1,5.0e-09
1.0176532680167070,0.0,0.0000000000000000,0.0000000000000000,0.0143336282607030,0.0000000000000000,9.2570016147908571,3.0034801296623144,15471.881869,0.978737,-15472.8606060133661,15144.9086829274893,1,1.3e-09
1.0176398602620633,0.0,0.0000000000000000,0.0000000000000000,0.0144230069893202,0.0000000000000000,9.2670016147908569,3.0034783330726214,16334.082781,0.951045,-16335.0338261671586,15536.4426839351654,1,9.2e-10
1.0176263193524322,0.0,0.0000000000000000,0.0000000000000000,0.0145127883662553,0.0000000000000000,9.2770016147908567,3.0034765209063590,17237.401717,0.923208,-17238.3249247009880,15915.7068277597427,1,3.9e-09
1.0176126508967605,0.0,0.0000000000000000,0.0000000000000000,0.0146029456217818,0.0000000000000000,9.2870016147908565,3.0034746935386805,18183.384181,0.895236,-18184.2794167106294,16280.4082874059677,1,4.1e-09
1.0175988604469719,0.0,0.0000000000000000,0.0000000000000000,0.0146934523805267,0.0000000000000000,9.2970016147908581,3.0034728513491924,19173.610856,0.867134,-19174.4779895658939,16628.0874238908291,1,8.4e-10
1.0175849534880372,0.0,0.0000000000000000,0.0000000000000000,0.0147842827081609,0.0000000000000000,9.3070016147908579,3.0034709947209062,20209.696358,0.838911,-20210.5352678341515,16956.1201212704182,1,6.3e-09
1.0175709354316869,0.0,0.0000000000000000,0.0000000000000000,0.0148754111382525,0.0000000000000000,9.3170016147908576,3.0034691240395177,21293.312269,0.810573,-21294.1228411285665,17261.7734495103359,1,2.9e-09
1.0175568116102651,0.0,0.0000000000000000,0.0000000000000000,0.0149668126983265,0.0000000000000000,9.3270016147908574,3.0034672396926840,22426.163391,0.782127,-22426.9455186872001,17542.1204936504364,1,6.0e-09
1.0175425872693014,0.0,0.0000000000000000,0.0000000000000000,0.0150584629467393,0.0000000000000000,9.3370016147908572,3.0034653420690227,23609.990190,0.753580,-23610.7437703674696,17794.0322599411011,1,3.8e-09
1.0175282675628259,0.0,0.0000000000000000,0.0000000000000000,0.0151503379872241,0.0000000000000000,9.3470016147908570,3.0034634315575914,24846.593526,0.724939,-24847.3184658305145,18014.2767772674561,1,2.7e-09
1.0175138575479739,0.0,0.0000000000000000,0.0000000000000000,0.0152424144954194,0.0000000000000000,9.3570016147908568,3.0034615085470304,26137.806978,0.696210,-26138.5031874175147,18199.3933488726616,1,6.8e-09
1.0174993621794346,0.0,0.0000000000000000,0.0000000000000000,0.0153346697403375,0.0000000000000000,9.3670016147908566,3.0034595734248510,27485.536577,0.667399,-27486.2039771898562,18345.8638228178024,1,1.1e-08
1.0174847863076673,0.0,0.0000000000000000,0.0000000000000000,0.0154270815913737,0.0000000000000000,9.3770016147908564,3.0034576265769193,28891.685201,0.638514,-28892.3237138951918,18449.7112811207771,1,4.3e-09
1.0174701346732946,0.0,0.0000000000000000,0.0000000000000000,0.0155196285384046,0.0000000000000000,9.3870016147908579,3.0034556683867533,30358.261021,0.609558,-30358.8705785271304,18507.1185367703438,1,4.6e-10
1.0174554119045245,0.0,0.0000000000000000,0.0000000000000000,0.0156122897012403,0.0000000000000000,9.3970016147908577,3.0034536992349685,31887.296223,0.580539,-31887.8767640047627,18513.8730993866920,1,1.2e-08
1.0174406225158763,0.0,0.0000000000000000,0.0000000000000000,0.0157050448323381,0.0000000000000000,9.4070016147908575,3.0034517194988246,33480.852666,0.551464,-33481.4041279727098,18465.4339725971222,1,7.7e-09
1.0174257709024070,0.0,0.0000000000000000,0.0000000000000000,0.0157978743417412,0.0000000000000000,9.4170016147908573,3.0034497295513680,35141.107053,0.522335,-35141.6293890049856,18357.4629124403000,1,3.5e-09
1.0174108613429032,0.0,0.0000000000000000,0.0000000000000000,0.0158907592735494,0.0000000000000000,9.4270016147908571,3.0034477297615179,36870.224350,0.493162,-36870.7175105492133,18184.9542688131332,1,5.4e-09
1.0173958979944462,0.0,0.0000000000000000,0.0000000000000000,0.0159836813315396,0.0000000000000000,9.4370016147908569,3.0034457204931577,38670.484782,0.463947,-38670.9487299667744,17943.0999674797058,1,1.0e-08
1.0173808848948271,0.0,0.0000000000000000,0.0000000000000000,0.0160766228620404,0.0000000000000000,9.4470016147908566,3.0034437021050708,40544.172197,0.434697,-40544.6068952181668,17626.4803947210312,1,1.1e-08
1.0173658259585343,0.0,0.0000000000000000,0.0000000000000000,0.0161695668679828,0.0000000000000000,9.4570016147908582,3.0034416749503081,42493.640603,0.405418,-42494.0460193920153,17229.6085382699966,1,1.3e-08
1.0173507249791021,0.0,0.0000000000000000,0.0000000000000000,0.0162624969936776,0.0000000000000000,9.4670016147908580,3.0034396393760785,44521.385262,0.376113,-44521.7613757131548,16747.1089546680450,1,4.1e-09
1.0173355856281920,0.0,0.0000000000000000,0.0000000000000000,0.0163553975275588,0.0000000000000000,9.4770016147908578,3.0034375957232817,46629.861108,0.346789,-46630.2079003639374,16172.8891897201538,1,2.1e-08
1.0173204114569676,0.0,0.0000000000000000,0.0000000000000000,0.0164482533891895,0.0000000000000000,9.4870016147908576,3.0034355443264089,48821.575937,0.317453,-48821.8933866219304,15500.4094376564026,1,2.1e-08
1.0173052058959018,0.0,0.0000000000000000,0.0000000000000000,0.0165410501209319,0.0000000000000000,9.4970016147908574,3.0034334855134048,51099.289355,0.288105,-51099.5774615378978,14724.0330753326416,1,1.3e-08
1.0172899722553461,0.0,0.0000000000000000,0.0000000000000000,0.0166337738941357,0.0000000000000000,9.5070016147908571,3.0034314196050076,53465.578107,0.258753,-53465.8368605423093,13836.3875529766083,1,1.1e-09
1.0172747137286995,0.0,0.0000000000000000,0.0000000000000000,0.0167264114767086,0.0000000000000000,9.5170016147908569,3.0034293469152011,55923.269426,0.229402,-55923.4988290936817,12830.9614560604095,1,4.1e-09
1.0172594333905225,0.0,0.0000000000000000,0.0000000000000000,0.0168189502471073,0.0000000000000000,9.5270016147908567,3.0034272677504772,58475.196347,0.200056,-58475.3964024857123,11700.2581820487976,1,5.4e-09
1.0172441342023022,0.0,0.0000000000000000,0.0000000000000000,0.0169113781584070,0.0000000000000000,9.5370016147908565,3.0034251824102594,61124.264534,0.170721,-61124.4352527708033,10437.0583810806274,1,1.3e-08
1.0172288190081082,0.0,0.0000000000000000,0.0000000000000000,0.0170036837563608,0.0000000000000000,9.5470016147908581,3.0034230911862099,63873.528324,0.141398,-63873.6697231536891,9033.6854016780853,1,8.5e-09
1.0172134905465948,0.0,0.0000000000000000,0.0000000000000000,0.0170958561212355,0.0000000000000000,9.5570016147908579,3.0034209943630139,66725.921289,0.112098,-66726.0333792994497,7481.3297438621521,1,4.9e-08
1.0171981514401431,0.0,0.0000000000000000,0.0000000000000000,0.0171878849107956,0.0000000000000000,9.5670016147908576,3.0034188922173071,69684.888106,0.082817,-69684.9709235772316,5773.1659502983093,1,6.9e-09
1.0171828042095683,0.0,0.0000000000000000,0.0000000000000000,0.0172797602925587,0.0000000000000000,9.5770016147908574,3.0034167850186306,72753.307780,0.053569,-72753.3613390557439,3898.6171460151672,1,5.9e-08
1.0171674512644087,0.0,0.0000000000000000,0.0000000000000000,0.0173714729830762,0.0000000000000000,9.5870016147908572,3.0034146730284204,75934.862083,0.024350,-75934.8864294220984,1850.7433538436890,1,2.5e-08
1.0171520949172277,0.0,0.0000000000000000,0.0000000000000000,0.0174630141793572,0.0000000000000000,9.5970016147908570,3.0034125565010630,79232.854550,-0.004831,-79232.8497195006203,-380.6947937011719,1,4.2e-09
1.0171367373771205,0.0,0.0000000000000000,0.0000000000000000,0.0175543755844431,0.0000000000000000,9.6070016147908568,3.0034104356831524,82650.737980,-0.033971,-82650.7040104461048,-2805.6425876617432,1,2.8e-09
1.0171213807552197,0.0,0.0000000000000000,0.0000000000000000,0.0176455493794584,0.0000000000000000,9.6170016147908566,3.0034083108137817,86192.078062,-0.063062,-86192.0149903558922,-5434.2597322463989,1,5.7e-08
1.0171060270684604,0.0,0.0000000000000000,0.0000000000000000,0.0177365282033444,0.0000000000000000,9.6270016147908564,3.0034061821247038,89860.914373,-0.092107,-89860.8222609618679,-8275.3115787506104,1,2.7e-08
1.0170906782386020,0.0,0.0000000000000000,0.0000000000000000,0.0178273051545186,0.0000000000000000,9.6370016147908579,3.0034040498400674,93661.035352,-0.121101,-93660.9142671889858,-11338.9353370666504,1,9.7e-08
1.0170753361018652,0.0,0.0000000000000000,0.0000000000000000,0.0179178737440266,0.0000000000000000,9.6470016147908577,3.0034019141771324,97595.782640,-0.150029,-97595.6326132061513,-14639.9390697479248,1,1.6e-08
1.0170600024017422,0.0,0.0000000000000000,0.0000000000000000,0.0180082279234635,0.0000000000000000,9.6570016147908575,3.0033997753455419,101669.854779,-0.178899,-101669.6758869056648,-18185.8973522186279,1,3.5e-08
1.0170446787989202,0.0,0.0000000000000000,0.0000000000000000,0.0180983620412787,0.0000000000000000,9.6670016147908573,3.0033976335479302,105886.931271,-0.207698,-105886.7235622511944,-21991.6238565444946,1,5.9e-08
1.0170293668689050,0.0,0.0000000000000000,0.0000000000000000,0.0181882708466026,0.0000000000000000,9.6770016147908571,3.0033954889797294,110251.904483,-0.236432,-110251.6680495669716,-26065.2669000625610,1,7.4e-09
1.0170140681136655,0.0,0.0000000000000000,0.0000000000000000,0.0182779494345674,0.0000000000000000,9.6870016147908569,3.0033933418300882,114768.714847,-0.265090,-114768.4497610559192,-30421.5518541336060,1,2.4e-08
1.0169987839492149,0.0,0.0000000000000000,0.0000000000000000,0.0183673933081645,0.0000000000000000,9.6970016147908566,3.0033911922803260,119441.840314,-0.293668,-119441.5466458238952,-35074.2950401306152,1,3.0e-09
1.0169835157226106,0.0,0.0000000000000000,0.0000000000000000,0.0184565982832192,0.0000000000000000,9.7070016147908582,3.0033890405059527,124276.396954,-0.322167,-124276.0748007145012,-40034.0933866500854,1,7.5e-08
1.0169682647085385,0.0,0.0000000000000000,0.0000000000000000,0.0185455605161901,0.0000000000000000,9.7170016147908580,3.0033868866757274,129276.554271,-0.350576,-129276.2037093838589,-45317.3943386077881,1,7.4e-08
1.0169530321071125,0.0,0.0000000000000000,0.0000000000000000,0.0186342765057906,0.0000000000000000,9.7270016147908578,3.0033847309515807,134447.045583,-0.378890,-134446.6666790775198,-50940.5105571746826,1,7.6e-08
1.0169378190581106,0.0,0.0000000000000000,0.0000000000000000,0.0187227430260958,0.0000000000000000,9.7370016147908576,3.0033825734898656,139793.865624,-0.407116,-139793.4584969233256,-56911.8281116485596,1,6.1e-08
1.0169226266258364,0.0,0.0000000000000000,0.0000000000000000,0.0188109571965177,0.0000000000000000,9.7470016147908574,3.0033804144397345,145322.041870,-0.435245,-145321.6066281145322,-63248.2467842102051,1,1.7e-08
1.0169074558238536,0.0,0.0000000000000000,0.0000000000000000,0.0188989163637400,0.0000000000000000,9.7570016147908571,3.0033782539455407,151036.508163,-0.463273,-151036.0449087083398,-69966.3452224731445,1,9.6e-08
1.0168923075990868,0.0,0.0000000000000000,0.0000000000000000,0.0189866181768972,0.0000000000000000,9.7670016147908569,3.0033760921450887,156942.008878,-0.491186,-156941.5176779091125,-77087.8537197113037,1,7.4e-08
1.0168771828363139,0.0,0.0000000000000000,0.0000000000000000,0.0190740605628455,0.0000000000000000,9.7770016147908567,3.0033739291700852,163045.234179,-0.518992,-163044.7151508631650,-84623.1071147918701,1,1.9e-07
1.0168620823683692,0.0,0.0000000000000000,0.0000000000000000,0.0191612416783542,0.0000000000000000,9.7870016147908565,3.0033717651470475,169353.181871,-0.546697,-169352.6351772793860,-92582.3199920654297,1,2.2e-08
1.0168470069801938,0.0,0.0000000000000000,0.0000000000000000,0.0192481598899735,0.0000000000000000,9.7970016147908581,3.0033696001976584,175869.504926,-0.574277,-175868.9306528252200,-100995.1010761260986,1,2.6e-08
1.0168319573907709,0.0,0.0000000000000000,0.0000000000000000,0.0193348138575150,0.0000000000000000,9.8070016147908579,3.0033674344368522,182601.568847,-0.601737,-182600.9671184483741,-109874.5585765838623,1,4.9e-08
1.0168169342855791,0.0,0.0000000000000000,0.0000000000000000,0.0194212023839744,0.0000000000000000,9.8170016147908576,3.0033652679759628,189554.937201,-0.629069,-189554.3081263261556,-119242.1309585571289,1,2.8e-08
1.0168019382888858,0.0,0.0000000000000000,0.0000000000000000,0.0195073245409089,0.0000000000000000,9.8270016147908574,3.0033631009199588,196736.962683,-0.656277,-196736.3064047156367,-129112.2157707214355,1,1.8e-08
1.0167869699856504,0.0,0.0000000000000000,0.0000000000000000,0.0195931795641885,0.0000000000000000,9.8370016147908572,3.0033609333696725,204154.485680,-0.683355,-204153.8023362057866,-139505.6233329772949,1,4.4e-08
1.0167720299148006,0.0,0.0000000000000000,0.0000000000000000,0.0196787668895483,0.0000000000000000,9.8470016147908570,3.0033587654208715,211812.443153,-0.710288,-211811.7328243828379,-150454.4020652770996,1,2.0e-07
1.0167571185736934,0.0,0.0000000000000000,0.0000000000000000,0.0197640861277450,0.0000000000000000,9.8570016147908568,3.0033565971648009,219721.663200,-0.737098,-219720.9261005968146,-161954.7781562805176,1,2.8e-09
1.0167422364194592,0.0,0.0000000000000000,0.0000000000000000,0.0198491370582123,0.0000000000000000,9.8670016147908566,3.0033544286882567,227885.920980,-0.763757,-227885.1572180558578,-174048.3872566223145,1,3.8e-08
1.0167273838736792,0.0,0.0000000000000000,0.0000000000000000,0.0199339196054977,0.0000000000000000,9.8770016147908564,3.0033522600740827,236312.850358,-0.790265,-236312.0600383138517,-186760.6216201782227,1,2.5e-07
1.0167125613081349,0.0,0.0000000000000000,0.0000000000000000,0.0200184339148201,0.0000000000000000,9.8870016147908579,3.0033500913992572,245016.273464,-0.816650,-245015.4568683376419,-200077.1549644470215,1,2.6e-07
1.0166977690776855,0.0,0.0000000000000000,0.0000000000000000,0.0201026801771084,0.0000000000000000,9.8970016147908577,3.0033479227391413,253993.964791,-0.842856,-253993.1219431023928,-214076.1015548706055,1,1.8e-08
