x0,y0,z0,xd0,yd0,zd0,Tp,JC,stabilityIndex1,stabilityIndex2,alpha,beta,impactFlag,error
0.9839337823833756,0.0,0.0000000000000000,0.0000000000000000,-0.0147148140813280,0.0000000000000000,7.7753179359852860,3.0036146229467731,2.002582,0.373819,-2.3764010784288,2.7486030677176,0,9.8e-13
0.9839459849150428,0.0,0.0000000000000000,0.0000000000000000,-0.0147568936393709,0.0000000000000000,7.7763179359852863,3.0036145891383073,2.003378,0.377752,-2.3811297321854,2.7567793011406,0,3.6e-12
0.9839574198426145,0.0,0.0000000000000000,0.0000000000000000,-0.0147964295485506,0.0000000000000000,7.7773179359852858,3.0036145553391709,2.004283,0.381683,-2.3859654858135,2.7650004861972,0,2.4e-12
0.9839682120810131,0.0,0.0000000000000000,0.0000000000000000,-0.0148338349883936,0.0000000000000000,7.7783179359852861,3.0036145215491090,2.005296,0.385613,-2.3909090421209,2.7732681418725,0,3.3e-12
0.9839784558099004,0.0,0.0000000000000000,0.0000000000000000,-0.0148694215030539,0.0000000000000000,7.7793179359852855,3.0036144877681257,2.006419,0.389542,-2.3959609176555,2.7815837279571,0,6.8e-13
0.9839882243357474,0.0,0.0000000000000000,0.0000000000000000,-0.0149034316341931,0.0000000000000000,7.7803179359852859,3.0036144539960188,2.007653,0.393469,-2.4011216593935,2.7899487190067,0,1.0e-11
0.9839975759579384,0.0,0.0000000000000000,0.0000000000000000,-0.0149360582960667,0.0000000000000000,7.7813179359852862,3.0036144202326369,2.008997,0.397395,-2.4063919094781,2.7983646374388,0,1.7e-11
0.9840065578036041,0.0,0.0000000000000000,0.0000000000000000,-0.0149674574389448,0.0000000000000000,7.7823179359852857,3.0036143864780498,2.010453,0.401319,-2.4117724399763,2.8068330749487,0,2.8e-12
0.9840152089758704,0.0,0.0000000000000000,0.0000000000000000,-0.0149977585062590,0.0000000000000000,7.7833179359852860,3.0036143527319221,2.012022,0.405242,-2.4172635398424,2.8153554211838,0,4.1e-12
0.9840235619537901,0.0,0.0000000000000000,0.0000000000000000,-0.0150270690057269,0.0000000000000000,7.7843179359852863,3.0036143189942752,2.013703,0.409163,-2.4228660711254,2.8239333214938,0,7.1e-12
0.9840316443773084,0.0,0.0000000000000000,0.0000000000000000,-0.0150554804596919,0.0000000000000000,7.7853179359852858,3.0036142852648284,2.015497,0.413083,-2.4285804121462,2.8325682190124,0,2.5e-12
0.9840394797238958,0.0,0.0000000000000000,0.0000000000000000,-0.0150830705987178,0.0000000000000000,7.7863179359852861,3.0036142515436288,2.017406,0.417002,-2.4344074378706,2.8412617848979,0,5.4e-12
0.9840470883712139,0.0,0.0000000000000000,0.0000000000000000,-0.0151099069155576,0.0000000000000000,7.7873179359852855,3.0036142178304592,2.019429,0.420919,-2.4403476396352,2.8500155291821,0,1.3e-11
0.9840544880048548,0.0,0.0000000000000000,0.0000000000000000,-0.0151360479890266,0.0000000000000000,7.7883179359852859,3.0036141841252082,2.021567,0.424834,-2.4464015529814,2.8588309901438,0,4.6e-12
0.9840616941183576,0.0,0.0000000000000000,0.0000000000000000,-0.0151615451429971,0.0000000000000000,7.7893179359852862,3.0036141504277971,2.023822,0.428748,-2.4525700433581,2.8677098616094,0,8.4e-12
0.9840687204101236,0.0,0.0000000000000000,0.0000000000000000,-0.0151864437653962,0.0000000000000000,7.7903179359852857,3.0036141167380803,2.026193,0.432660,-2.4588535516085,2.8766536562433,0,3.2e-12
0.9840755790268279,0.0,0.0000000000000000,0.0000000000000000,-0.0152107841067815,0.0000000000000000,7.7913179359852860,3.0036140830559401,2.028682,0.436571,-2.4652529065908,2.8856640737825,0,1.3e-11
0.9840822808259894,0.0,0.0000000000000000,0.0000000000000000,-0.0152346021536985,0.0000000000000000,7.7923179359852863,3.0036140493812193,2.031288,0.440480,-2.4717685488341,2.8947426388422,0,3.0e-12
0.9840888355344692,0.0,0.0000000000000000,0.0000000000000000,-0.0152579301474901,0.0000000000000000,7.7933179359852858,3.0036140157138158,2.034013,0.444388,-2.4784012663705,2.9038910500797,0,1.7e-11
0.9840952518841684,0.0,0.0000000000000000,0.0000000000000000,-0.0152807970315098,0.0000000000000000,7.7943179359852861,3.0036139820536802,2.036858,0.448294,-2.4851518680698,2.9131110296612,0,6.4e-12
0.9841015378392689,0.0,0.0000000000000000,0.0000000000000000,-0.0153032292179551,0.0000000000000000,7.7953179359852856,3.0036139484006115,2.039823,0.452198,-2.4920208296999,2.9224041449672,0,4.0e-12
0.9841077006086376,0.0,0.0000000000000000,0.0000000000000000,-0.0153252506133266,0.0000000000000000,7.7963179359852859,3.0036139147544954,2.042908,0.456101,-2.4990088933358,2.9317721019890,0,3.4e-13
0.9841137467429412,0.0,0.0000000000000000,0.0000000000000000,-0.0153468829421269,0.0000000000000000,7.7973179359852862,3.0036138811152435,2.046115,0.460002,-2.5061167836763,2.9412166097691,0,1.4e-11
0.9841196822774483,0.0,0.0000000000000000,0.0000000000000000,-0.0153681462290996,0.0000000000000000,7.7983179359852857,3.0036138474826757,2.049444,0.463901,-2.5133449833896,2.9507392610107,0,3.0e-12
0.9841255126926733,0.0,0.0000000000000000,0.0000000000000000,-0.0153890586524366,0.0000000000000000,7.7993179359852860,3.0036138138567474,2.052896,0.467799,-2.5206944237097,2.9603418881580,0,4.4e-12
0.9841312430950595,0.0,0.0000000000000000,0.0000000000000000,-0.0154096371618469,0.0000000000000000,7.8003179359852863,3.0036137802372713,2.056471,0.471695,-2.5281657588333,2.9700261900831,0,1.1e-11
0.9841368781462950,0.0,0.0000000000000000,0.0000000000000000,-0.0154298972267391,0.0000000000000000,7.8013179359852858,3.0036137466241439,2.060171,0.475589,-2.5357595249755,2.9797938148233,0,5.6e-12
0.9841424221892927,0.0,0.0000000000000000,0.0000000000000000,-0.0154498532644996,0.0000000000000000,7.8023179359852861,3.0036137130172307,2.063996,0.479481,-2.5434767364125,2.9896466684307,0,3.9e-12
0.9841478792130943,0.0,0.0000000000000000,0.0000000000000000,-0.0154695185140279,0.0000000000000000,7.8033179359852856,3.0036136794164814,2.067946,0.483372,-2.5513178880351,2.9995863983392,0,6.1e-12
0.9841532529807024,0.0,0.0000000000000000,0.0000000000000000,-0.0154889054760923,0.0000000000000000,7.8043179359852859,3.0036136458216798,2.072023,0.487260,-2.5592837327068,3.0096147864761,0,1.2e-11
0.9841585469476036,0.0,0.0000000000000000,0.0000000000000000,-0.0155080256232564,0.0000000000000000,7.8053179359852862,3.0036136122327552,2.076228,0.491147,-2.5673752049630,3.0197337381198,0,1.2e-11
0.9841637643589027,0.0,0.0000000000000000,0.0000000000000000,-0.0155268897348602,0.0000000000000000,7.8063179359852857,3.0036135786495808,2.080560,0.495032,-2.5755927846124,3.0299449094727,0,1.0e-11
0.9841689082497775,0.0,0.0000000000000000,0.0000000000000000,-0.0155455078951332,0.0000000000000000,7.8073179359852860,3.0036135450720169,2.085021,0.498916,-2.5839372638127,3.0402501395306,0,1.9e-12
0.9841739814620734,0.0,0.0000000000000000,0.0000000000000000,-0.0155638895472213,0.0000000000000000,7.8083179359852863,3.0036135114999358,2.089612,0.502797,-2.5924095183551,3.0506513268927,0,3.0e-12
0.9841789866404265,0.0,0.0000000000000000,0.0000000000000000,-0.0155820434769985,0.0000000000000000,7.8093179359852858,3.0036134779332575,2.094333,0.506677,-2.6010101177829,3.0611502066483,0,1.4e-11
0.9841839262983922,0.0,0.0000000000000000,0.0000000000000000,-0.0155999780404714,0.0000000000000000,7.8103179359852861,3.0036134443718492,2.099186,0.510555,-2.6097402684472,3.0717488915465,0,2.7e-11
0.9841888028112148,0.0,0.0000000000000000,0.0000000000000000,-0.0156177011389634,0.0000000000000000,7.8113179359852856,3.0036134108154902,2.104170,0.514430,-2.6186000014024,3.0824488092605,0,9.9e-12
0.9841936183615343,0.0,0.0000000000000000,0.0000000000000000,-0.0156352200217784,0.0000000000000000,7.8123179359852859,3.0036133772642049,2.109286,0.518304,-2.6275907704359,3.0932522502478,0,1.6e-12
0.9841983750656980,0.0,0.0000000000000000,0.0000000000000000,-0.0156525417319903,0.0000000000000000,7.8133179359852862,3.0036133437177774,2.114537,0.522176,-2.6367131916807,3.1041610079518,0,1.7e-11
0.9842030748958770,0.0,0.0000000000000000,0.0000000000000000,-0.0156696728281109,0.0000000000000000,7.8143179359852857,3.0036133101761040,2.119921,0.526046,-2.6459676260879,3.1151767307523,0,1.6e-11
0.9842077197304013,0.0,0.0000000000000000,0.0000000000000000,-0.0156866195592911,0.0000000000000000,7.8153179359852860,3.0036132766390673,2.125441,0.529914,-2.6553554981839,3.1263017272745,0,6.4e-12
0.9842123113362078,0.0,0.0000000000000000,0.0000000000000000,-0.0157033878041240,0.0000000000000000,7.8163179359852863,3.0036132431065443,2.131097,0.533780,-2.6648772994309,3.1375377461285,0,4.5e-12
0.9842168513956930,0.0,0.0000000000000000,0.0000000000000000,-0.0157199831615121,0.0000000000000000,7.8173179359852858,3.0036132095784125,2.136889,0.537644,-2.6745338564901,3.1488867461268,0,5.4e-12
0.9842213415073378,0.0,0.0000000000000000,0.0000000000000000,-0.0157364109517625,0.0000000000000000,7.8183179359852861,3.0036131760545621,2.142820,0.541507,-2.6843261182455,3.1603507819476,0,4.6e-12
0.9842257832019867,0.0,0.0000000000000000,0.0000000000000000,-0.0157526762746651,0.0000000000000000,7.8193179359852856,3.0036131425348018,2.148888,0.545367,-2.6942545287903,3.1719315868325,0,2.3e-11
0.9842301779017140,0.0,0.0000000000000000,0.0000000000000000,-0.0157687838598133,0.0000000000000000,7.8203179359852859,3.0036131090191178,2.155096,0.549225,-2.7043205550247,3.1836315786782,0,8.3e-12
0.9842345270059156,0.0,0.0000000000000000,0.0000000000000000,-0.0157847383736759,0.0000000000000000,7.8213179359852862,3.0036130755072699,2.161444,0.553080,-2.7145243841181,3.1954523314397,0,7.9e-12
0.9842388318053109,0.0,0.0000000000000000,0.0000000000000000,-0.0158005441105327,0.0000000000000000,7.8223179359852857,3.0036130419992353,2.167933,0.556934,-2.7248674117586,3.2073962436587,0,7.4e-12
0.9842430935691352,0.0,0.0000000000000000,0.0000000000000000,-0.0158162053030397,0.0000000000000000,7.8233179359852860,3.0036130084948152,2.174564,0.560786,-2.7353502155157,3.2194651689278,0,5.6e-12
0.9842473134861740,0.0,0.0000000000000000,0.0000000000000000,-0.0158317259112815,0.0000000000000000,7.8243179359852864,3.0036129749939082,2.181338,0.564636,-2.7459734733356,3.2316610442158,0,6.5e-12
0.9842514926931013,0.0,0.0000000000000000,0.0000000000000000,-0.0158471097223086,0.0000000000000000,7.8253179359852858,3.0036129414964172,2.188255,0.568483,-2.7567384715216,3.2439862276429,0,5.2e-12
0.9842556322919258,0.0,0.0000000000000000,0.0000000000000000,-0.0158623604116996,0.0000000000000000,7.8263179359852861,3.0036129080021836,2.195317,0.572328,-2.7676457989358,3.2564426099217,0,4.7e-12
0.9842597333217852,0.0,0.0000000000000000,0.0000000000000000,-0.0158774814425756,0.0000000000000000,7.8273179359852856,3.0036128745111124,2.202525,0.576172,-2.7786965435939,3.2690324428672,0,1.2e-11
0.9842637967914361,0.0,0.0000000000000000,0.0000000000000000,-0.0158924761804962,0.0000000000000000,7.8283179359852859,3.0036128410230503,2.209879,0.580013,-2.7898915202609,3.2817577881134,0,1.8e-11
0.9842678236652839,0.0,0.0000000000000000,0.0000000000000000,-0.0159073478430143,0.0000000000000000,7.8293179359852862,3.0036128075378605,2.217380,0.583852,-2.8012313231743,3.2946205618305,0,2.7e-12
0.9842718148597924,0.0,0.0000000000000000,0.0000000000000000,-0.0159220994862546,0.0000000000000000,7.8303179359852857,3.0036127740554450,2.225029,0.587688,-2.8127172188310,3.3076231798012,0,1.7e-11
0.9842757712538412,0.0,0.0000000000000000,0.0000000000000000,-0.0159367340414271,0.0000000000000000,7.8313179359852860,3.0036127405757052,2.232828,0.591523,-2.8243502930707,3.3207679470149,0,6.0e-12
0.9842796937110060,0.0,0.0000000000000000,0.0000000000000000,-0.0159512543936834,0.0000000000000000,7.8323179359852864,3.0036127070984628,2.240776,0.595355,-2.8361309804588,3.3340566768643,0,2.1e-12
0.9842835830418184,0.0,0.0000000000000000,0.0000000000000000,-0.0159656632470533,0.0000000000000000,7.8333179359852858,3.0036126736236257,2.248876,0.599185,-2.8480605536625,3.3474918338578,0,1.6e-12
0.9842874400406902,0.0,0.0000000000000000,0.0000000000000000,-0.0159799632558231,0.0000000000000000,7.8343179359852861,3.0036126401510326,2.257128,0.603012,-2.8601398128910,3.3610755308610,0,1.7e-12
0.9842912654561621,0.0,0.0000000000000000,0.0000000000000000,-0.0159941569176163,0.0000000000000000,7.8353179359852856,3.0036126066806026,2.265532,0.606838,-2.8723697450400,3.3748100382398,0,3.3e-12
0.9842950600242568,0.0,0.0000000000000000,0.0000000000000000,-0.0160082466925590,0.0000000000000000,7.8363179359852859,3.0036125732121794,2.274091,0.610661,-2.8847512813567,3.3886975865534,0,1.1e-11
0.9842988244477492,0.0,0.0000000000000000,0.0000000000000000,-0.0160222349283842,0.0000000000000000,7.8373179359852863,3.0036125397456450,2.282804,0.614481,-2.8972855024660,3.4027405503599,0,9.7e-12
0.9843025594009046,0.0,0.0000000000000000,0.0000000000000000,-0.0160361238778744,0.0000000000000000,7.8383179359852857,3.0036125062808749,2.291673,0.618300,-2.9099731505752,3.4169410220223,0,5.5e-12
0.9843062655384981,0.0,0.0000000000000000,0.0000000000000000,-0.0160499157294269,0.0000000000000000,7.8393179359852860,3.0036124728177511,2.300700,0.622116,-2.9228153843058,3.4313014610140,0,6.4e-12
0.9843099434947948,0.0,0.0000000000000000,0.0000000000000000,-0.0160636126040696,0.0000000000000000,7.8403179359852864,3.0036124393561376,2.309884,0.625929,-2.9358132268194,3.4458242171703,0,1.5e-12
0.9843135938829580,0.0,0.0000000000000000,0.0000000000000000,-0.0160772165531736,0.0000000000000000,7.8413179359852858,3.0036124058958875,2.319227,0.629741,-2.9489675075686,3.4605114938650,0,3.2e-12
0.9843172172755774,0.0,0.0000000000000000,0.0000000000000000,-0.0160907294878486,0.0000000000000000,7.8423179359852861,3.0036123724369488,2.328730,0.633550,-2.9622794717047,3.4753658628656,0,1.6e-11
0.9843208142633492,0.0,0.0000000000000000,0.0000000000000000,-0.0161041533895138,0.0000000000000000,7.8433179359852856,3.0036123389790905,2.338394,0.637356,-2.9757497209828,3.4903893305697,0,4.4e-12
0.9843243853841175,0.0,0.0000000000000000,0.0000000000000000,-0.0161174900542442,0.0000000000000000,7.8443179359852859,3.0036123055222617,2.348220,0.641160,-2.9893797448245,3.5055847131656,0,3.8e-12
0.9843279311734814,0.0,0.0000000000000000,0.0000000000000000,-0.0161307412755998,0.0000000000000000,7.8453179359852863,3.0036122720663112,2.358209,0.644962,-3.0031702398799,3.5209541268712,0,1.1e-12
0.9843314521585815,0.0,0.0000000000000000,0.0000000000000000,-0.0161439088206841,0.0000000000000000,7.8463179359852857,3.0036122386110691,2.368362,0.648761,-3.0171225033694,3.5365002298794,0,1.0e-11
0.9843349488145838,0.0,0.0000000000000000,0.0000000000000000,-0.0161569942750251,0.0000000000000000,7.8473179359852860,3.0036122051565086,2.378680,0.652557,-3.0312372333569,3.5522251672594,0,1.3e-11
0.9843384216464618,0.0,0.0000000000000000,0.0000000000000000,-0.0161699993343612,0.0000000000000000,7.8483179359852864,3.0036121717024225,2.389164,0.656352,-3.0455160157349,3.5681318839920,0,4.8e-12
0.9843418711157543,0.0,0.0000000000000000,0.0000000000000000,-0.0161829255432923,0.0000000000000000,7.8493179359852858,3.0036121382487067,2.399816,0.660143,-3.0599593883197,3.5842223901812,0,6.4e-12
0.9843452976740148,0.0,0.0000000000000000,0.0000000000000000,-0.0161957744140962,0.0000000000000000,7.8503179359852862,3.0036121047952480,2.410636,0.663932,-3.0745687693981,3.6004995140986,0,2.1e-12
0.9843487017740952,0.0,0.0000000000000000,0.0000000000000000,-0.0162085474669548,0.0000000000000000,7.8513179359852856,3.0036120713418746,2.421626,0.667719,-3.0893449462204,3.6169654933479,0,1.7e-11
0.9843520838309817,0.0,0.0000000000000000,0.0000000000000000,-0.0162212460899960,0.0000000000000000,7.8523179359852859,3.0036120378885136,2.432786,0.671503,-3.1042894439567,3.6336233043639,0,2.6e-12
0.9843554442701585,0.0,0.0000000000000000,0.0000000000000000,-0.0162338717122936,0.0000000000000000,7.8533179359852863,3.0036120044349910,2.444119,0.675284,-3.1194029953959,3.6504751479016,0,3.6e-12
0.9843587834888369,0.0,0.0000000000000000,0.0000000000000000,-0.0162464256645149,0.0000000000000000,7.8543179359852857,3.0036119709812064,2.455624,0.679063,-3.1346867734070,3.6675236742017,0,1.5e-12
0.9843621018808268,0.0,0.0000000000000000,0.0000000000000000,-0.0162589092680244,0.0000000000000000,7.8553179359852860,3.0036119375270278,2.467303,0.682839,-3.1501421294566,3.6847717216577,0,1.7e-11
0.9843653998317556,0.0,0.0000000000000000,0.0000000000000000,-0.0162713238179978,0.0000000000000000,7.8563179359852864,3.0036119040723017,2.479157,0.686613,-3.1657697701232,3.7022214876363,0,3.6e-12
0.9843686777025068,0.0,0.0000000000000000,0.0000000000000000,-0.0162836705233891,0.0000000000000000,7.8573179359852858,3.0036118706169432,2.491187,0.690384,-3.1815712668987,3.7198760652594,0,1.5e-11
0.9843719358628259,0.0,0.0000000000000000,0.0000000000000000,-0.0162959506276088,0.0000000000000000,7.8583179359852862,3.0036118371607827,2.503395,0.694152,-3.1975473615679,3.7377376939446,0,2.2e-12
0.9843751746565131,0.0,0.0000000000000000,0.0000000000000000,-0.0163081652835674,0.0000000000000000,7.8593179359852856,3.0036118037037216,2.515781,0.697918,-3.2136995799654,3.7558094467026,0,7.2e-12
0.9843783944281138,0.0,0.0000000000000000,0.0000000000000000,-0.0163203156493752,0.0000000000000000,7.8603179359852859,3.0036117702456138,2.528348,0.701681,-3.2300289681136,3.7740939140584,0,2.1e-12
0.9843815955066628,0.0,0.0000000000000000,0.0000000000000000,-0.0163324028299614,0.0000000000000000,7.8613179359852863,3.0036117367863375,2.541095,0.705441,-3.2465366830272,3.7925937969369,0,2.1e-12
0.9843847782150332,0.0,0.0000000000000000,0.0000000000000000,-0.0163444279101339,0.0000000000000000,7.8623179359852857,3.0036117033257668,2.554025,0.709199,-3.2632239087938,3.8113118524807,0,9.2e-12
0.9843879428711335,0.0,0.0000000000000000,0.0000000000000000,-0.0163563919592206,0.0000000000000000,7.8633179359852861,3.0036116698637598,2.567138,0.712954,-3.2800918504806,3.8302508482465,0,7.5e-12
0.9843910897806135,0.0,0.0000000000000000,0.0000000000000000,-0.0163682960047177,0.0000000000000000,7.8643179359852864,3.0036116364001879,2.580436,0.716706,-3.2971416143825,3.8494134686053,0,7.5e-12
0.9843942192376952,0.0,0.0000000000000000,0.0000000000000000,-0.0163801410349490,0.0000000000000000,7.8653179359852858,3.0036116029349436,2.593919,0.720455,-3.3143747168194,3.8688028817132,0,9.4e-12
0.9843973315357060,0.0,0.0000000000000000,0.0000000000000000,-0.0163919280373321,0.0000000000000000,7.8663179359852862,3.0036115694678815,2.607590,0.724202,-3.3317920567919,3.8884215484341,0,1.1e-11
0.9844004269643934,0.0,0.0000000000000000,0.0000000000000000,-0.0164036579878580,0.0000000000000000,7.8673179359852856,3.0036115359988549,2.621449,0.727946,-3.3493949665899,3.9082724185109,0,4.7e-12
0.9844035057957126,0.0,0.0000000000000000,0.0000000000000000,-0.0164153318010944,0.0000000000000000,7.8683179359852859,3.0036115025277415,2.635498,0.731686,-3.3671847339839,3.9283584322046,0,3.2e-13
0.9844065682956843,0.0,0.0000000000000000,0.0000000000000000,-0.0164269503713291,0.0000000000000000,7.8693179359852863,3.0036114690544404,2.649738,0.735425,-3.3851626733567,3.9486825625442,0,1.2e-12
0.9844096147342494,0.0,0.0000000000000000,0.0000000000000000,-0.0164385146089743,0.0000000000000000,7.8703179359852857,3.0036114355787937,2.664170,0.739160,-3.4033301362837,3.9692478390826,0,1.7e-11
0.9844126453660466,0.0,0.0000000000000000,0.0000000000000000,-0.0164500253716240,0.0000000000000000,7.8713179359852861,3.0036114021006668,2.678796,0.742892,-3.4216880954054,3.9900568394754,0,1.6e-11
0.9844156604388823,0.0,0.0000000000000000,0.0000000000000000,-0.0164614834928826,0.0000000000000000,7.8723179359852864,3.0036113686199601,2.693616,0.746622,-3.4402380320535,4.0111127769217,0,1.6e-11
0.9844186602057785,0.0,0.0000000000000000,0.0000000000000000,-0.0164728898276173,0.0000000000000000,7.8733179359852858,3.0036113351364970,2.708633,0.750349,-3.4589811533029,4.0324185094212,0,3.8e-12
0.9844216448960426,0.0,0.0000000000000000,0.0000000000000000,-0.0164842451461970,0.0000000000000000,7.8743179359852862,3.0036113016502006,2.723847,0.754072,-3.4779189274902,4.0539772815182,0,2.9e-12
0.9844246147526959,0.0,0.0000000000000000,0.0000000000000000,-0.0164955502703997,0.0000000000000000,7.8753179359852856,3.0036112681608915,2.739260,0.757793,-3.4970527458743,4.0757922112317,0,1.7e-11
0.9844275700015801,0.0,0.0000000000000000,0.0000000000000000,-0.0165068059613439,0.0000000000000000,7.8763179359852860,3.0036112346684489,2.754872,0.761511,-3.5163835030916,4.0978658010263,0,4.0e-12
0.9844305108620929,0.0,0.0000000000000000,0.0000000000000000,-0.0165180129580248,0.0000000000000000,7.8773179359852863,3.0036112011727698,2.770687,0.765226,-3.5359130686391,4.1202018321132,0,4.3e-12
0.9844334375572127,0.0,0.0000000000000000,0.0000000000000000,-0.0165291720141536,0.0000000000000000,7.8783179359852857,3.0036111676736947,2.786705,0.768938,-3.5556425834783,4.1428031351873,0,1.1e-11
0.9844363502974600,0.0,0.0000000000000000,0.0000000000000000,-0.0165402838397874,0.0000000000000000,7.8793179359852861,3.0036111341711025,2.802926,0.772647,-3.5755732365791,4.1656726268734,0,7.3e-12
0.9844392492972104,0.0,0.0000000000000000,0.0000000000000000,-0.0165513491597879,0.0000000000000000,7.8803179359852864,3.0036111006648447,2.819354,0.776353,-3.5957066275568,4.1888137401361,0,2.7e-12
0.9844421347548105,0.0,0.0000000000000000,0.0000000000000000,-0.0165623686429070,0.0000000000000000,7.8813179359852858,3.0036110671548100,2.835988,0.780056,-3.6160441823757,4.2122297422530,0,7.0e-12
0.9844450068720642,0.0,0.0000000000000000,0.0000000000000000,-0.0165733429714336,0.0000000000000000,7.8823179359852862,3.0036110336408557,2.852831,0.783756,-3.6365871128997,4.2359235761745,0,5.3e-12
0.9844478658415162,0.0,0.0000000000000000,0.0000000000000000,-0.0165842727949298,0.0000000000000000,7.8833179359852856,3.0036110001228780,2.869884,0.787453,-3.6573370654685,4.2598988287935,0,1.3e-11
0.9844507118614277,0.0,0.0000000000000000,0.0000000000000000,-0.0165951587857395,0.0000000000000000,7.8843179359852860,3.0036109666006929,2.887148,0.791147,-3.6782952054609,4.2841583667250,0,4.2e-12
0.9844535451180101,0.0,0.0000000000000000,0.0000000000000000,-0.0166060015728425,0.0000000000000000,7.8853179359852863,3.0036109330741874,2.904625,0.794838,-3.6994630961223,4.3087056780931,0,9.1e-12
0.9844563657877101,0.0,0.0000000000000000,0.0000000000000000,-0.0166168017516749,0.0000000000000000,7.8863179359852857,3.0036108995432547,2.922317,0.798525,-3.7208422829021,4.3335442397645,0,1.4e-12
0.9844591740548202,0.0,0.0000000000000000,0.0000000000000000,-0.0166275599466795,0.0000000000000000,7.8873179359852861,3.0036108660077430,2.940224,0.802210,-3.7424340942082,4.3586771823435,0,5.7e-12
0.9844619700981956,0.0,0.0000000000000000,0.0000000000000000,-0.0166382767635718,0.0000000000000000,7.8883179359852864,3.0036108324675146,2.958349,0.805892,-3.7642400981238,4.3841080229285,0,3.0e-12
0.9844647540868691,0.0,0.0000000000000000,0.0000000000000000,-0.0166489527743016,0.0000000000000000,7.8893179359852859,3.0036107989224372,2.976692,0.809570,-3.7862616119554,4.4098399094270,0,1.0e-11
0.9844675261958400,0.0,0.0000000000000000,0.0000000000000000,-0.0166595885725092,0.0000000000000000,7.8903179359852862,3.0036107653723598,2.995255,0.813245,-3.8085004266834,4.4358766953390,0,6.6e-12
0.9844702865759951,0.0,0.0000000000000000,0.0000000000000000,-0.0166701846658731,0.0000000000000000,7.8913179359852856,3.0036107318172216,3.014041,0.816917,-3.8309578406942,4.4622215726422,0,1.5e-11
0.9844730354070459,0.0,0.0000000000000000,0.0000000000000000,-0.0166807416676245,0.0000000000000000,7.8923179359852860,3.0036106982567947,3.033049,0.820586,-3.8536352268905,4.4888777141916,0,4.5e-12
0.9844757728385335,0.0,0.0000000000000000,0.0000000000000000,-0.0166912600822637,0.0000000000000000,7.8933179359852863,3.0036106646909975,3.052283,0.824252,-3.8765344866803,4.5158492400951,0,5.4e-12
0.9844784990276705,0.0,0.0000000000000000,0.0000000000000000,-0.0167017404429548,0.0000000000000000,7.8943179359852858,3.0036106311196948,3.071743,0.827914,-3.8996569391405,4.5431393143333,0,5.5e-12
0.9844812141364531,0.0,0.0000000000000000,0.0000000000000000,-0.0167121833013832,0.0000000000000000,7.8953179359852861,3.0036105975427021,3.091431,0.831573,-3.9230041326244,4.5707514629212,0,2.3e-12
0.9844839183007004,0.0,0.0000000000000000,0.0000000000000000,-0.0167225891148400,0.0000000000000000,7.8963179359852855,3.0036105639599611,3.111348,0.835229,-3.9465777808905,4.5986895431054,0,6.0e-12
0.9844866116783754,0.0,0.0000000000000000,0.0000000000000000,-0.0167329584219950,0.0000000000000000,7.8973179359852859,3.0036105303712812,3.131497,0.838882,-3.9703793982343,4.6269570197360,0,3.5e-12
0.9844892944067551,0.0,0.0000000000000000,0.0000000000000000,-0.0167432916869640,0.0000000000000000,7.8983179359852862,3.0036104967765702,3.151879,0.842532,-3.9944106235773,4.6555576553235,0,1.8e-11
0.9844919666382574,0.0,0.0000000000000000,0.0000000000000000,-0.0167535894300571,0.0000000000000000,7.8993179359852856,3.0036104631756326,3.172495,0.846178,-4.0186728634324,4.6844947218006,1,1.0e-11
0.9844946285027049,0.0,0.0000000000000000,0.0000000000000000,-0.0167638520899479,0.0000000000000000,7.9003179359852860,3.0036104295683854,3.193347,0.849821,-4.0431680096336,4.7137724081427,1,6.0e-12
0.9844972801392005,0.0,0.0000000000000000,0.0000000000000000,-0.0167740801398816,0.0000000000000000,7.9013179359852863,3.0036103959546798,3.214437,0.853460,-4.0678975799475,4.7433942517616,1,5.6e-12
0.9844999216813450,0.0,0.0000000000000000,0.0000000000000000,-0.0167842740336475,0.0000000000000000,7.9023179359852858,3.0036103623343910,3.235767,0.857096,-4.0928631756236,4.7733639248779,1,1.1e-11
0.9845025532670777,0.0,0.0000000000000000,0.0000000000000000,-0.0167944342420401,0.0000000000000000,7.9033179359852861,3.0036103287073410,3.257337,0.860729,-4.1180667293599,4.8036856566218,1,1.7e-11
0.9845051750175930,0.0,0.0000000000000000,0.0000000000000000,-0.0168045611752676,0.0000000000000000,7.9043179359852864,3.0036102950734387,3.279151,0.864359,-4.1435094833824,4.8343625441548,1,7.9e-12
0.9845077870607213,0.0,0.0000000000000000,0.0000000000000000,-0.0168146552682351,0.0000000000000000,7.9053179359852859,3.0036102614325517,3.301209,0.867985,-4.1691936203384,4.8653993158240,1,1.1e-11
0.9845103895311913,0.0,0.0000000000000000,0.0000000000000000,-0.0168247169819963,0.0000000000000000,7.9063179359852862,3.0036102277844861,3.323513,0.871608,-4.1951204627927,4.8967991219742,1,1.0e-11
0.9845129825441530,0.0,0.0000000000000000,0.0000000000000000,-0.0168347467066909,0.0000000000000000,7.9073179359852857,3.0036101941291511,3.346065,0.875227,-4.2212919412935,4.9285662863161,1,1.3e-11
0.9845155662173848,0.0,0.0000000000000000,0.0000000000000000,-0.0168447448428199,0.0000000000000000,7.9083179359852860,3.0036101604664234,3.368867,0.878843,-4.2477096641967,4.9607045579616,1,1.6e-11
0.9845181406765355,0.0,0.0000000000000000,0.0000000000000000,-0.0168547118205271,0.0000000000000000,7.9093179359852863,3.0036101267961164,3.391920,0.882455,-4.2743753778342,4.9932178502210,1,2.9e-12
0.9845207060341652,0.0,0.0000000000000000,0.0000000000000000,-0.0168646480217284,0.0000000000000000,7.9103179359852858,3.0036100931181400,3.415227,0.886064,-4.3012910492974,5.0261105845366,1,1.2e-11
0.9845232624039664,0.0,0.0000000000000000,0.0000000000000000,-0.0168745538347402,0.0000000000000000,7.9113179359852861,3.0036100594323325,3.438788,0.889670,-4.3284581091113,5.0593861661601,1,5.0e-12
0.9845258099016591,0.0,0.0000000000000000,0.0000000000000000,-0.0168844296542265,0.0000000000000000,7.9123179359852855,3.0036100257385647,3.462607,0.893272,-4.3558787492602,5.0930493914781,1,5.0e-12
0.9845283486356797,0.0,0.0000000000000000,0.0000000000000000,-0.0168942758498281,0.0000000000000000,7.9133179359852859,3.0036099920367039,3.486684,0.896870,-4.3835546180152,5.1271040936478,1,9.8e-12
0.9845308787174443,0.0,0.0000000000000000,0.0000000000000000,-0.0169040928026035,0.0000000000000000,7.9143179359852862,3.0036099583265905,3.511022,0.900465,-4.4114873646622,5.1615540674184,1,4.8e-12
0.9845334002531864,0.0,0.0000000000000000,0.0000000000000000,-0.0169138808750358,0.0000000000000000,7.9153179359852857,3.0036099246080932,3.535622,0.904057,-4.4396790109044,5.1964038289421,1,3.6e-12
0.9845359133469601,0.0,0.0000000000000000,0.0000000000000000,-0.0169236404220526,0.0000000000000000,7.9163179359852860,3.0036098908810862,3.560486,0.907645,-4.4681312547819,5.2316573044897,1,2.2e-11
0.9845384181012332,0.0,0.0000000000000000,0.0000000000000000,-0.0169333717931462,0.0000000000000000,7.9173179359852863,3.0036098571454470,3.585617,0.911229,-4.4968464201653,5.2673196544242,1,5.4e-12
0.9845409146224529,0.0,0.0000000000000000,0.0000000000000000,-0.0169430753536360,0.0000000000000000,7.9183179359852858,3.0036098234009976,3.611016,0.914810,-4.5258258728811,5.3033940818188,1,5.5e-12
0.9845434030107145,0.0,0.0000000000000000,0.0000000000000000,-0.0169527514456339,0.0000000000000000,7.9193179359852861,3.0036097896476033,3.636684,0.918387,-4.5550716425166,5.3398851643621,1,2.5e-12
0.9845458833590762,0.0,0.0000000000000000,0.0000000000000000,-0.0169624003859601,0.0000000000000000,7.9203179359852856,3.0036097558851607,3.662625,0.921961,-4.5845857944603,5.3767975937359,1,3.3e-13
0.9845591717457044,0.0,-0.0000000000000000,0.0000000000000000,-0.0170141639115894,0.0000000000000000,7.9257299647259698,3.0036095729984540,3.807817,0.941239,-4.7490553584481,5.5840642141682,1,7.4e-13
0.9845728746990308,0.0,-0.0000000000000000,0.0000000000000000,-0.0170676645280521,0.0000000000000000,7.9314061089891892,3.0036093808725495,3.969058,0.961340,-4.9303989331408,5.8156164888974,1,7.0e-12
0.9845867257474910,0.0,-0.0000000000000000,0.0000000000000000,-0.0171218683611105,0.0000000000000000,7.9372403183837008,3.0036091830346772,4.144751,0.981875,-5.1266257572351,6.0696273360715,1,5.2e-12
0.9846007326807362,0.0,0.0000000000000000,0.0000000000000000,-0.0171768088684891,0.0000000000000000,7.9432372797456798,3.0036089792662017,4.336321,1.002845,-5.3391658104588,6.3486584732090,1,1.1e-11
0.9846149036261660,0.0,-0.0000000000000000,0.0000000000000000,-0.0172325210457237,0.0000000000000000,7.9494018121966068,3.0036087693366302,4.545358,1.024253,-5.5696109961238,6.6555973959940,1,1.3e-11
0.9846295376119887,0.0,-0.0000000000000000,0.0000000000000000,-0.0172901877461996,0.0000000000000000,7.9558682220041632,3.0036085485809827,4.778441,1.046544,-5.8249848917372,7.0008496420560,1,1.2e-11
0.9846434869236748,0.0,0.0000000000000000,0.0000000000000000,-0.0173452819205502,0.0000000000000000,7.9621247638059902,3.0036083344214051,5.018052,1.067947,-6.0859992970197,7.3590150586481,1,1.3e-11
0.9846579146000413,0.0,-0.0000000000000000,0.0000000000000000,-0.0174023928776343,0.0000000000000000,7.9686884506101174,3.0036081091073497,5.285046,1.090223,-6.3752686890551,7.7618790838188,1,5.7e-12
0.9846725429647651,0.0,0.0000000000000000,0.0000000000000000,-0.0174604290167467,0.0000000000000000,7.9754367348157977,3.0036078767284824,5.577045,1.112932,-6.6899771339340,8.2068706915278,1,9.3e-12
0.9846870870463689,0.0,0.0000000000000000,0.0000000000000000,-0.0175182597301467,0.0000000000000000,7.9822362573508059,3.0036076417920330,5.890119,1.135609,-7.0257284954699,8.6888747192559,1,9.6e-12
0.9847015581876560,0.0,-0.0000000000000000,0.0000000000000000,-0.0175759264361673,0.0000000000000000,7.9890877358713244,3.0036074042065546,6.225724,1.158250,-7.3839738342129,9.2109437756610,1,6.2e-12
0.9847159672112569,0.0,-0.0000000000000000,0.0000000000000000,-0.0176334688982275,0.0000000000000000,7.9959918717054244,3.0036071638778825,6.585431,1.180846,-7.7662768518249,9.7763795196147,1,3.0e-12
0.9847309132156926,0.0,0.0000000000000000,0.0000000000000000,-0.0176932840508653,0.0000000000000000,8.0032362635601739,3.0036069106590997,6.987345,1.204315,-8.1916596310752,10.4149647863680,1,2.1e-11
0.9847458092375737,0.0,0.0000000000000000,0.0000000000000000,-0.0177530273271073,0.0000000000000000,8.0105367105643719,3.0036066543373425,7.419128,1.227712,-8.6468400844179,11.1085522234858,1,4.8e-12
0.9847603704449099,0.0,-0.0000000000000000,0.0000000000000000,-0.0178115496796315,0.0000000000000000,8.0177467637794209,3.0036064000017522,7.873413,1.250564,-9.1239769525639,11.8462045418061,1,1.2e-11
0.9847737826064866,0.0,-0.0000000000000000,0.0000000000000000,-0.0178655591011066,0.0000000000000000,8.0244490584819115,3.0036061624654775,8.321888,1.271574,-9.5934618030424,12.5818971555806,1,4.5e-12
0.9847874620339050,0.0,0.0000000000000000,0.0000000000000000,-0.0179207472131084,0.0000000000000000,8.0313421551315525,3.0036059169960114,8.810863,1.292946,-10.1038082612887,13.3919655120987,1,1.4e-11
0.9848017032360533,0.0,-0.0000000000000000,0.0000000000000000,-0.0179783101330537,0.0000000000000000,8.0385762813380826,3.0036056580461588,9.355912,1.315111,-10.6710235806519,14.3040651395515,1,7.9e-12
0.9848162376225885,0.0,0.0000000000000000,0.0000000000000000,-0.0180371704793250,0.0000000000000000,8.0460164859842003,3.0036053902260935,9.952467,1.337622,-11.2900889982713,15.3126401925173,1,4.3e-12
0.9848313797676109,0.0,0.0000000000000000,0.0000000000000000,-0.0180986110199998,0.0000000000000000,8.0538249322155391,3.0036051074455963,10.620093,1.360930,-11.9810234033414,16.4532038753286,1,4.1e-12
0.9848471605111967,0.0,0.0000000000000000,0.0000000000000000,-0.0181627698817465,0.0000000000000000,8.0620198839559976,3.0036048087009068,11.369347,1.385036,-12.7543823624695,17.7469519466123,1,5.9e-12
0.9848636133664729,0.0,0.0000000000000000,0.0000000000000000,-0.0182297972595208,0.0000000000000000,8.0706205180384281,3.0036044928962151,12.212671,1.409936,-13.6226071208634,19.2190854529575,1,5.8e-12
0.9848797682985614,0.0,0.0000000000000000,0.0000000000000000,-0.0182957437357908,0.0000000000000000,8.0791161017982205,3.0036041785557486,13.106817,1.434124,-14.5409411863464,20.7968020318751,1,1.6e-11
0.9848959668563310,0.0,0.0000000000000000,0.0000000000000000,-0.0183619982434887,0.0000000000000000,8.0876794777765291,3.0036038591862741,14.073752,1.458088,-15.5318392363066,22.5207629945185,1,1.6e-11
0.9849128889043166,0.0,0.0000000000000000,0.0000000000000000,-0.0184313486075258,0.0000000000000000,8.0966673181408026,3.0036035211376002,15.164413,1.482780,-16.6471938033369,24.4854944974622,1,1.1e-11
0.9849305759574011,0.0,-0.0000000000000000,0.0000000000000000,-0.0185039809063497,0.0000000000000000,8.1061007030864616,3.0036031630454763,16.398641,1.508184,-17.9068246769293,26.7321615986093,1,9.1e-12
0.9849487040174775,0.0,-0.0000000000000000,0.0000000000000000,-0.0185785772341070,0.0000000000000000,8.1158037319533847,3.0036027910395613,17.770960,1.533755,-19.3047154188047,29.2563012377253,1,1.8e-11
0.9849669255929834,0.0,0.0000000000000000,0.0000000000000000,-0.0186537118320637,0.0000000000000000,8.1255846204141555,3.0036024120937639,19.267972,1.558950,-20.8269218808468,32.0377972352415,1,1.4e-11
0.9849860101034134,0.0,0.0000000000000000,0.0000000000000000,-0.0187325668182636,0.0000000000000000,8.1358507572909708,3.0036020098728011,20.971814,1.584755,-22.5565697984747,35.2351942934344,1,1.1e-11
0.9850037299163500,0.0,0.0000000000000000,0.0000000000000000,-0.0188059291961761,0.0000000000000000,8.1453960903556109,3.0036016315904903,22.687494,1.608153,-24.2956476541162,38.4849678014128,1,1.5e-11
0.9850215810176465,0.0,0.0000000000000000,0.0000000000000000,-0.0188799752632370,0.0000000000000000,8.1550186965549560,3.0036012458615913,24.555409,1.631151,-26.1865595518902,42.0535746722108,1,7.7e-12
0.9850403180382524,0.0,0.0000000000000000,0.0000000000000000,-0.0189578452271387,0.0000000000000000,8.1651193534093380,3.0036008360279278,26.677284,1.654645,-28.3319290691527,46.1414404606509,1,1.4e-11
0.9850599982021121,0.0,-0.0000000000000000,0.0000000000000000,-0.0190397969781857,0.0000000000000000,8.1757218337386348,3.0036004001472687,29.096632,1.678586,-30.7752173914776,50.8411936796488,1,5.0e-12
0.9850798643187000,0.0,-0.0000000000000000,0.0000000000000000,-0.0191226892545169,0.0000000000000000,8.1864103575957206,3.0035999545710999,31.751549,1.701963,-33.4535126156533,56.0399691621722,1,2.1e-11
0.9850999319990308,0.0,0.0000000000000000,0.0000000000000000,-0.0192065898928911,0.0000000000000000,8.1971857815353175,3.0035994988338346,34.666466,1.724751,-36.3912168969908,61.7910297528612,1,8.1e-12
0.9851190221857711,0.0,0.0000000000000000,0.0000000000000000,-0.0192865579987570,0.0000000000000000,8.2074100923760067,3.0035990600731277,37.672492,1.745641,-39.4181336073335,67.7626623195085,1,3.7e-11
0.9851387221229331,0.0,0.0000000000000000,0.0000000000000000,-0.0193692363376094,0.0000000000000000,8.2179283324071157,3.0035986019933052,41.029691,1.766380,-42.7960702769047,74.4740054747132,1,3.3e-11
0.9851567378704414,0.0,-0.0000000000000000,0.0000000000000000,-0.0194449837635355,0.0000000000000000,8.2275137077317009,3.0035981783827013,44.342004,1.784607,-46.1266118296179,81.1330720066718,1,4.0e-12
0.9851757241109660,0.0,0.0000000000000000,0.0000000000000000,-0.0195249525597502,0.0000000000000000,8.2375762770873635,3.0035977271201135,48.099627,1.803048,-49.9026749550444,88.7259259219500,1,8.6e-12
0.9851957461565868,0.0,0.0000000000000000,0.0000000000000000,-0.0196094396114856,0.0000000000000000,8.2481397955878357,3.0035972458829812,52.378367,1.821634,-54.2000001902845,97.4141938121920,1,2.2e-11
0.9852168753471158,0.0,-0.0000000000000000,0.0000000000000000,-0.0196987704402397,0.0000000000000000,8.2592292043772382,3.0035967320863661,57.269580,1.840286,-59.1098658685783,107.3924228250880,1,2.3e-12
0.9852383033069047,0.0,0.0000000000000000,0.0000000000000000,-0.0197895436823255,0.0000000000000000,8.2704096717369922,3.0035962047934017,62.651658,1.858195,-64.5098526911073,118.4189911920582,1,5.8e-11
0.9852575560454009,0.0,0.0000000000000000,0.0000000000000000,-0.0198712554449040,0.0000000000000000,8.2803951810457299,3.0035957256770809,67.874075,1.873422,-69.7474968394796,129.1567911102902,1,1.2e-11
0.9852778930301058,0.0,-0.0000000000000000,0.0000000000000000,-0.0199577257938119,0.0000000000000000,8.2908782133775070,3.0035952140743567,73.814227,1.888624,-75.7028513644145,141.4073473834551,1,7.8e-12
0.9852985354552589,0.0,-0.0000000000000000,0.0000000000000000,-0.0200456591462735,0.0000000000000000,8.3014477294215521,3.0035946889956384,80.317082,1.903135,-82.2202167436764,154.8542271150418,1,2.6e-11
0.9853160007878369,0.0,0.0000000000000000,0.0000000000000000,-0.0201201875900302,0.0000000000000000,8.3103327578687018,3.0035942401644493,86.214289,1.914694,-88.1289831179459,167.0740262274635,1,4.0e-11
0.9853301801224326,0.0,-0.0000000000000000,0.0000000000000000,-0.0201807807827993,0.0000000000000000,8.3175062158512034,3.0035938726906410,91.282654,1.923601,-93.2062547956791,177.5913961622418,1,1.2e-10
0.9853448449558383,0.0,-0.0000000000000000,0.0000000000000000,-0.0202435304643222,0.0000000000000000,8.3248869571520512,3.0035934897158647,96.801500,1.932365,-98.7338653981757,189.0558276846623,1,4.2e-11
0.9853577467203891,0.0,-0.0000000000000000,0.0000000000000000,-0.0202988048436655,0.0000000000000000,8.3313476489531233,3.0035931503229683,101.899380,1.939704,-103.8390839335822,199.6546253822917,1,3.4e-11
0.9853700485597310,0.0,-0.0000000000000000,0.0000000000000000,-0.0203515689007388,0.0000000000000000,8.3374790681569984,3.0035928245599002,106.979921,1.946380,-108.9263019383144,210.2236326571328,1,3.3e-11
0.9853817766309496,0.0,0.0000000000000000,0.0000000000000000,-0.0204019264521092,0.0000000000000000,8.3432980349876917,3.0035925120290576,112.030385,1.952457,-113.9828415881088,220.7344970494332,1,5.2e-12
0.9853941471089798,0.0,-0.0000000000000000,0.0000000000000000,-0.0204550999588574,0.0000000000000000,8.3494075048982328,3.0035921802978507,117.584006,1.958564,-119.5425700550230,232.2957868709345,1,1.1e-11
0.9854066810672647,0.0,-0.0000000000000000,0.0000000000000000,-0.0205090365226016,0.0000000000000000,8.3555679536760348,3.0035918419960046,123.456512,1.964439,-125.4209505664962,244.5227431661342,1,4.5e-11
0.9854199072306510,0.0,0.0000000000000000,0.0000000000000000,-0.0205660177149824,0.0000000000000000,8.3620359507689273,3.0035914826156511,129.930956,1.970300,-131.9012561753948,258.0030015846496,1,6.0e-11
0.9854338684352493,0.0,0.0000000000000000,0.0000000000000000,-0.0206262391068219,0.0000000000000000,8.3688268387377214,3.0035911005837326,137.086045,1.976116,-139.0621612371816,272.8979529045610,1,5.8e-11
0.9854486106910194,0.0,0.0000000000000000,0.0000000000000000,-0.0206899115473839,0.0000000000000000,8.3759567253701039,3.0035906941796182,145.013065,1.981850,-146.9949145240685,289.3941417566330,1,2.2e-11
0.9854641834588592,0.0,-0.0000000000000000,0.0000000000000000,-0.0207572625979460,0.0000000000000000,8.3834425219425857,3.0035902615180623,153.818207,1.987459,-155.8056655352316,307.7073043569708,1,1.8e-10
0.9854784634279704,0.0,0.0000000000000000,0.0000000000000000,-0.0208191052133966,0.0000000000000000,8.3902655085320159,3.0035898617232344,162.297953,1.992204,-164.2901575817939,325.3306676088614,1,3.0e-11
0.9854920930609443,0.0,0.0000000000000000,0.0000000000000000,-0.0208782054173895,0.0000000000000000,8.3967408570217916,3.0035894773993776,170.767612,1.996384,-172.7639963040367,342.9177693498750,1,1.2e-11
0.9855061968280320,0.0,0.0000000000000000,0.0000000000000000,-0.0209394377658201,0.0000000000000000,8.4034035568015266,3.0035890768784208,179.933169,2.000357,-181.9335252225634,361.9305167925813,1,6.7e-11
0.9855210932513299,0.0,-0.0000000000000000,0.0000000000000000,-0.0210041958087799,0.0000000000000000,8.4103989370889156,3.0035886507085117,190.073732,2.004169,-192.0779009494386,382.9397895628499,1,9.7e-11
0.9855362072034857,0.0,0.0000000000000000,0.0000000000000000,-0.0210699882039370,0.0000000000000000,8.4174527473939804,3.0035882150018081,200.863965,2.007641,-202.8716068091660,405.2628407451266,1,1.3e-10
0.9855512357744844,0.0,0.0000000000000000,0.0000000000000000,-0.0211354976982009,0.0000000000000000,8.4244232292461181,3.0035877784285541,212.113768,2.010707,-214.1244749098209,428.4986377073255,1,4.5e-11
0.9855658792829829,0.0,-0.0000000000000000,0.0000000000000000,-0.0211994140288593,0.0000000000000000,8.4311736206809602,3.0035873498310743,223.593847,2.013330,-225.6071763800786,452.1680124974337,1,2.0e-10
0.9855790348906284,0.0,0.0000000000000000,0.0000000000000000,-0.0212569078959738,0.0000000000000000,8.4372033901716375,3.0035869620659432,234.359841,2.015385,-236.3752259356105,474.3252843078808,1,5.8e-11
0.9855882991134638,0.0,-0.0000000000000000,0.0000000000000000,-0.0212974362132232,0.0000000000000000,8.4414299601760678,3.0035866874501478,242.206189,2.016664,-244.2228526681299,490.4484215144803,1,1.4e-10
0.9855969476862059,0.0,-0.0000000000000000,0.0000000000000000,-0.0213353018242908,0.0000000000000000,8.4453610985395748,3.0035864299228514,249.733854,2.017734,-251.7515888780470,505.8966436220871,1,6.2e-11
0.9856057001378888,0.0,-0.0000000000000000,0.0000000000000000,-0.0213736523536534,0.0000000000000000,8.4493252094996283,3.0035861681570286,257.555609,2.018698,-259.5743060393337,521.9268674774357,1,9.6e-11
0.9856135452247275,0.0,0.0000000000000000,0.0000000000000000,-0.0214080528675380,0.0000000000000000,8.4528662392189222,3.0035859325459815,264.744242,2.019460,-266.7637014603640,536.6401854143623,1,2.2e-10
0.9856204337355917,0.0,-0.0000000000000000,0.0000000000000000,-0.0214382789345497,0.0000000000000000,8.4559660921315114,3.0035857248956130,271.197592,2.020050,-273.2176426204562,549.8328512775988,1,7.8e-11
0.9856275422471757,0.0,-0.0000000000000000,0.0000000000000000,-0.0214694900848881,0.0000000000000000,8.4591557637661499,3.0035855098582380,277.997937,2.020584,-280.0185220083461,563.7183359545597,1,2.1e-10
0.9856344463888744,0.0,0.0000000000000000,0.0000000000000000,-0.0214998231316223,0.0000000000000000,8.4622448413702287,3.0035853002668658,284.742081,2.021029,-286.7631103685962,577.4721831958304,1,9.9e-11
0.9856410171776087,0.0,0.0000000000000000,0.0000000000000000,-0.0215287092136812,0.0000000000000000,8.4651766672831421,3.0035851001194898,291.290231,2.021387,-293.3116183675797,590.8102797459142,1,2.1e-11
0.9856465552564488,0.0,0.0000000000000000,0.0000000000000000,-0.0215530687113802,0.0000000000000000,8.4676415965778951,3.0035849309155704,296.908904,2.021639,-298.9305422801332,602.2424314426316,1,6.4e-11
0.9856522669383456,0.0,0.0000000000000000,0.0000000000000000,-0.0215782046131066,0.0000000000000000,8.4701779625219249,3.0035847559148152,302.800573,2.021851,-304.8224240230496,614.2175375999432,1,8.5e-11
0.9856582784424918,0.0,0.0000000000000000,0.0000000000000000,-0.0216046740237474,0.0000000000000000,8.4728410974321182,3.0035845711860887,309.109239,2.022023,-311.1312622624187,627.0259333487993,1,2.9e-11
0.9856643553758930,0.0,0.0000000000000000,0.0000000000000000,-0.0216314461921549,0.0000000000000000,8.4755266039008017,3.0035843838807881,315.600380,2.022144,-317.6225229883262,640.1891099491622,1,2.8e-10
0.9856687113059358,0.0,-0.0000000000000000,0.0000000000000000,-0.0216506454929101,0.0000000000000000,8.4774474922914518,3.0035842492699283,320.324602,2.022198,-322.3467990325527,649.7595611616562,1,1.0e-10
0.9856728526672349,0.0,-0.0000000000000000,0.0000000000000000,-0.0216689060919399,0.0000000000000000,8.4792706146108330,3.0035841210176213,324.871983,2.022224,-326.8942070486941,658.9638194476938,1,6.6e-11
0.9856768701021364,0.0,0.0000000000000000,0.0000000000000000,-0.0216866268180028,0.0000000000000000,8.4810362611887005,3.0035839963491466,329.335839,2.022226,-331.3580648997978,667.9913939408943,1,2.1e-10
0.9856806891197106,0.0,0.0000000000000000,0.0000000000000000,-0.0217034783260823,0.0000000000000000,8.4827120451233142,3.0035838776056569,333.627695,2.022207,-335.6499021404344,676.6642243168462,1,1.5e-10
0.9856833160510509,0.0,-0.0000000000000000,0.0000000000000000,-0.0217150731170297,0.0000000000000000,8.4838632419076099,3.0035837957957088,336.607526,2.022182,-338.6297091761202,682.6819515968600,1,2.1e-10
0.9856859148385670,0.0,0.0000000000000000,0.0000000000000000,-0.0217265464083970,0.0000000000000000,8.4850009048802058,3.0035837147565569,339.577716,2.022148,-341.5998646799202,688.6766109040836,1,1.4e-10
0.9856885382479151,0.0,0.0000000000000000,0.0000000000000000,-0.0217381311490533,0.0000000000000000,8.4861481379893391,3.0035836328428860,342.598683,2.022104,-344.6207868908888,694.7702468916250,1,1.2e-10
