x0,y0,z0,xd0,yd0,zd0,Tp,JC,stabilityIndex1,stabilityIndex2,alpha,beta,impactFlag,error
0.9894838459851392,0.0,-0.0187945770444886,0.0000000000000000,-0.0060032396779836,0.0000000000000000,11.0382111858169516,3.0021798531343191,-89.555776,2.904269,86.6515076752317,-258.0940314535064,0,4.6e-11
0.9894873811136664,0.0,-0.0187909948155514,0.0000000000000000,-0.0060463323307418,0.0000000000000000,11.0387111858169522,3.0021797813439384,-110.797397,2.902159,107.8952380414445,-319.5516986918565,0,1.1e-10
0.9894907207506993,0.0,-0.0187876084698700,0.0000000000000000,-0.0060872399099600,0.0000000000000000,11.0392111858169510,3.0021797082533079,-132.211361,2.911963,129.2993983851574,-382.9945751346786,0,2.9e-11
0.9894938901923978,0.0,-0.0187843932592721,0.0000000000000000,-0.0061262418555803,0.0000000000000000,11.0397111858169517,3.0021796340196891,-153.743160,2.928720,150.8144395519685,-448.2707086360988,0,7.6e-11
0.9894969097703263,0.0,-0.0187813292714805,0.0000000000000000,-0.0061635628671009,0.0000000000000000,11.0402111858169523,3.0021795587694502,-175.350297,2.949829,172.4004680240366,-515.2533423197110,0,4.9e-10
0.9894997961146355,0.0,-0.0187784002015410,0.0000000000000000,-0.0061993868242624,0.0000000000000000,11.0407111858169511,3.0021794826059631,-196.998003,2.973806,194.0241970403473,-583.8338639115536,0,2.4e-13
0.9895025630189548,0.0,-0.0187755925113602,0.0000000000000000,-0.0062338662980142,0.0000000000000000,11.0412111858169517,3.0021794056154185,-218.658371,2.999750,215.6586208425839,-653.9204180594315,0,9.8e-11
0.9895041707376963,0.0,-0.0187739613383205,0.0000000000000000,-0.0062539629377494,0.0000000000000000,11.0415111858169510,3.0021793590546269,-231.650441,3.016013,228.6344273127933,-696.6608699439530,0,1.2e-10
0.9895057418648621,0.0,-0.0187723675653229,0.0000000000000000,-0.0062736464740918,0.0000000000000000,11.0418111858169521,3.0021793122360161,-244.634022,3.032689,241.6013334539812,-739.8988297711512,0,4.2e-11
0.9895072783992364,0.0,-0.0187708092254701,0.0000000000000000,-0.0062929390410706,0.0000000000000000,11.0421111858169514,3.0021792651720585,-257.604864,3.049707,254.5551564659134,-783.6193826636736,0,1.3e-10
0.9895087821680938,0.0,-0.0187692845194587,0.0000000000000000,-0.0063118608797832,0.0000000000000000,11.0424111858169525,3.0021792178741404,-270.559150,3.067014,267.4921351536953,-827.8088052345192,0,9.0e-11
0.9895102548445267,0.0,-0.0187677917988090,0.0000000000000000,-0.0063304305258622,0.0000000000000000,11.0427111858169518,3.0021791703527634,-283.493678,3.084567,280.4091118014780,-872.4551188761470,0,4.6e-11
0.9895116979693424,0.0,-0.0187663295443218,0.0000000000000000,-0.0063486650572420,0.0000000000000000,11.0430111858169511,3.0021791226175170,-296.405191,3.102329,293.3028622822629,-917.5462766182900,0,2.1e-10
0.9895131129616405,0.0,-0.0187648963559381,0.0000000000000000,-0.0063665802052616,0.0000000000000000,11.0433111858169521,3.0021790746772852,-309.290603,3.120272,306.1703312713004,-963.0707290659921,0,5.6e-11
0.9895145011325313,0.0,-0.0187634909392978,0.0000000000000000,-0.0063841905079013,0.0000000000000000,11.0436111858169514,3.0021790265402970,-322.147488,3.138373,319.0091155694220,-1009.0189025101063,0,2.4e-11
0.9895158636977858,0.0,-0.0187621120933840,0.0000000000000000,-0.0064015094505521,0.0000000000000000,11.0439111858169525,3.0021789782141521,-334.973267,3.156613,331.8166544334010,-1055.3808129568133,0,6.6e-11
0.9895172017859358,0.0,-0.0187607587026165,0.0000000000000000,-0.0064185495543173,0.0000000000000000,11.0442111858169518,3.0021789297059169,-347.765586,3.174976,344.5906109527984,-1102.1471856557910,0,1.2e-10
0.9895185164466204,0.0,-0.0187594297286906,0.0000000000000000,-0.0064353224680002,0.0000000000000000,11.0445111858169511,3.0021788810221905,-360.522164,3.193448,357.3287151320843,-1149.3089560346489,0,1.8e-10
0.9895198086598996,0.0,-0.0187581242016847,0.0000000000000000,-0.0064518390710264,0.0000000000000000,11.0448111858169522,3.0021788321690774,-373.241232,3.212021,370.0292112615207,-1196.8587339726655,0,2.0e-10
0.9895210793393614,0.0,-0.0187568412166305,0.0000000000000000,-0.0064681095079206,0.0000000000000000,11.0451111858169515,3.0021787831523508,-385.920869,3.230685,382.6901840771572,-1244.7886533188721,0,2.3e-11
0.9895223293412440,0.0,-0.0187555799249581,0.0000000000000000,-0.0064841432889865,0.0000000000000000,11.0454111858169526,3.0021787339773733,-398.559139,3.249432,395.3097074267956,-1293.0907989588013,0,1.2e-10
0.9895235594673227,0.0,-0.0187543395315161,0.0000000000000000,-0.0064999493215761,0.0000000000000000,11.0457111858169519,3.0021786846492033,-411.154617,3.268257,407.8863595797242,-1341.7589623006061,0,1.2e-10
0.9895247704715784,0.0,-0.0187531192880783,0.0000000000000000,-0.0065155359855496,0.0000000000000000,11.0460111858169512,3.0021786351725517,-423.705557,3.287155,420.4184020441305,-1390.7858638738689,0,1.8e-10
0.9895259630622475,0.0,-0.0187519184913127,0.0000000000000000,-0.0065309111542641,0.0000000000000000,11.0463111858169523,3.0021785855518774,-436.210448,3.306122,432.9043262203394,-1440.1650079265673,0,8.5e-11
0.9895271379056143,0.0,-0.0187507364792190,0.0000000000000000,-0.0065460822345633,0.0000000000000000,11.0466111858169516,3.0021785357914088,-448.668312,3.325156,445.3431571318141,-1489.8918039513082,0,3.9e-10
0.9895282956320802,0.0,-0.0187495726248607,0.0000000000000000,-0.0065610562410690,0.0000000000000000,11.0469111858169509,3.0021784858950569,-461.077300,3.344252,457.7330479042291,-1539.9585410700674,0,1.1e-10
0.9895294368345501,0.0,-0.0187484263383966,0.0000000000000000,-0.0065758397677641,0.0000000000000000,11.0472111858169519,3.0021784358666084,-473.436458,3.363409,470.0730479638635,-1590.3607279237622,0,1.6e-10
0.9895305620750116,0.0,-0.0187472970602713,0.0000000000000000,-0.0065904390697073,0.0000000000000000,11.0475111858169512,3.0021783857095912,-485.744779,3.382628,482.3621514756944,-1641.0937013443327,0,7.5e-11
0.9895316718856568,0.0,-0.0187461842602962,0.0000000000000000,-0.0066048600715707,0.0000000000000000,11.0478111858169523,3.0021783354273386,-498.000979,3.401904,494.5990740457188,-1692.1517635709752,0,1.3e-10
0.9895327667689506,0.0,-0.0187450874374369,0.0000000000000000,-0.0066191083674123,0.0000000000000000,11.0481111858169516,3.0021782850230898,-510.204127,3.421240,506.7828870279416,-1743.5305503318668,0,1.0e-11
0.9895338472043651,0.0,-0.0187440061134733,0.0000000000000000,-0.0066331892986235,0.0000000000000000,11.0484111858169509,3.0021782344998100,-522.353128,3.440632,518.9124959883120,-1795.2250551340112,0,5.1e-11
0.9895349136459876,0.0,-0.0187429398349968,0.0000000000000000,-0.0066471079254419,0.0000000000000000,11.0487111858169520,3.0021781838603685,-534.446720,3.460081,530.9866376369491,-1847.2295988444530,0,1.1e-09
0.9895359665240950,0.0,-0.0187418881724408,0.0000000000000000,-0.0066608690385779,0.0000000000000000,11.0490111858169513,3.0021781331075581,-546.485252,3.479590,543.0056612437378,-1899.5447978929733,0,4.3e-11
0.9895370062509404,0.0,-0.0187408507134690,0.0000000000000000,-0.0066744772382803,0.0000000000000000,11.0493111858169524,3.0021780822439217,-558.466680,3.499156,554.9675244974891,-1952.1619362752244,0,2.6e-10
0.9895380332177856,0.0,-0.0187398270668120,0.0000000000000000,-0.0066879368863455,0.0000000000000000,11.0496111858169517,3.0021780312719462,-570.390387,3.518779,566.8716082582700,-2005.0778284165717,0,2.8e-11
0.9895390477975748,0.0,-0.0187388168592100,0.0000000000000000,-0.0067012521418897,0.0000000000000000,11.0499111858169510,3.0021779801940105,-582.255905,3.538461,578.7174440591907,-2058.2899230422045,0,9.4e-11
0.9895400503465311,0.0,-0.0187378197338560,0.0000000000000000,-0.0067144269798375,0.0000000000000000,11.0502111858169521,3.0021779290123694,-594.062329,3.558202,590.5041263527589,-2111.7939200659457,0,6.7e-13
0.9895410412049482,0.0,-0.0187368353496947,0.0000000000000000,-0.0067274651982460,0.0000000000000000,11.0505111858169514,3.0021778777291774,-605.809017,3.578003,602.2310136157950,-2165.5865760676970,0,1.3e-10
0.9895420206978145,0.0,-0.0187358633808238,0.0000000000000000,-0.0067403704244472,0.0000000000000000,11.0508111858169524,3.0021778263465104,-617.495465,3.597865,613.8976003866069,-2219.6652111514122,0,9.8e-11
0.9895429891359083,0.0,-0.0187349035153195,0.0000000000000000,-0.0067531461287597,0.0000000000000000,11.0511111858169517,3.0021777748663614,-629.120862,3.617788,625.5030742747326,-2274.0258999588550,0,2.3e-10
0.9895439468182364,0.0,-0.0187339554529413,0.0000000000000000,-0.0067657956528630,0.0000000000000000,11.0514111858169510,3.0021777232905671,-640.684492,3.637773,637.0467181706041,-2328.6650530874613,0,6.2e-11
0.9895448940290700,0.0,-0.0187330189080057,0.0000000000000000,-0.0067783221711938,0.0000000000000000,11.0517111858169521,3.0021776716209967,-652.186144,3.657823,648.5283210223251,-2383.5812474983104,0,1.7e-10
0.9895458310424325,0.0,-0.0187320936049682,0.0000000000000000,-0.0067907287472056,0.0000000000000000,11.0520111858169514,3.0021776198593728,-663.624875,3.677936,659.9469386691301,-2438.7699534697458,0,8.4e-11
0.9895467581207321,0.0,-0.0187311792797753,0.0000000000000000,-0.0068030183145091,0.0000000000000000,11.0523111858169525,3.0021775680073706,-675.000483,3.698116,671.3023679161835,-2494.2297775440966,0,1.5e-11
0.9895476755158994,0.0,-0.0187302756787717,0.0000000000000000,-0.0068151936901455,0.0000000000000000,11.0526111858169518,3.0021775160666011,-686.312381,3.718362,682.5940190506252,-2549.9576903202105,0,1.6e-10
0.9895485834700170,0.0,-0.0187293825579899,0.0000000000000000,-0.0068272575824901,0.0000000000000000,11.0529111858169511,3.0021774640386125,-697.559869,3.738676,693.8211929198254,-2605.9501737920218,0,1.1e-10
0.9895494822170060,0.0,-0.0187284996816742,0.0000000000000000,-0.0068392126102975,0.0000000000000000,11.0532111858169522,3.0021774119248295,-708.742379,3.759058,704.9833201912911,-2662.2042454140028,0,1.1e-09
0.9895503719774486,0.0,-0.0187276268270790,0.0000000000000000,-0.0068510612385977,0.0000000000000000,11.0535111858169515,3.0021773597268453,-719.860563,3.779513,716.0810500697969,-2718.7223016037606,0,8.3e-11
0.9895512529698478,0.0,-0.0187267637737677,0.0000000000000000,-0.0068628059175997,0.0000000000000000,11.0538111858169525,3.0021773074458853,-730.912852,3.800039,727.1128130607151,-2775.4969969378435,0,7.0e-11
0.9895521254008085,0.0,-0.0187259103129670,0.0000000000000000,-0.0068744489600115,0.0000000000000000,11.0541111858169518,3.0021772550833203,-741.899103,3.820637,738.0784662404845,-2832.5272187605733,0,8.1e-12
0.9895529894701027,0.0,-0.0187250662426926,0.0000000000000000,-0.0068859926039165,0.0000000000000000,11.0544111858169511,3.0021772026404347,-752.819028,3.841310,748.9777183900160,-2889.8112318466883,0,2.6e-11
0.9895538453704302,0.0,-0.0187242313679919,0.0000000000000000,-0.0068974390088391,0.0000000000000000,11.0547111858169522,3.0021771501184626,-763.672250,3.862058,759.8101917296409,-2947.3469072415610,0,4.8e-11
0.9895546932874415,0.0,-0.0187234055009346,0.0000000000000000,-0.0069087902552190,0.0000000000000000,11.0550111858169515,3.0021770975186088,-774.458335,3.882884,770.5754515122654,-3005.1318696583621,0,2.5e-10
0.9895555334006714,0.0,-0.0187225884596294,0.0000000000000000,-0.0069200483568717,0.0000000000000000,11.0553111858169508,3.0021770448420115,-785.177180,3.903788,781.2733915826959,-3063.1652164952247,0,4.8e-11
0.9895563658831883,0.0,-0.0187217800686348,0.0000000000000000,-0.0069312152547176,0.0000000000000000,11.0556111858169519,3.0021769920897881,-795.828215,3.924772,791.9034432088686,-3121.4439622486825,0,4.3e-11
0.9895571909022364,0.0,-0.0187209801583129,0.0000000000000000,-0.0069422928249949,0.0000000000000000,11.0559111858169512,3.0021769392630144,-806.411240,3.945836,802.4654041769613,-3179.9667635734077,0,4.4e-11
0.9895580086195337,0.0,-0.0187201885644661,0.0000000000000000,-0.0069532828833302,0.0000000000000000,11.0562111858169523,3.0021768863627241,-816.925753,3.966983,812.9587692068696,-3238.7309082546853,0,2.9e-10
0.9895588191898830,0.0,-0.0187194051299694,0.0000000000000000,-0.0069641871628840,0.0000000000000000,11.0565111858169516,3.0021768333900130,-827.372733,3.988217,823.3845179573766,-3297.7406164918211,0,2.1e-09
0.9895596227682352,0.0,-0.0187186296970642,0.0000000000000000,-0.0069750074153667,0.0000000000000000,11.0568111858169509,3.0021767803456210,-837.748879,4.009531,833.7393482762452,-3356.9799872152507,0,2.8e-10
0.9895604194971043,0.0,-0.0187178621210125,0.0000000000000000,-0.0069857452306196,0.0000000000000000,11.0571111858169520,3.0021767272307183,-848.056950,4.030934,844.0260160080423,-3416.4616306200041,0,6.2e-11
0.9895612095192556,0.0,-0.0187171022564264,0.0000000000000000,-0.0069964022162419,0.0000000000000000,11.0574111858169513,3.0021766740461486,-858.295464,4.052425,854.2430384015911,-3476.1782053350471,0,8.8e-11
0.9895619929718720,0.0,-0.0187163499635761,0.0000000000000000,-0.0070069799144649,0.0000000000000000,11.0577111858169523,3.0021766207927918,-868.464257,4.074006,864.3902512785231,-3536.1285535399220,0,1.8e-12
0.9895627699877093,0.0,-0.0187156051071556,0.0000000000000000,-0.0070174798176885,0.0000000000000000,11.0580111858169516,3.0021765674715102,-878.563151,4.095678,874.4674735106754,-3596.3114761938341,0,6.8e-11
0.9895635406955285,0.0,-0.0187148675558063,0.0000000000000000,-0.0070279033743531,0.0000000000000000,11.0583111858169509,3.0021765140831369,-888.591959,4.117442,884.4745168739951,-3656.7257039629621,0,1.7e-11
0.9895643052200939,0.0,-0.0187141371822168,0.0000000000000000,-0.0070382519877198,0.0000000000000000,11.0586111858169520,3.0021764606284829,-898.550424,4.139300,894.4111236906992,-3717.3696733679972,0,5.5e-11
0.9895650636825023,0.0,-0.0187134138626835,0.0000000000000000,-0.0070485270208334,0.0000000000000000,11.0589111858169513,3.0021764071083319,-908.438277,4.161253,904.2770233715444,-3778.2417293700855,0,6.9e-12
0.9895658162002332,0.0,-0.0187126974771477,0.0000000000000000,-0.0070587297960758,0.0000000000000000,11.0592111858169524,3.0021763535234447,-918.255406,4.183303,914.0721028976959,-3839.3409811055171,0,1.6e-11
0.9895665628872281,0.0,-0.0187119879090848,0.0000000000000000,-0.0070688615960697,0.0000000000000000,11.0595111858169517,3.0021762998745696,-928.001470,4.205452,923.7960180343017,-3900.6654157399316,0,2.5e-10
0.9895690111308705,0.0,-0.0187096704880569,0.0000000000000000,-0.0071021374170259,0.0000000000000000,11.0605111858169511,3.0021761205918951,-959.974057,4.280008,955.6940483186806,-4106.6971930058789,0,1.1e-10
0.9895713996446269,0.0,-0.0187074236353714,0.0000000000000000,-0.0071346816118375,0.0000000000000000,11.0615111858169524,3.0021759406311421,-991.150220,4.355729,986.7944908417894,-4315.1816223860951,0,2.6e-10
0.9895737319394704,0.0,-0.0187052437440315,0.0000000000000000,-0.0071665337969316,0.0000000000000000,11.0625111858169518,3.0021757600152394,-1021.524184,4.432668,1017.0915154150140,-4526.0779031491838,0,8.9e-11
0.9895760112221338,0.0,-0.0187031275120159,0.0000000000000000,-0.0071977301918977,0.0000000000000000,11.0635111858169513,3.0021755787652320,-1051.091560,4.510884,1046.5806758319029,-4739.3522390446160,0,4.4e-10
0.9895782404309929,0.0,-0.0187010719066238,0.0000000000000000,-0.0072283040197137,0.0000000000000000,11.0645111858169525,3.0021753969004688,-1079.848635,4.590434,1075.2582006863245,-4954.9743745836895,0,1.4e-11
0.9895804222664261,0.0,-0.0186990741341261,0.0000000000000000,-0.0072582858474146,0.0000000000000000,11.0655111858169519,3.0021752144387635,-1107.791526,4.671378,1103.1201483578773,-5172.9129819932859,0,6.9e-11
0.9895825592163500,0.0,-0.0186971316146594,0.0000000000000000,-0.0072877038656380,0.0000000000000000,11.0665111858169514,3.0021750313966025,-1134.917417,4.753775,1130.1636412844200,-5393.1423238242278,0,4.4e-11
0.9895846535787008,0.0,-0.0186952419596564,0.0000000000000000,-0.0073165841410571,0.0000000000000000,11.0675111858169508,3.0021748477892714,-1161.223998,4.837688,1156.3863104624575,-5615.6393735642778,0,2.3e-10
0.9895867074812438,0.0,-0.0186934029522333,0.0000000000000000,-0.0073449508364138,0.0000000000000000,11.0685111858169520,3.0021746636309632,-1186.709061,4.923179,1181.7858815490154,-5840.3815084398957,0,1.1e-10
0.9895887228982159,0.0,-0.0186916125305395,0.0000000000000000,-0.0073728263954024,0.0000000000000000,11.0695111858169515,3.0021744789349079,-1211.371152,5.010314,1206.3608381138342,-6067.3502330464544,0,7.0e-11
0.9895907016653754,0.0,-0.0186898687727281,0.0000000000000000,-0.0074002317111857,0.0000000000000000,11.0705111858169509,3.0021742937134506,-1235.208952,5.099160,1230.1097920144557,-6296.5276961720083,0,7.3e-11
0.9895926454931353,0.0,-0.0186881698839396,0.0000000000000000,-0.0074271862713651,0.0000000000000000,11.0715111858169521,3.0021741079781377,-1258.221752,5.189785,1253.0319675562446,-6527.8995577067835,0,2.2e-10
0.9895945559780539,0.0,-0.0186865141846599,0.0000000000000000,-0.0074537082881261,0.0000000000000000,11.0725111858169516,3.0021739217397823,-1280.408624,5.282259,1275.1263652002913,-6761.4498827476054,0,1.6e-10
0.9895964346128840,0.0,-0.0186849001008249,0.0000000000000000,-0.0074798148076323,0.0000000000000000,11.0735111858169510,3.0021737350085504,-1301.769310,5.376657,1296.3926533929168,-6997.1666716156760,0,7.2e-11
0.9895982827958740,0.0,-0.0186833261543891,0.0000000000000000,-0.0075055218159363,0.0000000000000000,11.0745111858169505,3.0021735477939986,-1322.303760,5.473053,1316.8307071201550,-7235.0390269315103,0,3.9e-10
0.9896001018387932,0.0,-0.0186817909553977,0.0000000000000000,-0.0075308443271393,0.0000000000000000,11.0755111858169517,3.0021733601051261,-1342.012494,5.571528,1336.4409659537371,-7475.0596328226384,0,1.4e-10
0.9896018929740179,0.0,-0.0186802931946943,0.0000000000000000,-0.0075557964641852,0.0000000000000000,11.0765111858169512,3.0021731719504277,-1360.895367,5.672160,1355.2232064693121,-7717.2164955443004,0,1.4e-10
0.9896036573611220,0.0,-0.0186788316375006,0.0000000000000000,-0.0075803915303273,0.0000000000000000,11.0775111858169506,3.0021729833379336,-1378.953133,5.775036,1373.1780973316031,-7961.5033453312935,0,5.3e-11
0.9896053960929218,0.0,-0.0186774051173094,0.0000000000000000,-0.0076046420785383,0.0000000000000000,11.0785111858169518,3.0021727942752143,-1396.186525,5.880241,1390.3062840110347,-8207.9135476872325,0,2.7e-10
0.9896071101991987,0.0,-0.0186760125318062,0.0000000000000000,-0.0076285599502475,0.0000000000000000,11.0795111858169513,3.0021726047695618,-1412.596830,5.987869,1406.6089615394058,-8456.4441876165802,0,7.8e-11
0.9896088006545285,0.0,-0.0186746528356020,0.0000000000000000,-0.0076521563693212,0.0000000000000000,11.0805111858169507,3.0021724148277094,-1428.184290,6.098011,1422.0862779887107,-8707.0843586963601,0,1.3e-09
0.9896104683792106,0.0,-0.0186733250389760,0.0000000000000000,-0.0076754419413145,0.0000000000000000,11.0815111858169502,3.0021722244562103,-1442.951864,6.210771,1436.7410936626288,-8959.8432278122054,0,5.6e-11
0.9896121142450858,0.0,-0.0186720282016568,0.0000000000000000,-0.0076984267319435,0.0000000000000000,11.0825111858169514,3.0021720336612256,-1456.899522,6.326248,1450.5732746741264,-9214.7071112382691,0,2.6e-10
0.9896137390785165,0.0,-0.0186707614303831,0.0000000000000000,-0.0077211202908882,0.0000000000000000,11.0835111858169508,3.0021718424486350,-1470.029104,6.444550,1463.5845539008678,-9471.6761100506410,0,2.5e-11
0.9896153436634009,0.0,-0.0186695238756039,0.0000000000000000,-0.0077435316878024,0.0000000000000000,11.0845111858169503,3.0021716508240672,-1482.342650,6.565791,1475.7768592079128,-9730.7517809695564,0,1.4e-10
0.9896169287444831,0.0,-0.0186683147281354,0.0000000000000000,-0.0077656695509972,0.0000000000000000,11.0855111858169515,3.0021714587928718,-1493.841738,6.690087,1487.1516510691065,-9991.9316839955281,0,3.3e-11
0.9896184950295620,0.0,-0.0186671332168942,0.0000000000000000,-0.0077875420911069,0.0000000000000000,11.0865111858169509,3.0021712663601843,-1504.528463,6.817563,1497.7108999097200,-10255.2172540905885,0,6.3e-11
0.9896200431924510,0.0,-0.0186659786060245,0.0000000000000000,-0.0078091571343188,0.0000000000000000,11.0875111858169504,3.0021710735308917,-1514.404812,6.948346,1507.4564659301816,-10520.6087613066193,0,1.4e-11
0.9896215738746843,0.0,-0.0186648501930290,0.0000000000000000,-0.0078305221412788,0.0000000000000000,11.0885111858169516,3.0021708803096980,-1523.472941,7.082572,1516.3903682603304,-10788.1075124982744,0,1.6e-10
0.9896230876879456,0.0,-0.0186637473063780,0.0000000000000000,-0.0078516442353555,0.0000000000000000,11.0895111858169511,3.0021706867010924,-1531.735252,7.220384,1524.5148678422315,-11057.7167387807276,0,8.1e-11
0.9896245852157526,0.0,-0.0186626693037363,0.0000000000000000,-0.0078725302208576,0.0000000000000000,11.0905111858169523,3.0021704927093911,-1539.193841,7.361929,1531.8319114092819,-11329.4364058827050,0,5.6e-10
0.9896260670152425,0.0,-0.0186616155703259,0.0000000000000000,-0.0078931866009468,0.0000000000000000,11.0915111858169517,3.0021702983387519,-1545.851720,7.507366,1538.3443536513355,-11603.2749004508369,0,5.7e-11
0.9896275336188490,0.0,-0.0186605855169061,0.0000000000000000,-0.0079136196019249,0.0000000000000000,11.0925111858169512,3.0021701035931421,-1551.710879,7.656858,1544.0540208206839,-11879.2303477360401,0,7.9e-11
0.9896289855356440,0.0,-0.0186595785786742,0.0000000000000000,-0.0079338351829991,0.0000000000000000,11.0935111858169524,3.0021699084763975,-1556.774107,7.810580,1548.9635269196801,-12157.3081472031772,0,4.8e-11
0.9896304232528202,0.0,-0.0186585942136785,0.0000000000000000,-0.0079538390549882,0.0000000000000000,11.0945111858169518,3.0021697129922078,-1561.044245,7.968713,1553.0755320809815,-12437.5139820910990,0,6.1e-11
0.9896318472368963,0.0,-0.0186576319015414,0.0000000000000000,-0.0079736366941301,0.0000000000000000,11.0955111858169513,3.0021695171441247,-1564.524036,8.131452,1556.3925837506463,-12719.8521028677933,0,2.2e-10
0.9896332579349347,0.0,-0.0186566911422357,0.0000000000000000,-0.0079932333557871,0.0000000000000000,11.0965111858169507,3.0021693209355709,-1567.216191,8.298999,1558.9171916741725,-13004.3259046147577,0,8.2e-11
0.9896346557755620,0.0,-0.0186557714550920,0.0000000000000000,-0.0080126340848110,0.0000000000000000,11.0975111858169520,3.0021691243698538,-1569.123925,8.471570,1560.6523541235620,-13290.9438683697954,0,2.1e-11
0.9896360411702940,0.0,-0.0186548723773544,0.0000000000000000,-0.0080318437341707,0.0000000000000000,11.0985111858169514,3.0021689274501182,-1570.249454,8.649390,1561.6000620222317,-13579.7024396157358,0,2.2e-09
0.9896374145132948,0.0,-0.0186539934645495,0.0000000000000000,-0.0080508669496471,0.0000000000000000,11.0995111858169508,3.0021687301795872,-1570.597922,8.832708,1561.7652144977669,-13870.6323458345141,0,2.1e-11
0.9896387761845254,0.0,-0.0186531342870653,0.0000000000000000,-0.0080697082296383,0.0000000000000000,11.1005111858169521,3.0021685325610976,-1570.170439,9.021769,1561.1486695775500,-14163.7155994235072,0,2.2e-11
0.9896401265483254,0.0,-0.0186522944318190,0.0000000000000000,-0.0080883718844630,0.0000000000000000,11.1015111858169515,3.0021683345975827,-1568.970955,9.216849,1559.7541062622518,-14458.9677626038902,0,1.0e-11
0.9896414659552926,0.0,-0.0186514735002061,0.0000000000000000,-0.0081068620703313,0.0000000000000000,11.1025111858169510,3.0021681362918295,-1567.002749,9.418232,1557.5845172201371,-14756.3958058340941,0,5.0e-11
0.9896427947427521,0.0,-0.0186506711076347,0.0000000000000000,-0.0081251827916942,0.0000000000000000,11.1035111858169522,3.0021679376465449,-1564.269085,9.626225,1554.6428600034408,-15056.0057956459932,0,2.6e-10
0.9896441132354326,0.0,-0.0186498868828291,0.0000000000000000,-0.0081433379093911,0.0000000000000000,11.1045111858169516,3.0021677386643502,-1560.773656,9.841151,1550.9325048994431,-15357.8090584962629,0,1.3e-11
0.9896454217461474,0.0,-0.0186491204671590,0.0000000000000000,-0.0081613311477693,0.0000000000000000,11.1055111858169511,3.0021675393477842,-1556.519769,10.063355,1546.4564142500383,-15661.8111564125866,0,2.1e-10
0.9896467205763340,0.0,-0.0186483715140391,0.0000000000000000,-0.0081791661013291,0.0000000000000000,11.1065111858169523,3.0021673396993127,-1551.510901,10.293205,1541.2176963655650,-15968.0189645451028,0,2.4e-11
0.9896480100165722,0.0,-0.0186476396884119,0.0000000000000000,-0.0081968462404077,0.0000000000000000,11.1075111858169517,3.0021671397213283,-1545.750737,10.531091,1535.2196462788793,-16276.4418459411245,0,3.3e-10
0.9896492903471901,0.0,-0.0186469246661863,0.0000000000000000,-0.0082143749168592,0.0000000000000000,11.1085111858169512,3.0021669394161608,-1539.243167,10.777434,1528.4657326311117,-16587.0915920634288,0,1.2e-10
0.9896505618386534,0.0,-0.0186462261336804,0.0000000000000000,-0.0082317553712393,0.0000000000000000,11.1095111858169524,3.0021667387860651,-1531.991736,11.032679,1520.9590569114557,-16899.9738980659749,0,1.0e-10
0.9896518247521252,0.0,-0.0186455437871941,0.0000000000000000,-0.0082489907362573,0.0000000000000000,11.1105111858169519,3.0021665378332387,-1524.000292,11.297306,1512.7029858853616,-17215.0982230945956,0,2.1e-10
0.9896530793397974,0.0,-0.0186448773326072,0.0000000000000000,-0.0082660840418507,0.0000000000000000,11.1115111858169513,3.0021663365598221,-1515.272839,11.571827,1503.7010118040741,-17532.4758122183848,0,8.7e-12
0.9896543258453453,0.0,-0.0186442264848661,0.0000000000000000,-0.0082830382206558,0.0000000000000000,11.1125111858169507,3.0021661349678936,-1505.813177,11.856792,1493.9563854806147,-17852.1133817164227,0,9.1e-11
0.9896555645043273,0.0,-0.0186435909676616,0.0000000000000000,-0.0082998561115702,0.0000000000000000,11.1135111858169520,3.0021659330594797,-1495.625510,12.152791,1483.4727191522786,-18174.0236814464442,0,1.8e-10
0.9896567955445130,0.0,-0.0186429705130053,0.0000000000000000,-0.0083165404640555,0.0000000000000000,11.1145111858169514,3.0021657308365559,-1484.713779,12.460458,1472.2533211267842,-18498.2135008496698,0,1.3e-10
0.9896580191862333,0.0,-0.0186423648609060,0.0000000000000000,-0.0083330939421849,0.0000000000000000,11.1155111858169509,3.0021655283010440,-1473.082237,12.780477,1460.3017594005119,-18824.6940258909017,0,3.4e-11
0.9896592356426960,0.0,-0.0186417737590116,0.0000000000000000,-0.0083495191284187,0.0000000000000000,11.1165111858169521,3.0021653254548157,-1460.735084,13.113585,1447.6214984607725,-19153.4740237304941,0,4.2e-10
0.9896604451203338,0.0,-0.0186411969623457,0.0000000000000000,-0.0083658185256432,0.0000000000000000,11.1175111858169515,3.0021651222997101,-1447.676935,13.460579,1434.2163567499476,-19484.5692779395031,0,8.5e-11
0.9896616478189502,0.0,-0.0186406342328936,0.0000000000000000,-0.0083819945633999,0.0000000000000000,11.1185111858169510,3.0021649188375008,-1433.911691,13.822314,1420.0893767707587,-19817.9785051324870,0,1.4e-09
0.9896628439323392,0.0,-0.0186400853394965,0.0000000000000000,-0.0083980495963825,0.0000000000000000,11.1195111858169522,3.0021647150699509,-1419.444839,14.199730,1405.2451086591504,-20153.7333082688274,0,6.9e-11
0.9896640336479967,0.0,-0.0186395500573591,0.0000000000000000,-0.0084139859134585,0.0000000000000000,11.1205111858169516,3.0021645109987438,-1404.280201,14.593830,1389.6863712209533,-20491.8262792157475,0,1.8e-10
0.9896652171478648,0.0,-0.0186390281679671,0.0000000000000000,-0.0084298057351201,0.0000000000000000,11.1215111858169511,3.0021643066255499,-1388.422669,15.005712,1373.4169569386456,-20832.2710241607856,0,7.6e-11
0.9896663946083131,0.0,-0.0186385194587958,0.0000000000000000,-0.0084455112183207,0.0000000000000000,11.1225111858169523,3.0021641019519971,-1371.877281,15.436572,1356.4407087202503,-21175.0825386703946,0,4.9e-11
0.9896675662004460,0.0,-0.0186380237230452,0.0000000000000000,-0.0084611044593512,0.0000000000000000,11.1235111858169518,3.0021638969796713,-1354.648923,15.887710,1338.7612127166294,-21520.2690390100470,0,3.1e-10
0.9896687320902415,0.0,-0.0186375407594803,0.0000000000000000,-0.0084765874949576,0.0000000000000000,11.1245111858169512,3.0021636917101313,-1336.742912,16.360548,1320.3823637936732,-21867.8463721976150,0,1.2e-11
0.9896698924388144,0.0,-0.0186370703721385,0.0000000000000000,-0.0084919623058583,0.0000000000000000,11.1255111858169524,3.0021634861448998,-1318.164351,16.856639,1301.3077118758322,-22217.8206821683561,0,6.8e-11
0.9896710474025916,0.0,-0.0186366123702248,0.0000000000000000,-0.0085072308183490,0.0000000000000000,11.1265111858169519,3.0021632802854628,-1298.918794,17.377688,1281.5411057442329,-22570.2058386778226,0,1.1e-10
0.9896721971334702,0.0,-0.0186361665678455,0.0000000000000000,-0.0085223949060511,0.0000000000000000,11.1275111858169513,3.0021630741332821,-1279.011960,17.925568,1261.0863926303468,-22925.0155133910012,0,2.8e-10
0.9896733417789964,0.0,-0.0186357327838662,0.0000000000000000,-0.0085374563926321,0.0000000000000000,11.1285111858169508,3.0021628676897829,-1258.449479,18.502335,1239.9471432003281,-23282.2542467541061,0,2.0e-10
0.9896744814825532,0.0,-0.0186353108417620,0.0000000000000000,-0.0085524170525232,0.0000000000000000,11.1295111858169520,3.0021626609563699,-1237.237703,19.110266,1218.1274364428828,-23641.9421541304328,0,4.6e-11
0.9896756163834491,0.0,-0.0186349005693815,0.0000000000000000,-0.0085672786142930,0.0000000000000000,11.1305111858169514,3.0021624539344072,-1215.382740,19.751871,1195.6308693121025,-24004.0832062854897,0,6.6e-10
0.9896767466172575,0.0,-0.0186345017988737,0.0000000000000000,-0.0085820427602899,0.0000000000000000,11.1315111858169509,3.0021622466252484,-1192.891586,20.429939,1172.4616470186625,-24368.7020119042136,0,1.7e-10
0.9896778723154567,0.0,-0.0186341143664865,0.0000000000000000,-0.0085967111305399,0.0000000000000000,11.1325111858169521,3.0021620390302046,-1169.770581,21.147555,1148.6230254258724,-24735.7881228370825,0,1.4e-09
0.9896789936064398,0.0,-0.0186337381124396,0.0000000000000000,-0.0086112853210772,0.0000000000000000,11.1335111858169515,3.0021618311505929,-1146.027873,21.908180,1124.1196930936169,-25105.3845775235677,0,1.6e-10
0.9896801106147192,0.0,-0.0186333728807526,0.0000000000000000,-0.0086257668908152,0.0000000000000000,11.1345111858169510,3.0021616229876558,-1121.670609,22.715654,1098.9549553165177,-25477.4810061961180,0,9.5e-11
0.9896812234616171,0.0,-0.0186330185191887,0.0000000000000000,-0.0086401573570243,0.0000000000000000,11.1355111858169522,3.0021614145426510,-1096.707152,23.574293,1073.1328597211373,-25852.0951261889422,0,2.9e-10
0.9896823322651783,0.0,-0.0186326748790623,0.0000000000000000,-0.0086544582002298,0.0000000000000000,11.1365111858169517,3.0021612058167984,-1071.146203,24.488941,1046.6572616576666,-26229.2361915435176,0,7.3e-11
0.9896834371403549,0.0,-0.0186323418151833,0.0000000000000000,-0.0086686708638158,0.0000000000000000,11.1375111858169511,3.0021609968113059,-1044.997325,25.465065,1019.5322606579577,-26608.9242711407715,0,2.4e-10
0.9896845381990701,0.0,-0.0186320191856668,0.0000000000000000,-0.0086827967567130,0.0000000000000000,11.1385111858169523,3.0021607875273513,-1018.270470,26.508835,991.7616348787260,-26991.1639629432466,0,1.3e-11
0.9896856355503345,0.0,-0.0186317068518886,0.0000000000000000,-0.0086968372533581,0.0000000000000000,11.1395111858169518,3.0021605779660963,-990.976730,27.627262,963.3494677384983,-27375.9740552763687,0,1.5e-10
0.9896867293003394,0.0,-0.0186314046783476,0.0000000000000000,-0.0087107936953681,0.0000000000000000,11.1405111858169512,3.0021603681286826,-963.127985,28.828323,934.2996628336364,-27763.3640766876633,0,2.3e-10
0.9896878195525850,0.0,-0.0186311125325568,0.0000000000000000,-0.0087246673929033,0.0000000000000000,11.1415111858169524,3.0021601580162285,-934.737318,30.121132,904.6161865587394,-28153.3457591786864,0,1.2e-10
0.9896889064079279,0.0,-0.0186308302850094,0.0000000000000000,-0.0087384596243461,0.0000000000000000,11.1425111858169519,3.0021599476298442,-905.819342,31.516155,874.3031882631744,-28545.9418512792327,0,1.3e-09
0.9896899899645702,0.0,-0.0186305578089794,0.0000000000000000,-0.0087521716400320,0.0000000000000000,11.1435111858169513,3.0021597369705999,-876.389653,33.025421,843.3642315782329,-28941.1375803552801,0,3.0e-10
0.9896910703184791,0.0,-0.0186302949805572,0.0000000000000000,-0.0087658046591863,0.0000000000000000,11.1445111858169508,3.0021595260395797,-846.466703,34.662884,811.8038189255553,-29338.9773233928718,0,1.5e-11
0.9896921475630767,0.0,-0.0186300416784537,0.0000000000000000,-0.0087793598749459,0.0000000000000000,11.1455111858169520,3.0021593148378227,-816.070451,36.444720,779.6257316415551,-29739.4587596658967,0,7.5e-11
0.9896932217895258,0.0,-0.0186297977839945,0.0000000000000000,-0.0087928384523358,0.0000000000000000,11.1465111858169514,3.0021591033663695,-785.223865,38.389815,746.8340499500996,-30142.5986665691016,0,8.3e-11
0.9896942930867622,0.0,-0.0186295631809877,0.0000000000000000,-0.0088062415307412,0.0000000000000000,11.1475111858169509,3.0021588916262343,-753.953079,40.520304,713.4327751413746,-30548.4075744333968,0,1.1e-10
0.9896953615415370,0.0,-0.0186293377557054,0.0000000000000000,-0.0088195702238440,0.0000000000000000,11.1485111858169521,3.0021586796184199,-722.288178,42.862250,679.4259285410099,-30956.8963939282403,0,2.6e-10
0.9896964272385416,0.0,-0.0186291213967643,0.0000000000000000,-0.0088328256205174,0.0000000000000000,11.1495111858169516,3.0021584673439166,-690.264134,45.446495,644.8176388891634,-31368.0854287198745,0,4.7e-11
0.9896974902604135,0.0,-0.0186289139950684,0.0000000000000000,-0.0088460087862496,0.0000000000000000,11.1505111858169510,3.0021582548036934,-657.921559,48.309680,609.6118792279917,-31781.9798742916319,0,3.0e-10
0.9896985506878343,0.0,-0.0186287154437667,0.0000000000000000,-0.0088591207628025,0.0000000000000000,11.1515111858169522,3.0021580419987104,-625.308344,51.495556,573.8127880968364,-32198.6006467670959,0,2.4e-11
0.9896996085996090,0.0,-0.0186285256381355,0.0000000000000000,-0.0088721625697140,0.0000000000000000,11.1525111858169517,3.0021578289299149,-592.480948,55.056551,537.4243974831347,-32617.9573928377649,0,4.5e-10
0.9897006640725876,0.0,-0.0186283444755692,0.0000000000000000,-0.0088851352049474,0.0000000000000000,11.1535111858169511,3.0021576155982324,-559.506445,59.055720,500.4507252645694,-33040.0557337036444,0,1.0e-11
0.9897017171820296,0.0,-0.0186281718555024,0.0000000000000000,-0.0088980396445727,0.0000000000000000,11.1545111858169523,3.0021574020045869,-526.465142,63.569130,462.8960128413933,-33464.9307077428384,0,1.5e-09
0.9897027680011228,0.0,-0.0186280076793347,0.0000000000000000,-0.0089108768451057,0.0000000000000000,11.1555111858169518,3.0021571881498770,-493.452647,68.688569,424.7640785382146,-33892.5561265423457,0,6.1e-11
0.9897038166017467,0.0,-0.0186278518504112,0.0000000000000000,-0.0089236477418899,0.0000000000000000,11.1565111858169512,3.0021569740350036,-460.584159,74.524890,386.0592695284995,-34322.9836122371926,0,1.6e-10
0.9897048630538841,0.0,-0.0186277042739261,0.0000000000000000,-0.0089363532519820,0.0000000000000000,11.1575111858169524,3.0021567596608389,-427.996873,81.211342,346.7855306123624,-34756.2007575869357,0,1.0e-09
0.9897059074260384,0.0,-0.0186275648569432,0.0000000000000000,-0.0089489942719019,0.0000000000000000,11.1585111858169519,3.0021565450282681,-395.854234,88.907106,306.9471278874666,-35192.2543410712387,0,4.9e-10
0.9897069497851805,0.0,-0.0186274335081566,0.0000000000000000,-0.0089615716827999,0.0000000000000000,11.1595111858169513,3.0021563301381304,-364.347723,97.799750,266.5479730345796,-35631.1160760897619,0,3.8e-10
0.9897079901966478,0.0,-0.0186273101381765,0.0000000000000000,-0.0089740863448356,0.0000000000000000,11.1605111858169508,3.0021561149912843,-333.698380,108.106086,225.5922936095353,-36072.8257891771718,0,4.0e-10
0.9897090287244544,0.0,-0.0186271946591589,0.0000000000000000,-0.0089865391025162,0.0000000000000000,11.1615111858169520,3.0021558995885638,-304.153245,120.069061,184.0841841292922,-36517.3944945653493,0,1.2e-10
0.9897100654311226,0.0,-0.0186270869849286,0.0000000000000000,-0.0089989307834218,0.0000000000000000,11.1625111858169515,3.0021556839307912,-275.976788,133.949049,142.0277396748811,-36964.8281603628857,0,3.1e-10
0.9897111003778231,0.0,-0.0186269870308973,0.0000000000000000,-0.0090112621982294,0.0000000000000000,11.1635111858169509,3.0021554680187847,-249.434793,150.007707,99.4270862338913,-37415.1413861951223,0,3.2e-10
0.9897121336244100,0.0,-0.0186268947140042,0.0000000000000000,-0.0090235341421910,0.0000000000000000,11.1645111858169521,3.0021552518533472,-224.770703,168.484355,56.2863484365162,-37868.3469550560840,0,9.1e-11
0.9897131652293798,0.0,-0.0186268099527185,0.0000000000000000,-0.0090357473946009,0.0000000000000000,11.1655111858169516,3.0021550354352771,-202.177770,189.568114,12.6096552670479,-38324.4585952487905,0,3.4e-10
0.9897141952500575,0.0,-0.0186267326669659,0.0000000000000000,-0.0090479027198527,0.0000000000000000,11.1665111858169510,3.0021548187653582,213.372509,-181.773646,-31.5988625826162,-38783.4989320185341,0,5.5e-11
0.9897152237424129,0.0,-0.0186266627780936,0.0000000000000000,-0.0090600008677087,0.0000000000000000,11.1675111858169522,3.0021546018443668,239.920440,-163.585359,-76.3350810415786,-39245.4714835751001,0,1.7e-10
0.9897162507612826,0.0,-0.0186266002088577,0.0000000000000000,-0.0090720425732924,0.0000000000000000,11.1685111858169517,3.0021543846730738,269.145026,-147.550160,-121.5948660315289,-39710.3916424239433,0,2.2e-10
0.9897172763603218,0.0,-0.0186265448833662,0.0000000000000000,-0.0090840285581575,0.0000000000000000,11.1695111858169511,3.0021541672522334,300.905350,-133.531267,-167.3740828967179,-40178.2725849512062,0,1.8e-10
0.9897183005921010,0.0,-0.0186264967270209,0.0000000000000000,-0.0090959595300027,0.0000000000000000,11.1705111858169523,3.0021539495826008,335.011208,-121.342605,-213.6686028354943,-40649.1325804530061,0,5.7e-10
0.9897193235079793,0.0,-0.0186264556665644,0.0000000000000000,-0.0091078361837895,0.0000000000000000,11.1715111858169518,3.0021537316649081,371.248917,-110.774653,-260.4742636715828,-41122.9700158967535,0,2.1e-10
0.9897203451583427,0.0,-0.0186264216299609,0.0000000000000000,-0.0091196592005765,0.0000000000000000,11.1725111858169512,3.0021535134998993,409.402815,-101.615855,-307.7869601820171,-41599.8170897527452,0,1.8e-10
0.9897213655924800,0.0,-0.0186263945464141,0.0000000000000000,-0.0091314292497809,0.0000000000000000,11.1735111858169525,3.0021532950882945,449.269457,-93.666909,-355.6025474336020,-42079.6814346747851,0,2.7e-11
0.9897223848586747,0.0,-0.0186263743463165,0.0000000000000000,-0.0091431469881055,0.0000000000000000,11.1745111858169519,3.0021530764308131,490.665546,-86.748656,-403.9168894723680,-42562.5768967849290,0,4.6e-10
0.9897234030041491,0.0,-0.0186263609612478,0.0000000000000000,-0.0091548130605358,0.0000000000000000,11.1755111858169514,3.0021528575281624,533.430766,-80.704956,-452.7258102277688,-43048.5064093591936,0,5.1e-11
0.9897244200752958,0.0,-0.0186263543239027,0.0000000000000000,-0.0091664281002209,0.0000000000000000,11.1765111858169508,3.0021526383810464,577.427737,-75.402508,-502.0252286134496,-43537.4998400962650,0,4.5e-10
0.9897254361173791,0.0,-0.0186263543681208,0.0000000000000000,-0.0091779927290313,0.0000000000000000,11.1775111858169520,3.0021524189901587,622.539823,-70.728892,-551.8109306492443,-44029.5521127879038,0,2.0e-10
0.9897264511749239,0.0,-0.0186263610287933,0.0000000000000000,-0.0091895075575822,0.0000000000000000,11.1785111858169515,3.0021521993561886,668.668914,-66.590051,-602.0788632201256,-44524.6968816157605,0,1.1e-10
0.9897274652914350,0.0,-0.0186263742419001,0.0000000000000000,-0.0092009731858978,0.0000000000000000,11.1795111858169509,3.0021519794798164,715.732335,-62.907504,-652.8248312915525,-45022.9347486809711,0,1.1e-10
0.9897284785095889,0.0,-0.0186263939444349,0.0000000000000000,-0.0092123902033863,0.0000000000000000,11.1805111858169521,3.0021517593617157,763.660554,-59.615858,-704.0446956874680,-45524.2794239861832,0,1.8e-10
0.9897294908711730,0.0,-0.0186264200744396,0.0000000000000000,-0.0092237591890479,0.0000000000000000,11.1815111858169516,3.0021515390025502,812.394903,-56.660559,-755.7343439121978,-46028.7490391515312,0,2.9e-10
0.9897305024172385,0.0,-0.0186264525708865,0.0000000000000000,-0.0092350807117942,0.0000000000000000,11.1825111858169510,3.0021513184029880,861.885632,-53.995980,-807.8896519303053,-46536.3590940656140,0,6.7e-11
0.9897315131878839,0.0,-0.0186264913737759,0.0000000000000000,-0.0092463553308335,0.0000000000000000,11.1835111858169522,3.0021510975636780,912.090291,-51.583838,-860.5064531006578,-47047.1173496737028,0,2.4e-11
0.9897325232224882,0.0,-0.0186265364240283,0.0000000000000000,-0.0092575835957380,0.0000000000000000,11.1845111858169517,3.0021508764852665,962.972514,-49.391896,-913.5806181089015,-47561.0380556762684,0,8.1e-11
0.9897335325596833,0.0,-0.0186265876634673,0.0000000000000000,-0.0092687660467735,0.0000000000000000,11.1855111858169511,3.0021506551683972,1014.500912,-47.392895,-967.1080171329918,-48078.1352506113471,0,2.0e-10
0.9897345412372952,0.0,-0.0186266450348532,0.0000000000000000,-0.0092799032147604,0.0000000000000000,11.1865111858169524,3.0021504336137079,1066.648236,-45.563687,-1021.0845494388473,-48598.4263880258077,0,6.9e-12
0.9897355492924292,0.0,-0.0186267084818088,0.0000000000000000,-0.0092909956219934,0.0000000000000000,11.1875111858169518,3.0021502118218240,1119.390561,-43.884521,-1075.5060400762700,-49121.9184822095558,0,6.9e-11
0.9897365567614848,0.0,-0.0186267779488183,0.0000000000000000,-0.0093020437817481,0.0000000000000000,11.1885111858169513,3.0021499897933710,1172.706881,-42.338482,-1130.3683983394640,-49648.6295912980568,0,5.2e-12
0.9897375636801479,0.0,-0.0186268533812221,0.0000000000000000,-0.0093130481988191,0.0000000000000000,11.1895111858169525,3.0021497675289672,1226.578520,-40.911016,-1185.6675043520522,-50178.5735383114079,0,2.6e-10
0.9897385700834040,0.0,-0.0186269347251755,0.0000000000000000,-0.0093240093696400,0.0000000000000000,11.1905111858169519,3.0021495450292259,1280.988715,-39.589541,-1241.3991737740143,-50711.7558956026332,0,1.2e-11
0.9897395760055960,0.0,-0.0186270219276506,0.0000000000000000,-0.0093349277826143,0.0000000000000000,11.1915111858169514,3.0021493222947515,1335.922522,-38.363153,-1297.5593686444395,-51248.2001010602107,0,1.3e-10
0.9897405814803935,0.0,-0.0186271149364069,0.0000000000000000,-0.0093458039178618,0.0000000000000000,11.1925111858169508,3.0021490993261493,1391.366301,-37.222345,-1354.1439558197626,-51787.9171637373511,0,4.1e-10
0.9897415865408010,0.0,-0.0186272136999718,0.0000000000000000,-0.0093566382481356,0.0000000000000000,11.1935111858169520,3.0021488761240120,1447.307531,-36.158804,-1411.1487270003158,-52330.9096126817167,0,6.0e-11
0.9897425912192865,0.0,-0.0186273181676297,0.0000000000000000,-0.0093674312381618,0.0000000000000000,11.1945111858169515,3.0021486526889340,1503.734949,-35.165244,-1468.5697051315033,-52877.2060058715288,0,3.6e-12
0.9897435955476055,0.0,-0.0186274282894165,0.0000000000000000,-0.0093781833454354,0.0000000000000000,11.1955111858169509,3.0021484290215001,1560.637940,-34.235238,-1526.4027025947348,-53426.8105131126940,0,1.8e-10
0.9897445995569860,0.0,-0.0186275440160846,0.0000000000000000,-0.0093888950200074,0.0000000000000000,11.1965111858169521,3.0021482051222921,1618.006833,-33.363115,-1584.6437187933507,-53979.7475454804953,0,2.9e-10
0.9897456032779718,0.0,-0.0186276652991026,0.0000000000000000,-0.0093995667049498,0.0000000000000000,11.1975111858169516,3.0021479809918854,1675.832169,-32.543831,-1643.2883394263572,-54535.9973190189339,0,1.2e-09
0.9897466067407756,0.0,-0.0186277920906255,0.0000000000000000,-0.0094101988362581,0.0000000000000000,11.1985111858169510,3.0021477566308512,1734.105943,-31.772932,-1702.3330115347435,-55095.6296007144265,0,2.1e-10
0.9897476099747253,0.0,-0.0186279243434969,0.0000000000000000,-0.0094207918428149,0.0000000000000000,11.1995111858169523,3.0021475320397619,1792.819658,-31.046411,-1761.7732466195866,-55658.6165739693679,0,2.3e-11
0.9897486130088291,0.0,-0.0186280620112341,0.0000000000000000,-0.0094313461474022,0.0000000000000000,11.2005111858169517,3.0021473072191736,1851.965735,-30.360702,-1821.6050330428047,-56224.9792487057857,0,1.2e-10
0.9897496158714884,0.0,-0.0186282050479864,0.0000000000000000,-0.0094418621658753,0.0000000000000000,11.2015111858169512,3.0021470821696448,1911.536824,-29.712598,-1881.8242257939069,-56794.7252401816659,0,3.5e-10
0.9897506185906000,0.0,-0.0186283534085780,0.0000000000000000,-0.0094523403075623,0.0000000000000000,11.2025111858169524,3.0021468568917316,1971.526155,-29.099226,-1942.4269284257311,-57367.8855012643617,0,3.8e-11
0.9897516211935444,0.0,-0.0186285070484246,0.0000000000000000,-0.0094627809757553,0.0000000000000000,11.2035111858169518,3.0021466313859819,2031.926900,-28.517984,-2003.4089156609289,-57944.4585726822261,0,5.2e-11
0.9897526237071900,0.0,-0.0186286659235709,0.0000000000000000,-0.0094731845674842,0.0000000000000000,11.2045111858169513,3.0021464056529421,2092.732682,-27.966525,-2064.7661568939616,-58524.4615744985640,0,9.4e-11
0.9897536261579406,0.0,-0.0186288299906827,0.0000000000000000,-0.0094835514738343,0.0000000000000000,11.2055111858169525,3.0021461796931495,2153.937352,-27.442725,-2126.4946265534772,-59107.9114187383093,0,1.0e-10
0.9897546285717161,0.0,-0.0186289992069808,0.0000000000000000,-0.0094938820799658,0.0000000000000000,11.2065111858169519,3.0021459535071413,2215.534847,-26.944652,-2188.5901952757331,-59694.8149427892640,0,7.3e-11
0.9897556309739194,0.0,-0.0186291735303094,0.0000000000000000,-0.0095041767650279,0.0000000000000000,11.2075111858169514,3.0021457270954537,2277.519371,-26.470548,-2251.0488227919263,-60285.1867432361469,0,6.3e-11
0.9897566333895980,0.0,-0.0186293529190385,0.0000000000000000,-0.0095144359028032,0.0000000000000000,11.2085111858169508,3.0021455004586128,2339.885413,-26.018817,-2313.8665955533879,-60879.0519809359685,0,5.6e-10
