x0,y0,z0,xd0,yd0,zd0,Tp,JC,stabilityIndex1,stabilityIndex2,alpha,beta,impactFlag,error
1.0172823901164481,0.0,0.0000000000000000,0.0003586477980296,0.0120721550133961,0.0000000000000000,4.6540586602232752,3.0035627414631310,1.556509,1.433262,-2.9897706663741,4.2308846833186,1,2.2e-12
1.0172742341693903,0.0,0.0000000000000000,0.0005011485420809,0.0121053200603364,0.0000000000000000,4.6545586602232749,3.0035623619137564,1.555810,0.891065,-2.4468756279218,3.3863286452770,1,8.5e-13
1.0172661146693278,0.0,0.0000000000000000,0.0006109476791115,0.0121383715624306,0.0000000000000000,4.6550586602232755,3.0035619825745150,1.555111,0.348393,-1.9035040769898,2.5417899047382,1,3.0e-12
1.0172580312624089,0.0,0.0000000000000000,0.0007035281970097,0.0121713104978055,0.0000000000000000,4.6555586602232752,3.0035616034451893,1.554411,-0.194756,-1.3596553137911,1.6972691977662,1,1.2e-12
1.0172499836027431,0.0,0.0000000000000000,0.0007850072899747,0.0122041378207986,0.0000000000000000,4.6560586602232750,3.0035612245256673,1.553711,-0.738382,-0.8153287118362,0.8527673893202,1,6.8e-12
1.0172419713453835,0.0,0.0000000000000000,0.0008585526776219,0.0122368544884474,0.0000000000000000,4.6565586602232756,3.0035608458156586,1.553010,-1.282487,-0.2705234802823,0.0082850730899,1,2.9e-13
1.0172339941532131,0.0,0.0000000000000000,0.0009260576122520,0.0122694614345126,0.0000000000000000,4.6570586602232753,3.0035604673149807,-1.827070,1.552309,0.2747610285672,-0.8361769184466,1,4.1e-12
1.0172260516947360,0.0,0.0000000000000000,0.0009887610642979,0.0123019595771923,0.0000000000000000,4.6575586602232750,3.0035600890234773,-2.372133,1.551607,0.8205255082204,-1.6806178150646,1,2.9e-12
1.0172181436418255,0.0,0.0000000000000000,0.0010475265780033,0.0123343498278323,0.0000000000000000,4.6580586602232747,3.0035597109409249,-2.917675,1.550905,1.3667705612107,-2.5250367245086,1,6.7e-12
1.0172102696717329,0.0,0.0000000000000000,0.0011029846580539,0.0123666330831395,0.0000000000000000,4.6585586602232754,3.0035593330671246,-3.463699,1.550202,1.9134969454633,-3.3694329794368,1,5.6e-12
1.0172024294654420,0.0,0.0000000000000000,0.0011556124370693,0.0123988102315871,0.0000000000000000,4.6590586602232751,3.0035589554018292,-4.010204,1.549499,2.4607055413986,-4.2138060869025,1,9.2e-13
1.0171946227118878,0.0,0.0000000000000000,0.0012057813670373,0.0124308821366046,0.0000000000000000,4.6595586602232748,3.0035585779449350,-4.557192,1.548795,3.0083966973499,-5.0581547462685,1,2.8e-12
1.0171868490994753,0.0,0.0000000000000000,0.0012537874431765,0.0124628496693841,0.0000000000000000,4.6600586602232754,3.0035582006961192,-5.104662,1.548091,3.5565714651839,-5.9024787337069,1,1.8e-12
1.0171791083258783,0.0,0.0000000000000000,0.0012998710537985,0.0124947136709119,0.0000000000000000,4.6605586602232751,3.0035578236552647,-5.652616,1.547386,4.1052303406144,-6.7467769677944,1,4.9e-12
1.0171714000911294,0.0,0.0000000000000000,0.0013442306508361,0.0125264749786638,0.0000000000000000,4.6610586602232749,3.0035574468221680,-6.201054,1.546680,4.6543741022451,-7.5910487786541,1,1.3e-12
1.0171637240996476,0.0,0.0000000000000000,0.0013870323456533,0.0125581344183091,0.0000000000000000,4.6615586602232755,3.0035570701966283,-6.749978,1.545974,5.2040032799038,-8.4352931519066,1,5.9e-12
1.0171560800588502,0.0,0.0000000000000000,0.0014284168631679,0.0125896928093395,0.0000000000000000,4.6620586602232752,3.0035566937783922,-7.299387,1.545268,5.7541188588973,-9.2795097384450,1,2.7e-12
1.0171484676828422,0.0,0.0000000000000000,0.0014685046589798,0.0126211509504641,0.0000000000000000,4.6625586602232749,3.0035563175673192,-7.849283,1.544561,6.3047214077993,-10.1236975498647,1,4.7e-12
1.0171408866875942,0.0,0.0000000000000000,0.0015073998198343,0.0126525096383325,0.0000000000000000,4.6630586602232755,3.0035559415631692,-8.399665,1.543854,6.8558116112680,-10.9678557740557,1,2.2e-12
1.0171333367946869,0.0,0.0000000000000000,0.0015451930103431,0.0126837696528108,0.0000000000000000,4.6635586602232753,3.0035555657657746,-8.950536,1.543146,7.4073903107590,-11.8119838344163,1,3.9e-12
1.0171258177290166,0.0,0.0000000000000000,0.0015819637968055,0.0127149317656836,0.0000000000000000,4.6640586602232750,3.0035551901749455,-9.501895,1.542438,7.9594578404660,-12.6560804063458,1,9.4e-13
1.0171183292174284,0.0,0.0000000000000000,0.0016177824751717,0.0127459967458653,0.0000000000000000,4.6645586602232756,3.0035548147904074,-10.053744,1.541729,8.5120154561113,-13.5001455104649,1,3.7e-12
1.0171108709949199,0.0,0.0000000000000000,0.0016527114904649,0.0127769653357747,0.0000000000000000,4.6650586602232753,3.0035544396120777,-10.606083,1.541019,9.0650635234048,-14.3441778283575,1,2.4e-12
1.0171034427954573,0.0,0.0000000000000000,0.0016868066614482,0.0128078382859479,0.0000000000000000,4.6655586602232750,3.0035540646396681,-11.158912,1.540309,9.6186026500924,-15.1881764743950,1,9.7e-12
1.0170960443592298,0.0,0.0000000000000000,0.0017201180957411,0.0128386163274821,0.0000000000000000,4.6660586602232748,3.0035536898730046,-11.712233,1.539599,10.1726339362704,-16.0321412276140,1,1.0e-11
1.0170886754294184,0.0,0.0000000000000000,0.0017526909933532,0.0128693001842951,0.0000000000000000,4.6665586602232754,3.0035533153118883,-12.266046,1.538888,10.7271578749549,-16.8760709087922,1,3.7e-12
1.0170813357530604,0.0,0.0000000000000000,0.0017845662938102,0.0128998905696714,0.0000000000000000,4.6670586602232751,3.0035529409561370,-12.820352,1.538177,11.2821750084572,-17.7199645526950,1,3.0e-12
1.0170740250791643,0.0,0.0000000000000000,0.0018157812297084,0.0129303881932863,0.0000000000000000,4.6675586602232748,3.0035525668055070,-13.375151,1.537465,11.8376865779647,-18.5638220968379,1,1.1e-12
1.0170667431623590,0.0,0.0000000000000000,0.0018463697654446,0.0129607937474671,0.0000000000000000,4.6680586602232754,3.0035521928598494,-13.930445,1.536752,12.3936926140365,-19.4076418009402,1,1.1e-11
1.0170594897594860,0.0,0.0000000000000000,0.0018763630026854,0.0129911079198000,0.0000000000000000,4.6685586602232751,3.0035518191189738,-14.486233,1.536039,12.9501942079026,-20.2514232984493,1,1.5e-11
1.0170522646290754,0.0,0.0000000000000000,0.0019057895109333,0.0130213313953544,0.0000000000000000,4.6690586602232749,3.0035514455826169,-15.042518,1.535326,13.5071921478794,-21.0951660339852,1,6.2e-12
1.0170450675356786,0.0,0.0000000000000000,0.0019346755909643,0.0130514648398333,0.0000000000000000,4.6695586602232755,3.0035510722506431,-15.599299,1.534612,14.0646871593245,-21.9388691114339,1,1.0e-11
1.0170378982448449,0.0,0.0000000000000000,0.0019630455407751,0.0130815089187746,0.0000000000000000,4.6700586602232752,3.0035506991228234,-16.156577,1.533897,14.6226798389512,-22.7825316428165,1,8.0e-12
1.0170307565257926,0.0,0.0000000000000000,0.0019909218538250,0.0131114642872854,0.0000000000000000,4.6705586602232749,3.0035503261989542,-16.714353,1.533182,15.1811709108863,-23.6261527860213,1,2.0e-11
1.0170236421517753,0.0,0.0000000000000000,0.0020183253996722,0.0131413315886714,0.0000000000000000,4.6710586602232755,3.0035499534788781,-17.272628,1.532467,15.7401610652883,-24.4697316183630,1,3.1e-12
1.0170165548973125,0.0,0.0000000000000000,0.0020452755969707,0.0131711114646666,0.0000000000000000,4.6715586602232753,3.0035495809623645,-17.831402,1.531751,16.2996512000337,-25.3132676932353,1,6.1e-12
1.0170094945411965,0.0,0.0000000000000000,0.0020717905391312,0.0132008045440513,0.0000000000000000,4.6720586602232750,3.0035492086492428,-18.390676,1.531034,16.8596417104606,-26.1567596896151,1,1.3e-12
1.0170024608633379,0.0,0.0000000000000000,0.0020978871302456,0.0132304114549038,0.0000000000000000,4.6725586602232756,3.0035488365392617,-18.950451,1.530318,17.4201338035521,-27.0002074963781,1,7.0e-13
1.0169954536489847,0.0,0.0000000000000000,0.0021235811767909,0.0132599328079370,0.0000000000000000,4.6730586602232753,3.0035484646322881,-19.510728,1.529600,17.9811279143671,-27.8436098368404,1,1.2e-11
1.0169884726836724,0.0,0.0000000000000000,0.0021488875055976,0.0132893692157752,0.0000000000000000,4.6735586602232750,3.0035480929280789,-20.071507,1.528882,18.5426247105057,-28.6869659489796,1,2.1e-12
1.0169815177573958,0.0,0.0000000000000000,0.0021738200291421,0.0133187212774634,0.0000000000000000,4.6740586602232748,3.0035477214264659,-20.632789,1.528164,19.1046251200459,-29.5302751865029,1,2.0e-12
1.0169745886622932,0.0,0.0000000000000000,0.0021983918330203,0.0133479895869325,0.0000000000000000,4.6745586602232754,3.0035473501272585,-21.194574,1.527445,19.6671297668988,-30.3735365954777,1,4.7e-12
1.0169676851918890,0.0,0.0000000000000000,0.0022226152481785,0.0133771747354101,0.0000000000000000,4.6750586602232751,3.0035469790302152,-21.756864,1.526725,20.2301393283926,-31.2167492908645,1,6.2e-12
1.0169608071444372,0.0,0.0000000000000000,0.0022465018950967,0.0134062772995103,0.0000000000000000,4.6755586602232748,3.0035466081351854,-22.319660,1.526005,20.7936548079242,-32.0599128468378,1,7.0e-12
1.0169539543191985,0.0,0.0000000000000000,0.0022700627567605,0.0134352978544727,0.0000000000000000,4.6760586602232754,3.0035462374419573,-22.882961,1.525285,21.3576764399510,-32.9030258102889,1,1.9e-12
1.0169471265193428,0.0,0.0000000000000000,0.0022933082142265,0.0134642369636691,0.0000000000000000,4.6765586602232752,3.0035458669503794,-23.446769,1.524563,21.9222055642788,-33.7460880384311,1,6.3e-12
1.0169403235467089,0.0,0.0000000000000000,0.0023162481123902,0.0134930951984856,0.0000000000000000,4.6770586602232749,3.0035454966601258,-24.011085,1.523842,22.4872428208472,-34.5890988052533,1,2.1e-11
1.0169335452117125,0.0,0.0000000000000000,0.0023388917614952,0.0135218731000695,0.0000000000000000,4.6775586602232755,3.0035451265711606,-24.575908,1.523120,23.0527881512602,-35.4320558872424,1,1.2e-11
1.0169267913210889,0.0,0.0000000000000000,0.0023612480231568,0.0135505712261371,0.0000000000000000,4.6780586602232752,3.0035447566831648,-25.141241,1.522397,23.6188432345698,-36.2749600930759,1,6.1e-12
1.0169200616880330,0.0,0.0000000000000000,0.0023833253006941,0.0135791901127276,0.0000000000000000,4.6785586602232749,3.0035443869960137,-25.707083,1.521674,24.1854084027920,-37.1178098021518,1,4.2e-12
1.0169133561262904,0.0,0.0000000000000000,0.0024051315955189,0.0136077302960617,0.0000000000000000,4.6790586602232755,3.0035440175095016,-26.273436,1.520951,24.7524847547731,-37.9606047732137,1,1.9e-11
1.0169066744516202,0.0,0.0000000000000000,0.0024266745263799,0.0136361923075987,0.0000000000000000,4.6795586602232753,3.0035436482234101,-26.840299,1.520227,25.3200722725771,-38.8033430687709,1,7.0e-12
1.0169000164828539,0.0,0.0000000000000000,0.0024479613526202,0.0136645766693223,0.0000000000000000,4.6800586602232750,3.0035432791375616,-27.407675,1.519502,25.8881726507571,-39.6460252032167,1,1.2e-11
1.0168933820406467,0.0,0.0000000000000000,0.0024689990023977,0.0136928838983244,0.0000000000000000,4.6805586602232756,3.0035429102517699,-27.975563,1.518777,26.4567859869775,-40.4886494106025,1,8.5e-13
1.0168867709472234,0.0,0.0000000000000000,0.0024897940915730,0.0137211145088500,0.0000000000000000,4.6810586602232753,3.0035425415658117,-28.543965,1.518052,27.0259129896819,-41.3312149627465,1,7.2e-12
1.0168801830282208,0.0,0.0000000000000000,0.0025103529400163,0.0137492690038828,0.0000000000000000,4.6815586602232750,3.0035421730795315,-29.112880,1.517326,27.5955547368272,-42.1737212717879,1,3.8e-12
1.0168736181098570,0.0,0.0000000000000000,0.0025306815977044,0.0137773478867701,0.0000000000000000,4.6820586602232748,3.0035418047927034,-29.682311,1.516599,28.1657120747870,-43.0161678998965,1,3.1e-11
1.0168670760214635,0.0,0.0000000000000000,0.0025507858518102,0.0138053516514461,0.0000000000000000,4.6825586602232754,3.0035414367051474,-30.252257,1.515872,28.7363852863515,-43.8585530240481,1,1.7e-11
1.0168605565937643,0.0,0.0000000000000000,0.0025706712501652,0.0138332807884302,0.0000000000000000,4.6830586602232751,3.0035410688166624,-30.822720,1.515145,29.3075756184557,-44.7008765825974,1,3.6e-12
1.0168540596596811,0.0,0.0000000000000000,0.0025903431120933,0.0138611357817656,0.0000000000000000,4.6835586602232748,3.0035407011270570,-31.393700,1.514417,29.8792838224633,-45.5431379091258,1,2.8e-12
1.0168475850541747,0.0,0.0000000000000000,0.0026098065384043,0.0138889171106889,0.0000000000000000,4.6840586602232754,3.0035403336361388,-31.965198,1.513688,30.4515100043768,-46.3853352883821,1,2.0e-11
1.0168411326139577,0.0,0.0000000000000000,0.0026290664295055,0.0139166252491796,0.0000000000000000,4.6845586602232752,3.0035399663437148,-32.537214,1.512959,31.0242554964215,-47.2274684639535,1,2.3e-11
1.0168347021777777,0.0,0.0000000000000000,0.0026481274914140,0.0139442606660731,0.0000000000000000,4.6850586602232749,3.0035395992495926,-33.109750,1.512229,31.5975205397280,-48.0695358814564,1,1.9e-12
1.0168282935857271,0.0,0.0000000000000000,0.0026669942524553,0.0139718238265604,0.0000000000000000,4.6855586602232755,3.0035392323535648,-33.682806,1.511499,32.1713068811428,-48.9115382320609,1,8.6e-12
1.0168219066807735,0.0,0.0000000000000000,0.0026856710640660,0.0139993151872602,0.0000000000000000,4.6860586602232752,3.0035388656554667,-34.256383,1.510769,32.7456144452687,-49.7534733745102,1,4.2e-12
1.0168155413069488,0.0,0.0000000000000000,0.0027041621181409,0.0140267352025333,0.0000000000000000,4.6865586602232749,3.0035384991551037,-34.830481,1.510038,33.3204437585695,-50.5953401509068,1,2.3e-11
1.0168091973082880,0.0,0.0000000000000000,0.0027224714590197,0.0140540843287867,0.0000000000000000,4.6870586602232756,3.0035381328521926,-35.405103,1.509306,33.8957966364076,-51.4371394811195,1,1.5e-11
1.0168028745358229,0.0,0.0000000000000000,0.0027406029655310,0.0140813629972994,0.0000000000000000,4.6875586602232753,3.0035377667467125,-35.980247,1.508574,34.4716727774414,-52.2788685402460,1,4.0e-12
1.0167965728363328,0.0,0.0000000000000000,0.0027585603987626,0.0141085716581351,0.0000000000000000,4.6880586602232750,3.0035374008383422,-36.555915,1.507842,35.0480736364537,-53.1205276684942,1,1.4e-12
1.0167902920615000,0.0,0.0000000000000000,0.0027763473771260,0.0141357107438985,0.0000000000000000,4.6885586602232756,3.0035370351269237,-37.132108,1.507108,35.6249999691490,-53.9621159035286,1,7.4e-12
1.0167840320635519,0.0,0.0000000000000000,0.0027939673971451,0.0141627806872029,0.0000000000000000,4.6890586602232753,3.0035366696122443,-37.708827,1.506375,36.2024516793993,-54.8036315459464,1,6.3e-12
1.0167777926977171,0.0,0.0000000000000000,0.0028114238318020,0.0141897819106967,0.0000000000000000,4.6895586602232751,3.0035363042941596,-38.286072,1.505641,36.7804307160593,-55.6450748473185,1,7.2e-13
1.0167715738188519,0.0,0.0000000000000000,0.0028287199464959,0.0142167148405750,0.0000000000000000,4.6900586602232748,3.0035359391724255,-38.863844,1.504906,37.3589374435993,-56.4864447456042,1,1.2e-11
1.0167653752849000,0.0,0.0000000000000000,0.0028458588936827,0.0142435798927731,0.0000000000000000,4.6905586602232754,3.0035355742468735,-39.442143,1.504171,37.9379714333665,-57.3277386400691,1,1.0e-11
1.0167591969550984,0.0,0.0000000000000000,0.0028628437230708,0.0142703774801150,0.0000000000000000,4.6910586602232751,3.0035352095173202,-40.020971,1.503436,38.5175356144729,-58.1689584846599,1,1.2e-11
1.0167530386902741,0.0,0.0000000000000000,0.0028796773872421,0.0142971080105589,0.0000000000000000,4.6915586602232748,3.0035348449835890,-40.600329,1.502700,39.0976293877437,-59.0101019896111,1,3.0e-11
1.0167469003512943,0.0,0.0000000000000000,0.0028963627456755,0.0143237718947306,0.0000000000000000,4.6920586602232754,3.0035344806454236,-41.180217,1.501963,39.6782539717659,-59.8511679436432,1,2.2e-11
1.0167346829094519,0.0,0.0000000000000000,0.0029292995311393,0.0143769013116429,0.0000000000000000,4.6930586602232758,3.0035337525551773,-42.341586,1.500489,40.8410971942647,-61.5330645474371,1,6.4e-12
1.0167225435561267,0.0,0.0000000000000000,0.0029616752148045,0.0144297688903274,0.0000000000000000,4.6940586602232752,3.0035330252450660,-43.505085,1.499012,42.0060732021977,-63.2146428739675,1,2.3e-11
1.0167104812405452,0.0,0.0000000000000000,0.0029935096745436,0.0144823777278587,0.0000000000000000,4.6950586602232756,3.0035322987135782,-44.670720,1.497533,43.1731864934509,-64.8958944368962,1,2.8e-12
1.0166984949335454,0.0,0.0000000000000000,0.0030248216337043,0.0145347308628433,0.0000000000000000,4.6960586602232750,3.0035315729591714,-45.838497,1.496053,44.3424440825318,-66.5768126718060,1,6.6e-12
1.0166865836278463,0.0,0.0000000000000000,0.0030556287519414,0.0145868312735120,0.0000000000000000,4.6970586602232753,3.0035308479803193,-47.008424,1.494570,45.5138536996040,-68.2573922550966,1,9.6e-12
1.0166747463370127,0.0,0.0000000000000000,0.0030859477104815,0.0146386818807153,0.0000000000000000,4.6980586602232757,3.0035301237754983,-48.180505,1.493086,46.6874188441858,-69.9376226962520,1,2.8e-11
1.0166629820960140,0.0,0.0000000000000000,0.0031157942855249,0.0146902855443473,0.0000000000000000,4.6990586602232751,3.0035294003432500,-49.354746,1.491599,47.8631472799420,-71.6174995245040,1,2.6e-11
1.0166512899572204,0.0,0.0000000000000000,0.0031451834199504,0.0147416450813722,0.0000000000000000,4.7000586602232755,3.0035286776819650,-50.531157,1.490111,49.0410462615766,-73.2970151906986,1,8.9e-12
1.0166396689948451,0.0,0.0000000000000000,0.0031741292810197,0.0147927632422889,0.0000000000000000,4.7010586602232758,3.0035279557902168,-51.709741,1.488620,50.2211205185287,-74.9761620590239,1,3.0e-11
1.0166281182995607,0.0,0.0000000000000000,0.0032026453184435,0.0148436427375572,0.0000000000000000,4.7020586602232752,3.0035272346664210,-52.890505,1.487128,51.4033772220469,-76.6549329726506,1,3.9e-11
1.0166166369819274,0.0,0.0000000000000000,0.0032307443128128,0.0148942862188730,0.0000000000000000,4.7030586602232756,3.0035265143091121,-54.073456,1.485633,52.5878226921883,-78.3333204491248,1,3.8e-12
1.0166052241692771,0.0,0.0000000000000000,0.0032584384249627,0.0149446962927936,0.0000000000000000,4.7040586602232750,3.0035257947167748,-55.258600,1.484137,53.7744629410656,-80.0113176725145,1,1.7e-11
1.0165938790063067,0.0,0.0000000000000000,0.0032857392343979,0.0149948755182789,0.0000000000000000,4.7050586602232753,3.0035250758878913,-56.445943,1.482638,54.9633048960650,-81.6889171010064,1,4.1e-12
1.0165826006546546,0.0,0.0000000000000000,0.0033126577810019,0.0150448264059369,0.0000000000000000,4.7060586602232757,3.0035243578209729,-57.635493,1.481138,56.1543547549916,-83.3661117264860,1,1.0e-13
1.0165713882921441,0.0,0.0000000000000000,0.0033392045978780,0.0150945514220696,0.0000000000000000,4.7070586602232751,3.0035236405145196,-58.827255,1.479635,57.3476190659407,-85.0428939140504,1,1.3e-11
1.0165602411125128,0.0,0.0000000000000000,0.0033653897444173,0.0151440529886361,0.0000000000000000,4.7080586602232755,3.0035229239670334,-60.021235,1.478131,58.5431040162273,-86.7192563331109,1,1.3e-12
1.0165491583248150,0.0,0.0000000000000000,0.0033912228365995,0.0151933334849614,0.0000000000000000,4.7090586602232758,3.0035222081770141,-61.217442,1.476625,59.7408167733081,-88.3951921568637,1,1.7e-11
1.0165381391532649,0.0,0.0000000000000000,0.0034167130734110,0.0152423952479425,0.0000000000000000,4.7100586602232752,3.0035214931429679,-62.415879,1.475116,60.9407627809508,-90.0706922248737,1,1.6e-11
1.0165271828367834,0.0,0.0000000000000000,0.0034418692623650,0.0152912405732624,0.0000000000000000,4.7110586602232756,3.0035207788634066,-63.616556,1.473606,62.1429497476698,-91.7457512093347,1,7.5e-12
1.0165162886283396,0.0,0.0000000000000000,0.0034666998430281,0.0153398717176955,0.0000000000000000,4.7120586602232750,3.0035200653368319,-64.819478,1.472094,63.3473840833009,-93.4203610671875,1,4.0e-12
1.0165054557952833,0.0,0.0000000000000000,0.0034912129073196,0.0153882908970470,0.0000000000000000,4.7130586602232754,3.0035193525617712,-66.024652,1.470580,64.5540723802433,-95.0945139886144,1,9.4e-12
1.0164946836170619,0.0,0.0000000000000000,0.0035154162222544,0.0154365002957942,0.0000000000000000,4.7140586602232757,3.0035186405366621,-67.232084,1.469064,65.7630205367594,-96.7682014696479,1,6.6e-11
1.0164627240207402,0.0,0.0000000000000000,0.0035862407974919,0.0155798910128421,0.0000000000000000,4.7170586602232758,3.0035165089466882,-70.867997,1.464503,69.4034937235890,-101.7864055884734,1,9.6e-11
1.0164312856693063,0.0,0.0000000000000000,0.0036545293930358,0.0157214686113020,0.0000000000000000,4.7200586602232759,3.0035143840539735,-74.524473,1.459925,73.0645478266733,-106.8001494445407,1,1.4e-11
1.0164003511375144,0.0,0.0000000000000000,0.0037204483556191,0.0158612863078792,0.0000000000000000,4.7230586602232760,3.0035122658182432,-78.201696,1.455329,76.7463668770130,-111.8092314688588,1,3.1e-11
1.0163699039136509,0.0,0.0000000000000000,0.0037841468311060,0.0159993947182111,0.0000000000000000,4.7260586602232753,3.0035101542000970,-81.899849,1.450716,80.4491329443003,-116.8134383728861,1,1.7e-11
1.0163399283218835,0.0,0.0000000000000000,0.0038457592077106,0.0161358420887918,0.0000000000000000,4.7290586602232754,3.0035080491601134,-85.619120,1.446085,84.1730344344872,-121.8125591693320,1,4.2e-12
1.0163104094673765,0.0,0.0000000000000000,0.0039054070983813,0.0162706744394418,0.0000000000000000,4.7320586602232755,3.0035059506590547,-89.359691,1.441437,87.9182539893163,-126.8063738868418,1,4.1e-11
1.0162813331846161,0.0,0.0000000000000000,0.0039632009881187,0.0164039357050139,0.0000000000000000,4.7350586602232756,3.0035038586578571,-93.121753,1.436771,91.6849813169563,-131.7946630689257,1,6.6e-12
1.0162526859886720,0.0,0.0000000000000000,0.0040192416213864,0.0165356678687446,0.0000000000000000,4.7380586602232757,3.0035017731175944,-96.905495,1.432088,95.4734073175623,-136.7772075247485,1,3.1e-11
1.0162244550316601,0.0,0.0000000000000000,0.0040736211700918,0.0166659110801169,0.0000000000000000,4.7410586602232758,3.0034996939995309,-100.711116,1.427387,99.2837284884173,-141.7537871788109,1,1.9e-11
1.0161966280622805,0.0,0.0000000000000000,0.0041264242292398,0.0167947037643475,0.0000000000000000,4.7440586602232759,3.0034976212651410,-104.538802,1.422670,103.1161326012843,-146.7241702117399,1,3.4e-11
1.0161691933872936,0.0,0.0000000000000000,0.0041777286618324,0.0169220827339831,0.0000000000000000,4.7470586602232760,3.0034955548759625,-108.388750,1.417934,106.9708162176898,-151.6881249723428,1,1.3e-11
1.0161421398386556,0.0,0.0000000000000000,0.0042276063315069,0.0170480832734688,0.0000000000000000,4.7500586602232753,3.0034934947937657,-112.261157,1.413182,110.8479749732085,-156.6454210588126,1,3.5e-12
1.0161154567413542,0.0,0.0000000000000000,0.0042761237332783,0.0171727392286735,0.0000000000000000,4.7530586602232754,3.0034914409805298,-116.156232,1.408412,114.7478198180206,-161.5958314883883,1,1.1e-11
1.0160891338829843,0.0,0.0000000000000000,0.0043233425364518,0.0172960830967310,0.0000000000000000,4.7560586602232755,3.0034893933982958,-120.074162,1.403625,118.6705373228127,-166.5391047015273,1,5.9e-11
1.0160631614878926,0.0,0.0000000000000000,0.0043693200651715,0.0174181460918088,0.0000000000000000,4.7590586602232756,3.0034873520093348,-124.015158,1.398821,122.6163372587362,-171.4750092984423,1,4.7e-11
1.0160375301907238,0.0,0.0000000000000000,0.0044141097168826,0.0175389582218180,0.0000000000000000,4.7620586602232757,3.0034853167760436,-127.979427,1.394000,126.5854268457450,-176.4033006899908,1,5.8e-11
1.0160122310149340,0.0,0.0000000000000000,0.0044577613241810,0.0176585483465721,0.0000000000000000,4.7650586602232758,3.0034832876610511,-131.967169,1.389162,130.5780071881003,-181.3237345181315,1,1.4e-10
1.0159872553485059,0.0,0.0000000000000000,0.0045003214816444,0.0177769442505478,0.0000000000000000,4.7680586602232760,3.0034812646270321,-135.978600,1.384306,134.5942935940033,-186.2360507815356,1,6.1e-12
1.0159625949260862,0.0,0.0000000000000000,0.0045418338343889,0.0178941726860789,0.0000000000000000,4.7710586602232761,3.0034792476369283,-140.013926,1.379434,138.6344914160741,-191.1400067509094,1,2.2e-11
1.0159382418087195,0.0,0.0000000000000000,0.0045823393304933,0.0180102594353406,0.0000000000000000,4.7740586602232753,3.0034772366538043,-144.073357,1.374545,142.6988119203980,-196.0353425840549,1,6.8e-11
1.0159141883667093,0.0,0.0000000000000000,0.0046218764467543,0.0181252293587255,0.0000000000000000,4.7770586602232754,3.0034752316408513,-148.157109,1.369639,146.7874696616004,-200.9217929897604,1,6.7e-11
1.0158904272639340,0.0,0.0000000000000000,0.0046604813944355,0.0182391064355834,0.0000000000000000,4.7800586602232755,3.0034732325614986,-152.265411,1.364717,150.9006941746946,-205.7991184365110,1,5.5e-11
1.0158669514416718,0.0,0.0000000000000000,0.0046981882967048,0.0183519138152409,0.0000000000000000,4.7830586602232756,3.0034712393792633,-156.398459,1.359777,155.0386815646553,-210.6670236585851,1,5.3e-11
1.0158437541073340,0.0,0.0000000000000000,0.0047350293586537,0.0184636738378173,0.0000000000000000,4.7860586602232758,3.0034692520581037,-160.556499,1.354821,159.2016785606154,-215.5252820264723,1,3.4e-10
1.0158208287042967,0.0,0.0000000000000000,0.0047710350212136,0.0185744081562770,0.0000000000000000,4.7890586602232759,3.0034672705610483,-164.739734,1.349848,163.3898860216826,-220.3735713020615,1,1.8e-10
1.0157981689358466,0.0,0.0000000000000000,0.0048062340561344,0.0186841376040083,0.0000000000000000,4.7920586602232760,3.0034652948528695,-168.948390,1.344858,167.6035315520566,-225.2116375354508,1,3.9e-12
1.0157757687160311,0.0,0.0000000000000000,0.0048406537385149,0.0187928823937189,0.0000000000000000,4.7950586602232761,3.0034633248974916,-173.182697,1.339852,171.8428453471758,-230.0392098228531,1,4.8e-11
1.0157536221789285,0.0,0.0000000000000000,0.0048743199218732,0.0189006620623392,0.0000000000000000,4.7980586602232753,3.0034613606593465,-177.442893,1.334830,176.1080632670278,-234.8560085087265,1,3.8e-11
1.0157317236604535,0.0,0.0000000000000000,0.0049072571498882,0.0190074955357303,0.0000000000000000,4.8010586602232754,3.0034594021028069,-181.729189,1.329790,180.3993987899304,-239.6617383242028,1,1.2e-11
1.0157100676926800,0.0,0.0000000000000000,0.0049394887430852,0.0191134011374291,0.0000000000000000,4.8040586602232755,3.0034574491925028,-186.041850,1.324735,184.7171152233269,-244.4561280877497,1,1.2e-10
1.0156886489933565,0.0,0.0000000000000000,0.0049710368825506,0.0192183966209246,0.0000000000000000,4.8070586602232757,3.0034555018932432,-190.381074,1.319663,189.0614111191664,-249.2388562571723,1,5.8e-11
1.0156674624534963,0.0,0.0000000000000000,0.0050019226927994,0.0193224992115350,0.0000000000000000,4.8100586602232758,3.0034535601697159,-194.747111,1.314575,193.4325365915888,-254.0096365818863,1,1.1e-10
1.0156465031440047,0.0,0.0000000000000000,0.0050321662895036,0.0194257255634039,0.0000000000000000,4.8130586602232759,3.0034516239876177,-199.140222,1.309470,197.8307513583464,-258.7682112354596,1,2.9e-10
1.0156257662803900,0.0,0.0000000000000000,0.0050617868714643,0.0195280919135715,0.0000000000000000,4.8160586602232760,3.0034496933113877,-203.560618,1.304350,202.2562683344145,-263.5142036247307,1,2.3e-11
1.0156052472492654,0.0,0.0000000000000000,0.0050908027542929,0.0196296139362089,0.0000000000000000,4.8190586602232761,3.0034477681071126,-208.008557,1.299213,206.7093443202300,-268.2473611150381,1,2.6e-11
1.0155849415717659,0.0,0.0000000000000000,0.0051192314453991,0.0197303069103683,0.0000000000000000,4.8220586602232753,3.0034458483399442,-212.484289,1.294060,211.1902291930784,-272.9673707000693,1,1.7e-10
1.0155648449154524,0.0,0.0000000000000000,0.0051470896754562,0.0198301856512220,0.0000000000000000,4.8250586602232755,3.0034439339756092,-216.988032,1.288891,215.6991416470796,-277.6738733399725,1,7.0e-11
1.0155449530824645,0.0,0.0000000000000000,0.0051743934549054,0.0199292645522338,0.0000000000000000,4.8280586602232756,3.0034420249800147,-221.520066,1.283706,220.2363599917261,-282.3666029562009,1,2.8e-11
1.0155252620014339,0.0,0.0000000000000000,0.0052011581148137,0.0200275576156050,0.0000000000000000,4.8310586602232757,3.0034401213189965,-226.080674,1.278505,224.8021688092892,-287.0452258275000,1,8.0e-12
1.0155057677293524,0.0,0.0000000000000000,0.0052273983399626,0.0201250784337354,0.0000000000000000,4.8340586602232758,3.0034382229589096,-230.670036,1.273288,229.3967480143539,-291.7093904605608,1,4.5e-11
1.0154864664358467,0.0,0.0000000000000000,0.0052531282157495,0.0202218402532318,0.0000000000000000,4.8370586602232759,3.0034363298658078,-235.288461,1.268055,234.0204055721712,-296.3587944946303,1,5.1e-12
1.0154673544092279,0.0,0.0000000000000000,0.0052783612516168,0.0203178559383968,0.0000000000000000,4.8400586602232760,3.0034344420063115,-239.936183,1.262807,238.6733755824150,-300.9930785156612,1,1.4e-10
1.0154484280417395,0.0,0.0000000000000000,0.0053031104205445,0.0204131380338966,0.0000000000000000,4.8430586602232761,3.0034325593467486,-244.613483,1.257543,243.3559404912127,-305.6119192575243,1,3.3e-10
1.0154296838353716,0.0,0.0000000000000000,0.0053273881814189,0.0205076987276071,0.0000000000000000,4.8460586602232754,3.0034306818540482,-249.320646,1.252263,248.0683832258998,-310.2149991128463,1,2.3e-10
1.0154111183893093,0.0,0.0000000000000000,0.0053512065116357,0.0206015499039477,0.0000000000000000,4.8490586602232755,3.0034288094950234,-254.057874,1.246968,252.8109065561868,-314.8019521012429,1,1.0e-10
1.0153927283981703,0.0,0.0000000000000000,0.0053745769332458,0.0206947031440795,0.0000000000000000,4.8520586602232756,3.0034269422365703,-258.825454,1.241657,257.5837976732691,-319.3723783676251,1,1.4e-10
1.0153745106531991,0.0,0.0000000000000000,0.0053975105247550,0.0207871697184902,0.0000000000000000,4.8550586602232757,3.0034250800459703,-263.623682,1.236330,262.3873515292498,-323.9259683537894,1,4.0e-10
1.0153564620290394,0.0,0.0000000000000000,0.0054200179691811,0.0208789606321778,0.0000000000000000,4.8580586602232758,3.0034232228903583,-268.452870,1.230988,267.2218812584617,-328.4624068602352,1,1.4e-10
1.0153385794910263,0.0,0.0000000000000000,0.0054421095385829,0.0209700866012043,0.0000000000000000,4.8610586602232759,3.0034213707372075,-273.313238,1.225631,272.0876068384090,-332.9812765506140,1,6.4e-11
1.0153208600860111,0.0,0.0000000000000000,0.0054637951447818,0.0210605580739990,0.0000000000000000,4.8640586602232760,3.0034195235542365,-278.205046,1.220259,276.9847871793958,-337.4821856909912,1,6.3e-11
1.0153033009378098,0.0,0.0000000000000000,0.0054850843434971,0.0211503852582627,0.0000000000000000,4.8670586602232753,3.0034176813090081,-283.128640,1.214871,281.9137685648743,-341.9648409442962,1,3.8e-10
1.0152858992466969,0.0,0.0000000000000000,0.0055059863531681,0.0212395781143987,0.0000000000000000,4.8700586602232754,3.0034158439692589,-288.084269,1.209468,286.8748007804131,-346.4287705584939,1,2.2e-10
1.0152686522881458,0.0,0.0000000000000000,0.0055265100745782,0.0213281463552192,0.0000000000000000,4.8730586602232755,3.0034140115030348,-293.072213,1.204050,291.8681624345351,-350.8736461395383,1,2.2e-10
1.0152515574129375,0.0,0.0000000000000000,0.0055466640928808,0.0214160994452478,0.0000000000000000,4.8760586602232756,3.0034121838788734,-298.092762,1.198617,296.8941450188029,-355.2990522401014,1,3.8e-13
1.0152346120288744,0.0,0.0000000000000000,0.0055664567187329,0.0215034466782157,0.0000000000000000,4.8790586602232757,3.0034103610645033,-303.146179,1.193169,301.9530104463750,-359.7046312022867,1,3.0e-11
1.0152178136219281,0.0,0.0000000000000000,0.0055858959668470,0.0215901970780393,0.0000000000000000,4.8820586602232758,3.0034085430288062,-308.232745,1.187706,307.0450384257920,-364.0899626212777,1,3.2e-11
1.0152011597300528,0.0,0.0000000000000000,0.0056049896015662,0.0216763595146990,0.0000000000000000,4.8850586602232760,3.0034067297398104,-313.352912,1.182228,312.1706833943251,-368.4546893225561,1,2.9e-10
1.0151846479619933,0.0,0.0000000000000000,0.0056237451201433,0.0217619426152388,0.0000000000000000,4.8880586602232761,3.0034049211664526,-318.506767,1.176736,317.3300310696142,-372.7982261928482,1,9.7e-10
1.0151682759822434,0.0,0.0000000000000000,0.0056421697946576,0.0218469548194969,0.0000000000000000,4.8910586602232753,3.0034031172777693,-323.694731,1.171228,322.5235028128125,-377.1204862619270,1,1.7e-10
1.0151520415111386,0.0,0.0000000000000000,0.0056602706471940,0.0219314043999957,0.0000000000000000,4.8940586602232754,3.0034013180424193,-328.917204,1.165706,327.7514975730895,-381.4208440029688,1,1.9e-10
1.0151359423259358,0.0,0.0000000000000000,0.0056780544872386,0.0220152994316037,0.0000000000000000,4.8970586602232755,3.0033995234295698,-334.174314,1.160170,333.0141445173935,-385.6988594911309,1,1.4e-10
1.0151199762566132,0.0,0.0000000000000000,0.0056955279146301,0.0220986478153603,0.0000000000000000,4.9000586602232756,3.0033977334084847,-339.466458,1.154618,338.3118400786475,-389.9541576605407,1,1.6e-10
1.0151041411854371,0.0,0.0000000000000000,0.0057126973195275,0.0221814572821556,0.0000000000000000,4.9030586602232757,3.0033959479485306,-344.793782,1.149053,343.6447296424196,-394.1862551131999,1,2.1e-10
1.0150884350458376,0.0,0.0000000000000000,0.0057295688976634,0.0222637353911642,0.0000000000000000,4.9060586602232759,3.0033941670193256,-350.156866,1.143473,349.0133936751483,-398.3948526164750,1,3.2e-10
1.0150728558114359,0.0,0.0000000000000000,0.0057461486673410,0.0223454895762950,0.0000000000000000,4.9090586602232760,3.0033923905900251,-355.555942,1.137878,354.4180637616915,-402.5793261842482,1,3.8e-12
1.0150574015151321,0.0,0.0000000000000000,0.0057624424550838,0.0224267270604642,0.0000000000000000,4.9120586602232761,3.0033906186308852,-360.991205,1.132270,359.8589351897709,-406.7393980822599,1,5.0e-10
1.0150420702331078,0.0,0.0000000000000000,0.0057784559135761,0.0225074549249823,0.0000000000000000,4.9150586602232753,3.0033888511121729,-366.463033,1.126647,365.3363855771761,-410.8744731643819,1,4.3e-10
1.0150268600621006,0.0,0.0000000000000000,0.0057941945657922,0.0225876802072912,0.0000000000000000,4.9180586602232754,3.0033870880023774,-371.971957,1.121010,370.8509473815428,-414.9841592465091,1,5.2e-10
1.0150117691782505,0.0,0.0000000000000000,0.0058096637167459,0.0226674096430749,0.0000000000000000,4.9210586602232755,3.0033853292730597,-377.517867,1.115359,376.4025085794313,-419.0679178212158,1,3.9e-11
1.0149967957760766,0.0,0.0000000000000000,0.0058248685643868,0.0227466499218666,0.0000000000000000,4.9240586602232757,3.0033835748943041,-383.101440,1.109694,381.9917460735627,-423.1254525162367,1,4.1e-10
1.0149819380905343,0.0,0.0000000000000000,0.0058398141521586,0.0228254076028586,0.0000000000000000,4.9270586602232758,3.0033818248361794,-388.723180,1.104015,387.6191648600517,-427.1562193396821,1,1.4e-09
1.0149671944041057,0.0,0.0000000000000000,0.0058545053546441,0.0229036890819619,0.0000000000000000,4.9300586602232759,3.0033800790695238,-394.382903,1.098322,393.2845814628837,-431.1594333866087,1,6.5e-11
1.0149525630280065,0.0,0.0000000000000000,0.0058689469542906,0.0229815006517840,0.0000000000000000,4.9330586602232760,3.0033783375649343,-400.081429,1.092615,398.9888143849355,-435.1350020049431,1,1.4e-10
1.0149380423159213,0.0,0.0000000000000000,0.0058831435728634,0.0230588484654668,0.0000000000000000,4.9360586602232761,3.0033766002934232,-405.818986,1.086895,404.7320915920928,-439.0825191624463,1,1.8e-09
1.0149236306452742,0.0,0.0000000000000000,0.0058970997212575,0.0231357386099582,0.0000000000000000,4.9390586602232753,3.0033748672250900,-411.595556,1.081161,410.5143953640948,-443.0008723053325,1,2.6e-10
1.0149093264458902,0.0,0.0000000000000000,0.0059108197782362,0.0232121769647764,0.0000000000000000,4.9420586602232754,3.0033731383320124,-417.412070,1.075413,416.3366571671013,-446.8901653899957,1,9.4e-10
1.0148951281652021,0.0,0.0000000000000000,0.0059243080100471,0.0232881693781802,0.0000000000000000,4.9450586602232756,3.0033714135847287,-423.268024,1.069652,422.1983723968578,-450.7494146808604,1,9.0e-10
1.0148810342911627,0.0,0.0000000000000000,0.0059375685759793,0.0233637215397183,0.0000000000000000,4.9480586602232757,3.0033696929549656,-429.164567,1.063877,428.1006890289826,-454.5785214905482,1,1.1e-09
1.0148670433429654,0.0,0.0000000000000000,0.0059506055167666,0.0234388390393414,0.0000000000000000,4.9510586602232758,3.0033679764143772,-435.101954,1.058089,434.0438645143153,-458.3769822012837,1,3.9e-10
1.0148531538581769,0.0,0.0000000000000000,0.0059634227819639,0.0235135274177325,0.0000000000000000,4.9540586602232759,3.0033662639337089,-441.080389,1.052288,440.0281008400410,-462.1438387399830,1,1.4e-10
1.0148393644222300,0.0,0.0000000000000000,0.0059760242037926,0.0235877920277656,0.0000000000000000,4.9570586602232760,3.0033645554855264,-447.100361,1.046474,446.0538876204802,-465.8788333855337,1,4.7e-10
1.0148256736332688,0.0,0.0000000000000000,0.0059884135341800,0.0236616381975492,0.0000000000000000,4.9600586602232752,3.0033628510411021,-453.162118,1.040646,452.1214716826897,-469.5813009649719,1,3.3e-10
1.0148120801239404,0.0,0.0000000000000000,0.0060005944161013,0.0237350711333933,0.0000000000000000,4.9630586602232754,3.0033611505723017,-459.265912,1.034806,458.2311073630303,-473.2506997705495,1,3.7e-10
1.0147985825573997,0.0,0.0000000000000000,0.0060125704103740,0.0238080959237226,0.0000000000000000,4.9660586602232755,3.0033594540516959,-465.412198,1.028952,464.3832463115832,-476.8866935306432,1,3.3e-11
1.0147851796150278,0.0,0.0000000000000000,0.0060243449863882,0.0238807176127423,0.0000000000000000,4.9690586602232756,3.0033577614509621,-471.601394,1.023085,470.5783087442492,-480.4883801200922,1,7.4e-10
1.0147718700141681,0.0,0.0000000000000000,0.0060359215326569,0.0239529410960269,0.0000000000000000,4.9720586602232757,3.0033560727432440,-477.834199,1.017206,476.8169928835566,-484.0556636938127,1,1.1e-09
1.0147586524842496,0.0,0.0000000000000000,0.0060473033524245,0.0240247712552058,0.0000000000000000,4.9750586602232758,3.0033543879002309,-484.110481,1.011314,483.0991682648857,-487.5872175543627,1,2.6e-10
1.0147455257904874,0.0,0.0000000000000000,0.0060584936700246,0.0240962128254548,0.0000000000000000,4.9780586602232759,3.0033527068950607,-490.431110,1.005409,489.4257014040441,-491.0834252045897,1,2.4e-09
1.0147324887099753,0.0,0.0000000000000000,0.0060694956282266,0.0241672705249093,0.0000000000000000,4.9810586602232760,3.0033510296996178,-496.795332,0.999491,495.7958404671920,-494.5426982994250,1,2.4e-10
1.0147195400517941,0.0,0.0000000000000000,0.0060803123126325,0.0242379489322955,0.0000000000000000,4.9840586602232761,3.0033493562872646,-503.205192,0.993561,502.2116309376569,-497.9650747917476,1,9.1e-10
1.0147066786514298,0.0,0.0000000000000000,0.0060909466994170,0.0243082525508756,0.0000000000000000,4.9870586602232754,3.0033476866312387,-509.659079,0.987619,508.6714586631126,-501.3499210494920,1,1.7e-10
1.0146939033467419,0.0,0.0000000000000000,0.0061014017554370,0.0243781858723427,0.0000000000000000,4.9900586602232755,3.0033460207038574,-516.160380,0.981664,515.1787160274329,-504.6961965264636,1,8.9e-10
1.0146812130181535,0.0,0.0000000000000000,0.0061116803205930,0.0244477532384576,0.0000000000000000,4.9930586602232756,3.0033443584788522,-522.707199,0.975696,521.7315031124953,-508.0032607889443,1,8.6e-10
1.0146686065557462,0.0,0.0000000000000000,0.0061217852008032,0.0245169589566448,0.0000000000000000,4.9960586602232757,3.0033426999294477,-529.299958,0.969717,528.3302409225386,-511.2710935515352,1,1.8e-09
1.0146560828670184,0.0,0.0000000000000000,0.0061317191327786,0.0245858072822960,0.0000000000000000,4.9990586602232758,3.0033410450285438,-535.940289,0.963725,534.9765646639216,-514.4985506135272,1,2.3e-09
1.0146436408907367,0.0,0.0000000000000000,0.0061414847885442,0.0246543023406708,0.0000000000000000,5.0020586602232759,3.0033393937504864,-542.627103,0.957722,541.6693812158358,-517.6857466927613,1,1.3e-09
1.0146312795728196,0.0,0.0000000000000000,0.0061510847849290,0.0247224482510758,0.0000000000000000,5.0050586602232761,3.0033377460684356,-549.362194,0.951706,548.4104882364733,-520.8313319217414,1,4.2e-10
1.0146189978846696,0.0,0.0000000000000000,0.0061605216721482,0.0247902490359733,0.0000000000000000,5.0080586602232753,3.0033361019562967,-556.145291,0.945678,555.1996137989557,-523.9341478011047,1,1.6e-09
1.0146067948090245,0.0,0.0000000000000000,0.0061697979696084,0.0248577086738056,0.0000000000000000,5.0110586602232754,3.0033344613878019,-562.976831,0.939639,562.0371927343598,-526.9946373340499,1,1.1e-09
1.0145946693580257,0.0,0.0000000000000000,0.0061789161092131,0.0249248310385591,0.0000000000000000,5.0140586602232755,3.0033328243375346,-569.858344,0.933587,568.9247572669352,-530.0119670386484,1,3.7e-09
1.0145826205440827,0.0,0.0000000000000000,0.0061878784869974,0.0249916200237877,0.0000000000000000,5.0170586602232756,3.0033311907785118,-576.787763,0.927524,575.8602392975931,-532.9843870208424,1,9.7e-10
1.0145706474146543,0.0,0.0000000000000000,0.0061966874476452,0.0250580793645073,0.0000000000000000,5.0200586602232757,3.0033295606860562,-583.766651,0.921450,582.8451999003188,-535.9122803804930,1,8.4e-10
1.0145587490246442,0.0,0.0000000000000000,0.0062053452797991,0.0251242127908887,0.0000000000000000,5.0230586602232759,3.0033279340343610,-590.798615,0.915363,589.8832540726922,-538.7942043225048,1,2.5e-09
1.0145469244352512,0.0,0.0000000000000000,0.0062138542333959,0.0251900240194870,0.0000000000000000,5.0260586602232760,3.0033263107968993,-597.878187,0.909266,596.9689212969582,-541.6299291375908,1,1.6e-09
1.0145351727415814,0.0,0.0000000000000000,0.0062222165128906,0.0252555166147966,0.0000000000000000,5.0290586602232761,3.0033246909493108,-605.009907,0.903157,604.1067505022380,-544.4184901170665,1,3.7e-09
1.0145234930476548,0.0,0.0000000000000000,0.0062304342652945,0.0253206941271207,0.0000000000000000,5.0320586602232753,3.0033230744664312,-612.194053,0.897037,611.2970162323882,-547.1605001516000,1,2.0e-09
1.0145118844656218,0.0,0.0000000000000000,0.0062385095958155,0.0253855600868328,0.0000000000000000,5.0350586602232754,3.0033214613225185,-619.429282,0.890905,618.5383763036664,-549.8529393460776,1,1.4e-10
1.0145003461266442,0.0,0.0000000000000000,0.0062464445731227,0.0254501179459546,0.0000000000000000,5.0380586602232755,3.0033198514925026,-626.716682,0.884763,625.8319177429190,-552.4965524882136,1,1.3e-09
1.0144661441012564,0.0,0.0000000000000000,0.0062694274259769,0.0256419766287200,0.0000000000000000,5.0470586602232759,3.0033150416381931,-648.903437,0.866269,648.0371708101439,-560.1230310112005,1,2.2e-09
1.0144325443222546,0.0,0.0000000000000000,0.0062912175672282,0.0258311818783992,0.0000000000000000,5.0560586602232753,3.0033102607182625,-671.575035,0.847678,670.7273545996396,-567.2811368657276,1,3.4e-09
1.0143995255033382,0.0,0.0000000000000000,0.0063118644747498,0.0260178190528909,0.0000000000000000,5.0650586602232757,3.0033055080753273,-694.751347,0.828992,693.9223533978497,-573.9442130223324,1,1.0e-10
1.0143670673197200,0.0,0.0000000000000000,0.0063314148176375,0.0262019700528385,0.0000000000000000,5.0740586602232751,3.0033007830584393,-718.443645,0.810213,717.6334309965508,-580.0927487835288,1,8.0e-10
1.0143351503879914,0.0,0.0000000000000000,0.0063499126814125,0.0263837132871619,0.0000000000000000,5.0830586602232755,3.0032960850289729,-742.665857,0.791344,741.8745147754140,-585.7031646637479,1,4.5e-10
1.0143037561540766,0.0,0.0000000000000000,0.0063673997536578,0.0265631241740697,0.0000000000000000,5.0920586602232758,3.0032914133533075,-767.432291,0.772386,766.6599086541900,-590.7512270348379,1,4.4e-09
1.0142728668886778,0.0,0.0000000000000000,0.0063839155117817,0.0267402750462914,0.0000000000000000,5.1010586602232753,3.0032867674093375,-792.749823,0.753343,791.9964776563294,-595.2144630293478,1,2.8e-09
1.0142424656054376,0.0,0.0000000000000000,0.0063994973632355,0.0269152355141454,0.0000000000000000,5.1100586602232756,3.0032821465815824,-818.644264,0.734216,817.9100471784116,-599.0621387261781,1,4.5e-09
1.0142125360394831,0.0,0.0000000000000000,0.0064141808131812,0.0270880724743204,0.0000000000000000,5.1190586602232759,3.0032775502647859,-845.114560,0.715008,844.3995343795666,-602.2789566380670,1,1.2e-08
1.0141830625891628,0.0,0.0000000000000000,0.0064279995816919,0.0272588503539049,0.0000000000000000,5.1280586602232754,3.0032729778613754,-872.202037,0.695721,871.5063038779776,-604.8202447960502,1,1.4e-09
1.0141540302808760,0.0,0.0000000000000000,0.0064409857211860,0.0274276312317509,0.0000000000000000,5.1370586602232757,3.0032684287815159,-899.910353,0.676357,899.2339969768533,-606.6596892858506,1,1.3e-10
1.0141254247419109,0.0,0.0000000000000000,0.0064531697440571,0.0275944749012302,0.0000000000000000,5.1460586602232752,3.0032639024447434,-928.239120,0.656920,927.5821908698449,-607.7869503498077,1,1.6e-10
1.0140972321578712,0.0,0.0000000000000000,0.0064645807168720,0.0277594390446840,0.0000000000000000,5.1550586602232755,3.0032593982783569,-957.239498,0.637410,956.6021052150087,-608.1377378101461,1,7.1e-09
1.0140694392377707,0.0,0.0000000000000000,0.0064752463213382,0.0279225793826516,0.0000000000000000,5.1640586602232759,3.0032549157161470,-986.890716,0.617831,986.2729027316109,-607.7139724679873,1,1.9e-09
1.0140420332085593,0.0,0.0000000000000000,0.0064851930170991,0.0280839496039455,0.0000000000000000,5.1730586602232753,3.0032504542028686,-1017.235297,0.598185,1016.6371461913545,-606.4599313233048,1,7.6e-11
1.0140150017666265,0.0,0.0000000000000000,0.0064944460496730,0.0282436016190728,0.0000000000000000,5.1820586602232757,3.0032460131899574,-1048.267770,0.578475,1047.6893196806400,-604.3712035921635,1,5.3e-09
1.0139883330490456,0.0,0.0000000000000000,0.0065030295298291,0.0284015856694104,0.0000000000000000,5.1910586602232751,3.0032415921348181,-1079.979420,0.558703,1079.4206692804457,-601.4389401685912,1,3.8e-09
1.0139620156407680,0.0,0.0000000000000000,0.0065109665523206,0.0285579502123507,0.0000000000000000,5.2000586602232755,3.0032371905059625,-1112.540021,0.538870,1112.0012136330081,-597.4443712071516,1,3.5e-09
1.0139360385119538,0.0,0.0000000000000000,0.0065182791866302,0.0287127422623765,0.0000000000000000,5.2090586602232758,3.0032328077760519,-1145.782634,0.518981,1145.2637055640212,-592.5789134153165,1,1.2e-08
1.0139103910463634,0.0,0.0000000000000000,0.0065249886199991,0.0288660071575448,0.0000000000000000,5.2180586602232752,3.0032284434296379,-1179.814121,0.499036,1179.3151396584408,-586.7053636113415,1,3.3e-09
1.0138850629696248,0.0,0.0000000000000000,0.0065311151086697,0.0290177889616780,0.0000000000000000,5.2270586602232756,3.0032240969545860,-1214.483418,0.479039,1214.0041779509554,-580.0290342291119,1,4.6e-08
1.0138600443571104,0.0,0.0000000000000000,0.0065366781091501,0.0291681303510278,0.0000000000000000,5.2360586602232759,3.0032197678465575,-1250.175222,0.458993,1249.7161391850548,-571.9336266760947,1,7.5e-09
1.0138353256429380,0.0,0.0000000000000000,0.0065416962929111,0.0293170725551268,0.0000000000000000,5.2450586602232754,3.0032154556117270,-1286.667412,0.438898,1286.2284449317099,-562.8042278784560,1,2.3e-08
