x0,y0,z0,xd0,yd0,zd0,Tp,JC,stabilityIndex1,stabilityIndex2,alpha,beta,impactFlag,error
0.9824322071304553,0.0,-0.0000058196865391,0.0000000000000000,-0.0135713311825012,0.0000000000000000,11.5046073479248108,3.0035310532422965,1958875.663078,1.999774,-1958877.6628529857844,3917309.7028808593750,1,8.6e-07
0.9824322199597292,0.0,0.0000243529383775,0.0000000000000000,-0.0135713438075235,0.0000000000000000,11.5046106415942422,3.0035310504245616,1958871.693787,1.999682,-1958873.6934693106450,3917123.0781250000000,1,1.2e-06
0.9824322744397121,0.0,0.0000544774285360,0.0000000000000000,-0.0135713974100629,0.0000000000000000,11.5046246290575720,3.0035310384587874,1958950.733089,2.000155,-1958952.7332443410996,3918208.1704101562500,1,6.0e-07
0.9824323656022657,0.0,0.0000833154513582,0.0000000000000000,-0.0135714871038169,0.0000000000000000,11.5046480349021767,3.0035310184362141,1958941.530610,1.999654,-1958943.5302637128625,3917207.4343261718750,1,1.3e-06
0.9824324434987731,0.0,0.0001016703191193,0.0000000000000000,-0.0135715637481091,0.0000000000000000,11.5046680349021759,3.0035310013274308,1958987.711720,1.999719,-1958989.7114390372299,3917426.3603515625000,1,1.1e-06
0.9824325213953219,0.0,0.0001171846337921,0.0000000000000000,-0.0135716403915540,0.0000000000000000,11.5046880349021770,3.0035309842186817,1959018.202073,1.999640,-1959020.2017134963535,3917333.3540039062500,1,1.4e-06
0.9824325992919307,0.0,0.0001308724624635,0.0000000000000000,-0.0135717170350057,0.0000000000000000,11.5047080349021762,3.0035309671100401,1959100.021416,2.000029,-1959102.0214456305839,3918258.5334472656250,1,1.1e-07
0.9824326771880354,0.0,0.0001432582270949,0.0000000000000000,-0.0135717936796224,0.0000000000000000,11.5047280349021772,3.0035309500015761,1959145.780904,2.000091,-1959147.7809952297248,3918470.7490234375000,1,3.5e-07
0.9824327550828961,0.0,0.0001546551365116,0.0000000000000000,-0.0135718703203187,0.0000000000000000,11.5047480349021765,3.0035309328932813,1959163.670050,1.999897,-1959165.6699468654115,3918127.1713867187500,1,4.0e-07
0.9824328329780658,0.0,0.0001652678629184,0.0000000000000000,-0.0135719469645830,0.0000000000000000,11.5047680349021775,3.0035309157850967,1959260.286754,2.000421,-1959262.2871745661832,3919346.1999511718750,1,1.6e-06
0.9824329108725685,0.0,0.0001752389316183,0.0000000000000000,-0.0135720236074456,0.0000000000000000,11.5047880349021767,3.0035308986771141,1959246.897321,1.999944,-1959248.8972644016612,3918385.4714355468750,1,2.2e-07
0.9824329887662793,0.0,0.0001846723452241,0.0000000000000000,-0.0135721002483508,0.0000000000000000,11.5048080349021760,3.0035308815692621,1959264.871472,1.999753,-1959266.8712246003561,3918047.1662597656250,1,9.6e-07
0.9824330666605245,0.0,0.0001936466526937,0.0000000000000000,-0.0135721768950910,0.0000000000000000,11.5048280349021770,3.0035308644614975,1959353.195437,2.000199,-1959355.1956356298178,3919099.4726562500000,1,7.7e-07
0.9824331445538137,0.0,0.0002022230055969,0.0000000000000000,-0.0135722535382031,0.0000000000000000,11.5048480349021762,3.0035308473539484,1959374.223644,2.000035,-1959376.2236793814227,3918821.1652832031250,1,1.4e-07
0.9824332224465717,0.0,0.0002104500624092,0.0000000000000000,-0.0135723301815908,0.0000000000000000,11.5048680349021772,3.0035308302465320,1959435.130771,2.000234,-1959437.1310053393245,3919331.2753906250000,1,9.0e-07
0.9824333003387357,0.0,0.0002183673235066,0.0000000000000000,-0.0135724068227483,0.0000000000000000,11.5048880349021765,3.0035308131392697,1959464.840919,2.000149,-1959466.8410670487210,3919222.7468261718750,1,5.7e-07
0.9824333782304566,0.0,0.0002260073068630,0.0000000000000000,-0.0135724834648614,0.0000000000000000,11.5049080349021775,3.0035307960321926,1959474.009587,1.999878,-1959476.0094657661393,3918713.5859375000000,1,4.8e-07
0.9824334561226334,0.0,0.0002333972679550,0.0000000000000000,-0.0135725601121105,0.0000000000000000,11.5049280349021767,3.0035307789251706,1959528.451496,2.000018,-1959530.4515136028640,3919093.6506347656250,1,6.2e-08
0.9824335340137308,0.0,0.0002405602571413,0.0000000000000000,-0.0135726367546092,0.0000000000000000,11.5049480349021760,3.0035307618183653,1959612.490817,2.000422,-1959614.4912395076826,3920053.8706054687500,1,1.6e-06
0.9824336119039082,0.0,0.0002475159639772,0.0000000000000000,-0.0135727133962621,0.0000000000000000,11.5049680349021770,3.0035307447117265,1959601.443813,1.999967,-1959603.4437804524787,3919140.9426269531250,1,1.2e-07
0.9824336897946181,0.0,0.0002542814090733,0.0000000000000000,-0.0135727900415341,0.0000000000000000,11.5049880349021763,3.0035307276051872,1959701.290905,2.000520,-1959703.2914251959883,3920423.2089843750000,1,2.0e-06
0.9824337676844402,0.0,0.0002608714125176,0.0000000000000000,-0.0135728666840149,0.0000000000000000,11.5050080349021773,3.0035307104987901,1959664.852771,1.999835,-1959666.8526053978130,3919008.2622070312500,1,6.4e-07
0.9824338455732139,0.0,0.0002672989097987,0.0000000000000000,-0.0135729433245139,0.0000000000000000,11.5050280349021765,3.0035306933926291,1959681.230744,1.999623,-1959683.2303675035946,3918624.9904785156250,1,1.4e-06
0.9824339234630849,0.0,0.0002735753638758,0.0000000000000000,-0.0135730199727622,0.0000000000000000,11.5050480349021775,3.0035306762865353,1959808.373928,2.000427,-1959810.3743545685429,3920454.1760253906250,1,1.7e-06
0.9824340013515662,0.0,0.0002797109741131,0.0000000000000000,-0.0135730966161700,0.0000000000000000,11.5050680349021768,3.0035306591806075,1959852.873854,2.000477,-1959854.8743307450786,3920643.5903320312500,1,1.8e-06
0.9824340792386941,0.0,0.0002857148034970,0.0000000000000000,-0.0135731732536153,0.0000000000000000,11.5050880349021760,3.0035306420749142,1959824.648176,1.999862,-1959826.6480378126726,3919382.1450195312500,1,5.3e-07
0.9824342739578950,0.0,0.0003001992499987,0.0000000000000000,-0.0135733648662243,0.0000000000000000,11.5051380349021759,3.0035305993110715,1959941.485844,2.000034,-1959943.4858774158638,3919950.8090820312500,1,1.4e-07
0.9824344686736900,0.0,0.0003140159481984,0.0000000000000000,-0.0135735564752743,0.0000000000000000,11.5051880349021758,3.0035305565482444,1960006.320534,1.999734,-1960008.3202671490144,3919490.8400878906250,1,1.0e-06
0.9824346633866483,0.0,0.0003272495057762,0.0000000000000000,-0.0135737480823877,0.0000000000000000,11.5052380349021757,3.0035305137863504,1960149.814469,2.000148,-1960151.8146164536010,3920591.1486816406250,1,5.8e-07
0.9824348580965341,0.0,0.0003399679846492,0.0000000000000000,-0.0135739396899816,0.0000000000000000,11.5052880349021756,3.0035304710254782,1960202.853026,1.999739,-1960204.8527646076400,3919894.9125976562500,1,9.9e-07
0.9824350528042420,0.0,0.0003522272491682,0.0000000000000000,-0.0135741312975492,0.0000000000000000,11.5053380349021754,3.0035304282654365,1960282.688716,1.999575,-1960284.6882911112625,3919734.5788574218750,1,1.6e-06
0.9824352475100926,0.0,0.0003640736410872,0.0000000000000000,-0.0135743229098415,0.0000000000000000,11.5053880349021753,3.0035303855063225,1960452.111423,2.000228,-1960454.1116507169791,3921353.2900390625000,1,8.9e-07
0.9824354422118813,0.0,0.0003755462561803,0.0000000000000000,-0.0135745145156745,0.0000000000000000,11.5054380349021752,3.0035303427482178,1960498.085297,1.999753,-1960500.0850495728664,3920512.3288574218750,1,9.3e-07
0.9824356369116101,0.0,0.0003866783451895,0.0000000000000000,-0.0135747061251472,0.0000000000000000,11.5054880349021769,3.0035302999910529,1960604.796553,1.999836,-1960606.7963877569418,3920888.0158691406250,1,6.2e-07
0.9824358316087667,0.0,0.0003974985551448,0.0000000000000000,-0.0135748977343334,0.0000000000000000,11.5055380349021767,3.0035302572347380,1960709.012652,1.999891,-1960711.0125420589466,3921204.2365722656250,1,4.0e-07
0.9824360263030181,0.0,0.0004080316646537,0.0000000000000000,-0.0135750893421354,0.0000000000000000,11.5055880349021766,3.0035302144794418,1960854.491301,2.000324,-1960856.4916251192335,3922347.0866699218750,1,1.3e-06
0.9824362209945491,0.0,0.0004182993796483,0.0000000000000000,-0.0135752809504295,0.0000000000000000,11.5056380349021765,3.0035301717250418,1960899.893951,1.999843,-1960901.8937944055069,3921492.7253417968750,1,5.7e-07
0.9824364156836743,0.0,0.0004283207776913,0.0000000000000000,-0.0135754725601445,0.0000000000000000,11.5056880349021764,3.0035301289715739,1960998.999232,1.999855,-1961000.9990868412424,3921716.0537109375000,1,5.3e-07
0.9824366103705729,0.0,0.0004381127628340,0.0000000000000000,-0.0135756641715237,0.0000000000000000,11.5057380349021763,3.0035300862190373,1961126.149345,2.000120,-1961128.1494642503094,3922488.5073242187500,1,4.9e-07
0.9824368050533611,0.0,0.0004476903890917,0.0000000000000000,-0.0135758557768624,0.0000000000000000,11.5057880349021762,3.0035300434675323,1961198.780488,1.999887,-1961200.7803749646991,3922178.0507812500000,1,4.0e-07
0.9824369997351833,0.0,0.0004570671452383,0.0000000000000000,-0.0135760473896092,0.0000000000000000,11.5058380349021760,3.0035300007168027,1961330.093528,2.000189,-1961332.0937162418850,3923030.5024414062500,1,7.7e-07
0.9824371944134321,0.0,0.0004662551417495,0.0000000000000000,-0.0135762389973560,0.0000000000000000,11.5058880349021759,3.0035299579670829,1961389.452721,1.999838,-1961391.4525583591312,3922461.4052734375000,1,5.8e-07
0.9824373890889607,0.0,0.0004752653068458,0.0000000000000000,-0.0135764306078151,0.0000000000000000,11.5059380349021758,3.0035299152183184,1961511.410811,2.000058,-1961513.4108679119963,3923137.9650878906250,1,2.6e-07
0.9824381677641418,0.0,0.0005097137002597,0.0000000000000000,-0.0135771970410331,0.0000000000000000,11.5061380349021753,3.0035297442326634,1961881.304662,1.999846,-1961883.3045065833721,3923458.9948730468750,1,5.3e-07
0.9824389463970862,0.0,0.0005419738283890,0.0000000000000000,-0.0135779634778490,0.0000000000000000,11.5063380349021767,3.0035295732619192,1962259.452637,1.999713,-1962261.4523494378664,3923956.5991210937500,1,1.0e-06
0.9824397249880776,0.0,0.0005724157795542,0.0000000000000000,-0.0135787299202532,0.0000000000000000,11.5065380349021762,3.0035294023061083,1962696.484795,2.000114,-1962698.4849065411836,3925614.7321777343750,1,5.3e-07
0.9824405035352581,0.0,0.0006013157687425,0.0000000000000000,-0.0135794963575624,0.0000000000000000,11.5067380349021757,3.0035292313653255,1963054.572885,1.999792,-1963056.5726748181041,3925700.3081054687500,1,6.9e-07
0.9824412820401350,0.0,0.0006288864006116,0.0000000000000000,-0.0135802627978131,0.0000000000000000,11.5069380349021753,3.0035290604395133,1963479.058887,2.000074,-1963481.0589580477681,3927099.1962890625000,1,4.2e-07
0.9824420605019963,0.0,0.0006552954934131,0.0000000000000000,-0.0135810292378037,0.0000000000000000,11.5071380349021766,3.0035288895286856,1963872.326223,2.000071,-1963874.3262884975411,3927876.4335937500000,1,4.2e-07
0.9824428389210083,0.0,0.0006806782653400,0.0000000000000000,-0.0135817956772920,0.0000000000000000,11.5073380349021761,3.0035287186327975,1964225.770965,1.999695,-1964227.7706568185240,3927849.5112304687500,1,9.9e-07
0.9824436172974702,0.0,0.0007051455345267,0.0000000000000000,-0.0135825621203715,0.0000000000000000,11.5075380349021756,3.0035285477519360,1964658.884548,2.000054,-1964660.8845935538411,3929410.0673828125000,1,4.0e-07
0.9824443956316462,0.0,0.0007287895436738,0.0000000000000000,-0.0135833285637392,0.0000000000000000,11.5077380349021752,3.0035283768859560,1965054.788240,2.000064,-1965056.7882974578533,3930224.3835449218750,1,4.7e-07
0.9824451739223564,0.0,0.0007516879623358,0.0000000000000000,-0.0135840950062580,0.0000000000000000,11.5079380349021765,3.0035282060349973,1965395.292901,1.999562,-1965397.2924581512343,3929924.1743164062500,1,1.4e-06
0.9824459521701320,0.0,0.0007739069871852,0.0000000000000000,-0.0135848614468597,0.0000000000000000,11.5081380349021760,3.0035280351990119,1965762.261677,1.999300,-1965764.2609720071778,3930140.9755859375000,1,2.4e-06
0.9824467303763639,0.0,0.0007955035323689,0.0000000000000000,-0.0135856278954521,0.0000000000000000,11.5083380349021756,3.0035278643779533,1966271.771448,2.000348,-1966273.7717894255184,3933216.0244140625000,1,1.7e-06
0.9824475085385103,0.0,0.0008165270079507,0.0000000000000000,-0.0135863943377952,0.0000000000000000,11.5085380349021751,3.0035276935719128,1966571.914182,1.999469,-1966573.9136450605001,3932090.1867675781250,1,1.7e-06
0.9824482866596613,0.0,0.0008370205964844,0.0000000000000000,-0.0135871607887905,0.0000000000000000,11.5087380349021764,3.0035275227806619,1967020.308513,2.000006,-1967022.3084577305708,3933933.5517578125000,1,2.3e-07
0.9824490647363676,0.0,0.0008570222994015,0.0000000000000000,-0.0135879272318915,0.0000000000000000,11.5089380349021759,3.0035273520045731,1967422.819632,2.000034,-1967424.8196320547722,3934849.8496093750000,1,4.9e-07
0.9824498427709377,0.0,0.0008765657979698,0.0000000000000000,-0.0135886936799919,0.0000000000000000,11.5091380349021755,3.0035271812433408,1967783.607040,1.999674,-1967785.6067076320760,3934915.2856445312500,1,7.3e-07
0.9824506207639183,0.0,0.0008956810885366,0.0000000000000000,-0.0135894601333508,0.0000000000000000,11.5093380349021750,3.0035270104969656,1968203.317211,2.000003,-1968205.3170906971209,3936171.2199707031250,1,1.2e-07
0.9824513987136192,0.0,0.0009143950239850,0.0000000000000000,-0.0135902265838404,0.0000000000000000,11.5095380349021763,3.0035268397655974,1968614.308702,2.000049,-1968616.3087100246921,3937248.0104980468750,1,6.6e-07
0.9824521766199448,0.0,0.0009327317571693,0.0000000000000000,-0.0135909930324323,0.0000000000000000,11.5097380349021758,3.0035266690492612,1968984.626554,1.999759,-1968986.6263097876217,3937490.7084960937500,1,2.5e-07
0.9824529544841505,0.0,0.0009507131241313,0.0000000000000000,-0.0135917594843837,0.0000000000000000,11.5099380349021754,3.0035264983477763,1969392.861636,2.000002,-1969394.8614882882684,3938495.0534667968750,1,1.8e-07
0.9824537323052740,0.0,0.0009683589163245,0.0000000000000000,-0.0135925259354606,0.0000000000000000,11.5101380349021767,3.0035263276612576,1969766.710883,1.999637,-1969768.7105136169121,3938806.9111328125000,1,6.1e-07
0.9824545100844868,0.0,0.0009856871551715,0.0000000000000000,-0.0135932923907885,0.0000000000000000,11.5103380349021762,3.0035261569896448,1970215.933575,2.000132,-1970217.9336733235978,3940628.8325195312500,1,1.2e-06
0.9824552878195447,0.0,0.0010027143065581,0.0000000000000000,-0.0135940588388895,0.0000000000000000,11.5105380349021758,3.0035259863330950,1970522.718502,1.999268,-1970524.7177600732539,3939585.0195312500000,1,1.9e-06
0.9824560655141441,0.0,0.0010194554535408,0.0000000000000000,-0.0135948253009620,0.0000000000000000,11.5107380349021753,3.0035258156912819,1970992.695059,2.000024,-1970994.6949705141596,3941812.2067871093750,1,6.4e-07
0.9824568431648223,0.0,0.0010359244666807,0.0000000000000000,-0.0135955917564088,0.0000000000000000,11.5109380349021766,3.0035256450645162,1971363.408045,1.999652,-1971365.4076915327460,3942030.6140136718750,1,3.0e-07
0.9824576207729872,0.0,0.0010521341259595,0.0000000000000000,-0.0135963582127357,0.0000000000000000,11.5111380349021761,3.0035254744526632,1971801.560826,2.000083,-1971803.5608337612357,3943622.0136718750000,1,1.1e-06
0.9824583983384658,0.0,0.0010680962408241,0.0000000000000000,-0.0135971246691546,0.0000000000000000,11.5113380349021757,3.0035253038557190,1972128.315441,1.999350,-1972130.3147790262010,3942955.1064453125000,1,1.4e-06
0.9824591758611183,0.0,0.0010838217401570,0.0000000000000000,-0.0135978911273242,0.0000000000000000,11.5115380349021752,3.0035251332737332,1972571.356764,2.000005,-1972573.3564992118627,3944622.4621582031250,1,2.3e-07
0.9824599533422838,0.0,0.0010993207871100,0.0000000000000000,-0.0135986575904989,0.0000000000000000,11.5117380349021765,3.0035249627065821,1972989.026407,2.000041,-1972991.0263047826011,3945778.6838378906250,1,9.2e-07
0.9824607307800416,0.0,0.0011146028244784,0.0000000000000000,-0.0135994240512217,0.0000000000000000,11.5119380349021760,3.0035247921544102,1973380.938012,2.000024,-1973382.9378300246317,3946405.8410644531250,1,7.0e-07
0.9824615081749101,0.0,0.0011296766610612,0.0000000000000000,-0.0136001905107481,0.0000000000000000,11.5121380349021756,3.0035246216171894,1973739.071446,1.999434,-1973741.0708717976231,3946348.0539550781250,1,7.2e-07
0.9824622855275171,0.0,0.0011445505220667,0.0000000000000000,-0.0136009569740065,0.0000000000000000,11.5123380349021751,3.0035244510948327,1974143.307640,1.999463,-1974145.3070953334682,3947212.5375976562500,1,5.2e-07
0.9824630628375570,0.0,0.0011592321066312,0.0000000000000000,-0.0136017234375400,0.0000000000000000,11.5125380349021764,3.0035242805873961,1974533.334574,1.999366,-1974535.3339300206862,3947797.7143554687500,1,8.3e-07
0.9824638401046697,0.0,0.0011737286284400,0.0000000000000000,-0.0136024899002343,0.0000000000000000,11.5127380349021760,3.0035241100949110,1974941.584304,1.999424,-1974943.5837209471501,3948733.7778320312500,1,5.1e-07
0.9824646173298696,0.0,0.0011880468636614,0.0000000000000000,-0.0136032563672209,0.0000000000000000,11.5129380349021755,3.0035239396172715,1975367.245412,2.000006,-1975369.2450496538077,3950020.1325683593750,1,4.1e-07
0.9824669487489409,0.0,0.0012299937219078,0.0000000000000000,-0.0136055557701182,0.0000000000000000,11.5135380349021759,3.0035234282738457,1976537.000638,1.999303,-1976538.9999323973898,3951679.4577636718750,1,6.2e-07
0.9824692797851089,0.0,0.0012705445783512,0.0000000000000000,-0.0136078551822309,0.0000000000000000,11.5141380349021762,3.0035229170645246,1977729.969376,1.999154,-1977731.9685196722858,3953767.2456054687500,1,9.1e-07
0.9824716104383933,0.0,0.0013098291000384,0.0000000000000000,-0.0136101546035024,0.0000000000000000,11.5147380349021748,3.0035224059892394,1978893.586373,1.998727,-1978895.5850774564315,3955227.0859375000000,1,2.3e-06
0.9824739407093713,0.0,0.0013479580133558,0.0000000000000000,-0.0136124540363907,0.0000000000000000,11.5153380349021752,3.0035218950478795,1980154.502187,1.999145,-1980156.5013248638716,3958603.8195800781250,1,3.2e-07
0.9824762705977815,0.0,0.0013850267629812,0.0000000000000000,-0.0136147534788459,0.0000000000000000,11.5159380349021756,3.0035213842404547,1981348.216043,1.998938,-1981350.2149705688935,3960572.7734375000000,1,7.8e-07
0.9824786001038265,0.0,0.0014211183166557,0.0000000000000000,-0.0136170529308131,0.0000000000000000,11.5165380349021760,3.0035208735668988,1982569.120749,1.998953,-1982571.1196954874322,3963051.6865234375000,1,3.5e-07
0.9824809292282097,0.0,0.0014563053350758,0.0000000000000000,-0.0136193523962689,0.0000000000000000,11.5171380349021764,3.0035203630270484,1983788.700618,1.998932,-1983790.6995510491543,3965464.2917480468750,1,3.3e-08
0.9824832579697325,0.0,0.0014906518756670,0.0000000000000000,-0.0136216518674139,0.0000000000000000,11.5177380349021750,3.0035198526210292,1984978.960510,1.998636,-1984980.9591340760235,3967227.0056152343750,1,8.1e-07
0.9824855863296162,0.0,0.0015242147616290,0.0000000000000000,-0.0136239513510871,0.0000000000000000,11.5183380349021753,3.0035193423486444,1986167.102461,1.998299,-1986169.1007370168809,3968913.0651855468750,1,1.7e-06
0.9824879143091150,0.0,0.0015570446730265,0.0000000000000000,-0.0136262508519298,0.0000000000000000,11.5189380349021757,3.0035188322097826,1987449.624468,2.000014,-1987451.6232480595354,3972476.1213378906250,1,6.1e-07
0.9824902419063652,0.0,0.0015891870403364,0.0000000000000000,-0.0136285503613288,0.0000000000000000,11.5195380349021761,3.0035183222045010,1988648.153841,1.998484,-1988650.1523225151468,3974278.3637695312500,1,8.1e-08
0.9824925691218629,0.0,0.0016206827732737,0.0000000000000000,-0.0136308498798310,0.0000000000000000,11.5201380349021747,3.0035178123327770,1989903.743978,2.000026,-1989905.7426677709445,3977204.9255371093750,1,1.2e-06
0.9824948959561985,0.0,0.0016515688744104,0.0000000000000000,-0.0136331494083654,0.0000000000000000,11.5207380349021751,3.0035173025944686,1991073.203327,1.998086,-1991075.2014036418404,3978319.9680175781250,1,6.7e-07
0.9824972224094237,0.0,0.0016818789268979,0.0000000000000000,-0.0136354489513061,0.0000000000000000,11.5213380349021755,3.0035167929895157,1992333.837365,2.000012,-1992335.8356554221828,3981262.1245117187500,1,6.3e-07
0.9824995484824219,0.0,0.0017116435402062,0.0000000000000000,-0.0136377485075175,0.0000000000000000,11.5219380349021758,3.0035162835178610,1993555.061926,2.000009,-1993557.0600427677855,3983357.2426757812500,1,4.8e-07
0.9825018741749199,0.0,0.0017408906926704,0.0000000000000000,-0.0136400480790100,0.0000000000000000,11.5225380349021762,3.0035157741794043,1994831.717904,2.000052,-1994833.7163381867576,3986542.1628417968750,1,2.2e-06
0.9825041994854040,0.0,0.0017696460448622,0.0000000000000000,-0.0136423476553001,0.0000000000000000,11.5231380349021748,3.0035152649742614,1995928.886232,1.997092,-1995930.8832871210761,3985981.6352539062500,1,2.5e-06
0.9825065244177529,0.0,0.0017979331959291,0.0000000000000000,-0.0136446472556138,0.0000000000000000,11.5237380349021752,3.0035147559020841,1997241.584235,2.000005,-1997243.5819006217644,3989822.0427246093750,1,4.2e-07
0.9825088489684164,0.0,0.0018257739103375,0.0000000000000000,-0.0136469468618863,0.0000000000000000,11.5243380349021756,3.0035142469631082,1998490.390184,2.000018,-1998492.3878443962894,3992305.7714843750000,1,9.7e-07
0.9825111731396032,0.0,0.0018531883126129,0.0000000000000000,-0.0136492464859260,0.0000000000000000,11.5249380349021759,3.0035137381570540,1999713.858011,2.000010,-1999715.8554074568674,3994224.1157226562500,1,5.6e-07
0.9825134969305862,0.0,0.0018801950531703,0.0000000000000000,-0.0136515461205120,0.0000000000000000,11.5255380349021763,3.0035132294840179,2000933.228109,1.997069,-2000935.2251762794331,3995999.4291992187500,1,5.7e-08
0.9825158203420156,0.0,0.0019068114560334,0.0000000000000000,-0.0136538457702614,0.0000000000000000,11.5261380349021749,3.0035127209438564,2002186.433017,2.000007,-2002188.4300515393261,3998436.8845214843750,1,4.5e-07
0.9825181433747531,0.0,0.0019330536502928,0.0000000000000000,-0.0136561454387019,0.0000000000000000,11.5267380349021753,3.0035122125364011,2003427.656034,2.000009,-2003429.6529062893242,4000590.8171386718750,1,4.7e-07
0.9825204660272141,0.0,0.0019589366698888,0.0000000000000000,-0.0136584451191605,0.0000000000000000,11.5273380349021757,3.0035117042618560,2004677.394414,2.000014,-2004679.3911771550775,4002869.2424316406250,1,7.2e-07
0.9825227883005431,0.0,0.0019844745810315,0.0000000000000000,-0.0136607448120303,0.0000000000000000,11.5279380349021761,3.0035111961199918,2005901.367836,1.996389,-2005903.3642265279777,4004564.5664062500000,1,1.4e-09
0.9825251101945144,0.0,0.0020096805370099,0.0000000000000000,-0.0136630445200870,0.0000000000000000,11.5285380349021747,3.0035106881107896,2007126.278741,1.996017,-2007128.2747455497738,4006235.7473144531250,1,7.6e-07
0.9825274317104299,0.0,0.0020345668778078,0.0000000000000000,-0.0136653442480293,0.0000000000000000,11.5291380349021750,3.0035101802341377,2008417.435489,2.000016,-2008419.4317073740531,4009243.2705078125000,1,7.6e-07
0.9825313000607342,0.0,0.0020753650309543,0.0000000000000000,-0.0136691771541816,0.0000000000000000,11.5301380349021745,3.0035093340676391,2010457.864088,1.995493,-2010459.8595661413856,4011827.6420898437500,1,8.0e-07
0.9825351673602477,0.0,0.0021153568174856,0.0000000000000000,-0.0136730101073922,0.0000000000000000,11.5311380349021757,3.0035084882689538,2012536.457927,1.995059,-2012538.4529657727107,4015092.3195800781250,1,1.2e-06
0.9825390336092820,0.0,0.0021545871492580,0.0000000000000000,-0.0136768431056254,0.0000000000000000,11.5321380349021751,3.0035076428378984,2014658.963918,1.994951,-2014660.9588656271808,4019140.8527832031250,1,2.3e-07
0.9825428988091437,0.0,0.0021930969009061,0.0000000000000000,-0.0136806761554514,0.0000000000000000,11.5331380349021746,3.0035067977740715,2016779.039786,2.000010,-2016781.0345587094780,4023018.9340820312500,1,4.7e-07
0.9825467629595925,0.0,0.0022309234013169,0.0000000000000000,-0.0136845092495350,0.0000000000000000,11.5341380349021758,3.0035059530773136,2018856.968996,1.994147,-2018858.9631338440813,4025880.4150390625000,1,5.1e-07
0.9825506260616764,0.0,0.0022681008432401,0.0000000000000000,-0.0136883423919554,0.0000000000000000,11.5351380349021753,3.0035051087473650,2021013.722010,2.000022,-2021015.7161995831411,4030286.7614746093750,1,1.1e-06
0.9825544881156717,0.0,0.0023046606485682,0.0000000000000000,-0.0136921755822362,0.0000000000000000,11.5361380349021747,3.0035042647839547,2023076.637902,1.993302,-2023078.6311900685541,4032575.2158203125000,1,7.6e-07
0.9825583491233657,0.0,0.0023406317714192,0.0000000000000000,-0.0136960088245335,0.0000000000000000,11.5371380349021742,3.0035034211867297,2025196.923755,1.992883,-2025198.9166253888980,4035958.5742187500000,1,7.9e-07
0.9825622090851639,0.0,0.0023760409570206,0.0000000000000000,-0.0136998421202235,0.0000000000000000,11.5381380349021754,3.0035025779554267,2027338.320044,1.992596,-2027340.3126348676160,4039658.3623046875000,1,2.7e-07
0.9825660680015176,0.0,0.0024109129743779,0.0000000000000000,-0.0137036754690968,0.0000000000000000,11.5391380349021748,3.0035017350898081,2029464.612419,1.992116,-2029466.6045266897418,4042914.2861328125000,1,4.6e-07
0.9825699258731548,0.0,0.0024452708156326,0.0000000000000000,-0.0137075088698412,0.0000000000000000,11.5401380349021743,3.0035008925896491,2031638.194626,2.000016,-2031640.1866382262670,4047051.1281738281250,1,8.3e-07
0.9825737827005061,0.0,0.0024791358691483,0.0000000000000000,-0.0137113423244594,0.0000000000000000,11.5411380349021755,3.0035000504546048,2033725.341478,1.991054,-2033727.3325126513373,4049220.7963867187500,1,1.1e-06
0.9825776384858242,0.0,0.0025125280696374,0.0000000000000000,-0.0137151758394043,0.0000000000000000,11.5421380349021749,3.0034992086843642,2035925.509132,1.991055,-2035927.5002038169187,4053676.1887207031250,1,7.5e-07
0.9825814932279227,0.0,0.0025454660361941,0.0000000000000000,-0.0137190094072231,0.0000000000000000,11.5431380349021744,3.0034983672787652,2038071.103996,1.990514,-2038073.0945183269214,4056825.8063964843750,1,5.0e-07
0.9825853469289627,0.0,0.0025779671875958,0.0000000000000000,-0.0137228430365374,0.0000000000000000,11.5441380349021756,3.0034975262374486,2040226.072589,1.989999,-2040228.0625961429905,4060066.2182617187500,1,4.0e-07
0.9825891995897611,0.0,0.0026100478531936,0.0000000000000000,-0.0137266767280234,0.0000000000000000,11.5451380349021751,3.0034966855600937,2042417.285251,2.000028,-2042419.2750251176767,4063950.1787109375000,1,1.4e-06
0.9825930512077439,0.0,0.0026417233566796,0.0000000000000000,-0.0137305104661964,0.0000000000000000,11.5461380349021745,3.0034958452468272,2044513.902233,1.988597,-2044515.8908088305034,4065673.3435058593750,1,1.2e-06
0.9825969017888536,0.0,0.0026730081170086,0.0000000000000000,-0.0137343442795290,0.0000000000000000,11.5471380349021757,3.0034950052967218,2046744.415619,1.988580,-2046746.4042159030214,4070150.4204101562500,1,8.6e-07
0.9826007513304351,0.0,0.0027039157008522,0.0000000000000000,-0.0137381781505726,0.0000000000000000,11.5481380349021752,3.0034941657099798,2048893.436694,1.987780,-2048895.4244709587656,4072744.1420898437500,1,2.0e-07
0.9826045998342875,0.0,0.0027344589102467,0.0000000000000000,-0.0137420120842153,0.0000000000000000,11.5491380349021746,3.0034933264861698,2051090.148805,1.987349,-2051092.1361579147633,4076240.5219726562500,1,2.5e-07
0.9826084473006129,0.0,0.0027646498280192,0.0000000000000000,-0.0137458460819342,0.0000000000000000,11.5501380349021758,3.0034924876250524,2053274.279306,1.986745,-2053276.2660513943993,4079333.9931640625000,1,6.3e-08
0.9826122937305732,0.0,0.0027944998799925,0.0000000000000000,-0.0137496801460741,0.0000000000000000,11.5511380349021753,3.0034916491263717,2055452.092584,1.986029,-2055454.0786010690499,4082164.6965332031250,1,5.3e-07
0.9826161391251846,0.0,0.0028240198861689,0.0000000000000000,-0.0137535142773744,0.0000000000000000,11.5521380349021747,3.0034908109897946,2057697.232660,1.985854,-2057699.2185341997538,4086329.2475585937500,1,1.1e-06
0.9826199834841181,0.0,0.0028532200976461,0.0000000000000000,-0.0137573484725180,0.0000000000000000,11.5531380349021742,3.0034899732151557,2059857.399630,1.984863,-2059859.3844837839715,4088519.9790039062500,1,5.2e-07
0.9826238268088068,0.0,0.0028821102421379,0.0000000000000000,-0.0137611827370049,0.0000000000000000,11.5541380349021754,3.0034891358021190,2062107.595523,1.984621,-2062109.5801629368216,4092543.6857910156250,1,8.9e-07
0.9826276691005067,0.0,0.0029106995614756,0.0000000000000000,-0.0137650170733614,0.0000000000000000,11.5551380349021748,3.0034882987503675,2064314.688442,1.983935,-2064316.6723879745696,4095489.1992187500000,1,5.9e-07
0.9826315103589356,0.0,0.0029389968422104,0.0000000000000000,-0.0137688514779652,0.0000000000000000,11.5561380349021743,3.0034874620597192,2066521.776403,1.983191,-2066523.7595953212585,4098312.6552734375000,1,1.1e-07
0.9826507011844203,0.0,0.0030763820942048,0.0000000000000000,-0.0137880245891686,0.0000000000000000,11.5611380349021751,3.0034832840130754,2077681.371183,1.979720,-2077683.3508894380648,4113202.8957519531250,1,7.2e-07
0.9826698662996718,0.0,0.0032075705004961,0.0000000000000000,-0.0138071996145067,0.0000000000000000,11.5661380349021741,3.0034791149526794,2089041.040313,1.976613,-2089043.0169436174911,4129265.8090820312500,1,9.0e-07
0.9826890057924429,0.0,0.0033332946888175,0.0000000000000000,-0.0138263766571352,0.0000000000000000,11.5711380349021749,3.0034749548454509,2100423.551251,1.972276,-2100425.5234984257258,4142556.1425781250000,1,1.3e-06
0.9827081197551224,0.0,0.0034541522169379,0.0000000000000000,-0.0138455558499195,0.0000000000000000,11.5761380349021739,3.0034708036578288,2112022.581171,1.968466,-2112024.5496252826415,4157421.8950195312500,1,5.1e-07
0.9827272082755072,0.0,0.0035706381071906,0.0000000000000000,-0.0138647372999251,0.0000000000000000,11.5811380349021746,3.0034666613569030,2123712.369217,1.964056,-2123714.3332481454127,4171040.6845703125000,1,1.1e-06
0.9827462714447024,0.0,0.0036831679530251,0.0000000000000000,-0.0138839211292072,0.0000000000000000,11.5861380349021736,3.0034625279094400,2135556.050626,1.959616,-2135558.0102211670019,4184828.7358398437500,1,9.8e-07
0.9827653093509718,0.0,0.0037920947140903,0.0000000000000000,-0.0139031074507542,0.0000000000000000,11.5911380349021744,3.0034584032827025,2147564.871174,1.955266,-2147566.8264495776966,4199083.2070312500000,1,3.8e-07
0.9827843220824923,0.0,0.0038977212209683,0.0000000000000000,-0.0139222963730968,0.0000000000000000,11.5961380349021734,3.0034542874439247,2159691.687400,1.950578,-2159693.6380083761178,4212716.3232421875000,1,1.3e-06
0.9828033097271611,0.0,0.0040003096236282,0.0000000000000000,-0.0139414880034065,0.0000000000000000,11.6011380349021742,3.0034501803606051,2171888.103969,1.945113,-2171890.0490811197087,4224569.0400390625000,1,6.2e-08
0.9828222723726456,0.0,0.0041000886734274,0.0000000000000000,-0.0139606824505741,0.0000000000000000,11.6061380349021750,3.0034460820002988,2184290.003219,1.940125,-2184291.9433734905906,4237862.4912109375000,1,1.2e-06
0.9828412101063739,0.0,0.0041972594100543,0.0000000000000000,-0.0139798798196825,0.0000000000000000,11.6111380349021740,3.0034419923306386,2196712.844219,1.933922,-2196714.7781078037806,4248201.0307617187500,1,1.4e-06
0.9828601230164506,0.0,0.0042919996520755,0.0000000000000000,-0.0139990802212313,0.0000000000000000,11.6161380349021748,3.0034379113194145,2209415.651212,1.928895,-2209417.5801369263791,4261798.4384765625000,1,1.2e-06
0.9828790111872783,0.0,0.0043844676025108,0.0000000000000000,-0.0140182837469638,0.0000000000000000,11.6211380349021738,3.0034338389347286,2222118.094637,1.922462,-2222120.0170784438960,4271894.2915039062500,1,8.4e-07
0.9828978747069341,0.0,0.0044748047555365,0.0000000000000000,-0.0140374905064668,0.0000000000000000,11.6261380349021746,3.0034297751445891,2235061.791486,1.916865,-2235063.7083756108768,4284369.2861328125000,1,9.6e-07
0.9829167136592865,0.0,0.0045631382793920,0.0000000000000000,-0.0140567005889860,0.0000000000000000,11.6311380349021736,3.0034257199173253,2248056.319966,1.910344,-2248058.2303058784455,4294553.6171875000000,1,1.1e-07
0.9829355281317758,0.0,0.0046495829699906,0.0000000000000000,-0.0140759141013396,0.0000000000000000,11.6361380349021744,3.0034216732212196,2261251.448678,1.904292,-2261253.3530020867474,4306158.3447265625000,1,1.2e-06
0.9829543182072893,0.0,0.0047342428824159,0.0000000000000000,-0.0140951311304568,0.0000000000000000,11.6411380349021751,3.0034176350249240,2274522.004851,1.897556,-2274523.9024198767729,4316063.9902343750000,1,5.5e-07
0.9829730839714899,0.0,0.0048172126927940,0.0000000000000000,-0.0141143517726464,0.0000000000000000,11.6461380349021741,3.0034136052970153,2287928.039680,1.890696,-2287929.9303750507534,4325777.1059570312500,1,1.8e-08
0.9829918255086971,0.0,0.0048985788422571,0.0000000000000000,-0.0141335761213063,0.0000000000000000,11.6511380349021749,3.0034095840063006,2301482.836943,1.883840,-2301484.7207830310799,4335627.7275390625000,1,1.4e-08
0.9830105429027309,0.0,0.0049784205131967,0.0000000000000000,-0.0141528042668335,0.0000000000000000,11.6561380349021739,3.0034055711216721,2315186.930605,1.876997,-2315188.8076171660796,4345636.7050781250000,1,5.7e-07
0.9830292362363493,0.0,0.0050568104567428,0.0000000000000000,-0.0141720362934096,0.0000000000000000,11.6611380349021747,3.0034015666122880,2328974.014327,1.869557,-2328975.8838672214188,4354113.3461914062500,1,5.9e-07
0.9830479055937729,0.0,0.0051338157040353,0.0000000000000000,-0.0141912722953829,0.0000000000000000,11.6661380349021737,3.0033975704472442,2342947.804632,1.862485,-2342949.6671204660088,4363716.2695312500000,1,1.4e-07
0.9830665510568835,0.0,0.0052094981809288,0.0000000000000000,-0.0142105123529106,0.0000000000000000,11.6711380349021745,3.0033935825959852,2357024.939913,1.855015,-2357026.7949226866476,4372305.0551757812500,1,1.8e-07
0.9830851727094922,0.0,0.0052839152381634,0.0000000000000000,-0.0142297565590035,0.0000000000000000,11.6761380349021735,3.0033896030277996,2371348.539631,1.848476,-2371350.3882065229118,4383617.8823242187500,1,3.5e-06
0.9831037706298638,0.0,0.0053571201136813,0.0000000000000000,-0.0142490049762071,0.0000000000000000,11.6811380349021743,3.0033856317126508,2385599.481171,1.839916,-2385601.3210844034329,4389299.6860351562500,1,9.4e-08
0.9831223449031117,0.0,0.0054291623360179,0.0000000000000000,-0.0142682577030521,0.0000000000000000,11.6861380349021751,3.0033816686199275,2400068.812138,1.832034,-2400070.6441520694643,4396961.1655273437500,1,6.8e-07
0.9831594228309362,0.0,0.0055699404636656,0.0000000000000000,-0.0143067763963707,0.0000000000000000,11.6961380349021749,3.0033737669816647,2429463.279448,1.816475,-2429465.0959254717454,4413068.6010742187500,1,6.7e-08
0.9831964071364885,0.0,0.0057065840945479,0.0000000000000000,-0.0143453132469675,0.0000000000000000,11.7061380349021746,3.0033658978737559,2459367.824116,1.800311,-2459369.6244246056303,4427622.8862304687500,1,6.6e-08
0.9832332984603211,0.0,0.0058393870903393,0.0000000000000000,-0.0143838688558803,0.0000000000000000,11.7161380349021744,3.0033580610588202,2489832.569751,1.784028,-2489834.3537986525334,4441983.1831054687500,1,6.2e-07
0.9832700974364097,0.0,0.0059686093241691,0.0000000000000000,-0.0144224437991571,0.0000000000000000,11.7261380349021742,3.0033502563016135,2520804.451148,1.767169,-2520806.2183259986341,4454712.6513671875000,1,2.7e-07
0.9833068046939797,0.0,0.0060944819734161,0.0000000000000000,-0.0144610386338761,0.0000000000000000,11.7361380349021758,3.0033424833689524,2552321.464964,1.750105,-2552323.2150737368502,4466844.9541015625000,1,1.4e-07
0.9833434208558902,0.0,0.0062172117951726,0.0000000000000000,-0.0144996538934821,0.0000000000000000,11.7461380349021756,3.0033347420298133,2584370.212169,1.732738,-2584371.9448993103579,4478018.4428710937500,1,2.5e-07
0.9833799465406869,0.0,0.0063369846169581,0.0000000000000000,-0.0145382900980728,0.0000000000000000,11.7561380349021753,3.0033270320549859,2616997.894292,1.715519,-2616999.6098339739256,4489571.1743164062500,1,6.5e-07
0.9834163823599074,0.0,0.0064539682046434,0.0000000000000000,-0.0145769477404068,0.0000000000000000,11.7661380349021751,3.0033193532175928,2650122.932591,1.697727,-2650124.6303198430687,4499191.3300781250000,1,5.8e-08
0.9834527289209158,0.0,0.0065683146490489,0.0000000000000000,-0.0146156272996842,0.0000000000000000,11.7761380349021749,3.0033117052925649,2683797.942584,1.679859,-2683799.6224327450618,4508376.9194335937500,1,2.9e-07
0.9834889868255114,0.0,0.0066801623546155,0.0000000000000000,-0.0146543292371936,0.0000000000000000,11.7861380349021747,3.0033040880569648,2718009.773382,1.661817,-2718011.4351666425355,4516750.6215820312500,1,8.7e-07
0.9835251566699097,0.0,0.0067896377209784,0.0000000000000000,-0.0146930539933679,0.0000000000000000,11.7961380349021745,3.0032965012897566,2752780.508765,1.643813,-2752782.1525403028354,4524954.3769531250000,1,9.9e-07
0.9835612390460222,0.0,0.0068968565599661,0.0000000000000000,-0.0147318019974818,0.0000000000000000,11.8061380349021743,3.0032889447718927,2788118.403736,1.625932,-2788120.0296535179950,4533251.3012695312500,1,4.0e-07
0.9835972345394093,0.0,0.0070019253107645,0.0000000000000000,-0.0147705736539567,0.0000000000000000,11.8161380349021758,3.0032814182863312,2824011.347559,1.608081,-2824012.9556573238224,4541289.8222656250000,1,4.4e-07
0.9836331437308583,0.0,0.0071049420747797,0.0000000000000000,-0.0148093693555451,0.0000000000000000,11.8261380349021756,3.0032739216179825,2860374.490113,1.589541,-2860376.0796034592204,4546539.1489257812500,1,1.2e-06
0.9836689671973979,0.0,0.0072059975114873,0.0000000000000000,-0.0148481894848975,0.0000000000000000,11.8361380349021754,3.0032664545536001,2897387.955265,1.571879,-2897389.5271585052833,4554388.1337890625000,1,3.5e-07
0.9837047055094328,0.0,0.0073051756150929,0.0000000000000000,-0.0148870343990722,0.0000000000000000,11.8461380349021752,3.0032590168819171,2934899.474888,1.553797,-2934901.0286974767223,4560276.2973632812500,1,2.7e-07
0.9837403592334415,0.0,0.0074025543841004,0.0000000000000000,-0.0149259044483785,0.0000000000000000,11.8561380349021750,3.0032516083935139,2972975.005053,1.535871,-2972976.5409511900507,4566188.3369140625000,1,6.2e-07
0.9837759289305508,0.0,0.0074982064114486,0.0000000000000000,-0.0149647999652420,0.0000000000000000,11.8661380349021748,3.0032442288809142,3011562.111665,1.517671,-3011563.6293237851933,4570526.6962890625000,1,3.0e-07
0.9838114151572812,0.0,0.0075921994006352,0.0000000000000000,-0.0150037212681432,0.0000000000000000,11.8761380349021746,3.0032368781384591,3050737.958667,1.499857,-3050739.4585211887024,4575663.5927734375000,1,7.5e-08
0.9838468184656565,0.0,0.0076845966178862,0.0000000000000000,-0.0150426686653872,0.0000000000000000,11.8861380349021744,3.0032295559623305,3090465.943105,1.482127,-3090467.4252383159474,4580484.3642578125000,1,1.2e-07
0.9838821394025505,0.0,0.0077754572947828,0.0000000000000000,-0.0150816424486152,0.0000000000000000,11.8961380349021759,3.0032222621505653,3130724.215813,1.464315,-3130725.6801085579209,4584306.9423828125000,1,4.2e-07
0.9839173785109350,0.0,0.0078648369823978,0.0000000000000000,-0.0151206429011527,0.0000000000000000,11.9061380349021757,3.0032149965029498,3171556.890573,1.446786,-3171558.3373431088403,4588515.4072265625000,1,3.5e-07
0.9839525363279995,0.0,0.0079527878675752,0.0000000000000000,-0.0151596702882097,0.0000000000000000,11.9161380349021755,3.0032077588211954,3212947.692136,1.429418,-3212949.1215436179191,4592614.7500000000000,1,1.9e-07
0.9839876133876884,0.0,0.0080393590550473,0.0000000000000000,-0.0151987248690973,0.0000000000000000,11.9261380349021753,3.0032005489086351,3254879.329656,1.412082,-3254880.7417135336436,4596078.7607421875000,1,4.9e-07
0.9840575273448234,0.0,0.0082085448267171,0.0000000000000000,-0.0152769165779379,0.0000000000000000,11.9461380349021749,3.0031862116137185,3340476.274380,1.378394,-3340477.6528149857186,4604630.0908203125000,1,7.9e-07
0.9841271245606903,0.0,0.0083727344323646,0.0000000000000000,-0.0153552198596515,0.0000000000000000,11.9661380349021744,3.0031719830804406,3428272.010547,1.345187,-3428273.3557941508479,4611874.7919921875000,1,1.1e-06
0.9841964091428779,0.0,0.0085322323731163,0.0000000000000000,-0.0154336363731766,0.0000000000000000,11.9861380349021758,3.0031578617985701,3518219.335572,1.312188,-3518220.6477171550505,4616415.6289062500000,1,8.0e-07
0.9842653851332286,0.0,0.0086873125909499,0.0000000000000000,-0.0155121676294862,0.0000000000000000,12.0061380349021753,3.0031438462846842,3610495.456208,1.280740,-3610496.7369443173520,4624096.2822265625000,1,7.5e-08
0.9843340565055696,0.0,0.0088382226487725,0.0000000000000000,-0.0155908149839235,0.0000000000000000,12.0261380349021749,3.0031299350818426,3704978.329405,1.249997,-3704979.5793940508738,4631183.5029296875000,1,1.5e-07
0.9844024271698876,0.0,0.0089851871967859,0.0000000000000000,-0.0156695796570342,0.0000000000000000,12.0461380349021745,3.0031161267589233,3801715.130891,1.220335,-3801716.3512409324758,4639423.2050781250000,1,2.6e-07
0.9844705009717559,0.0,0.0091284108723986,0.0000000000000000,-0.0157484627341430,0.0000000000000000,12.0661380349021758,3.0031024199102760,3900645.824553,1.191395,-3900647.0159253869206,4647124.0332031250000,1,3.9e-07
0.9845382816952880,0.0,0.0092680807408570,0.0000000000000000,-0.0158274651816381,0.0000000000000000,12.0861380349021754,3.0030888131551170,4001829.925383,1.163620,-4001831.0889734230004,4656494.0986328125000,1,4.6e-07
0.9846057730640227,0.0,0.0094043683670788,0.0000000000000000,-0.0159065878481068,0.0000000000000000,12.1061380349021750,3.0030753051369574,4105270.543625,1.137061,-4105271.6806956264190,4667986.6611328125000,1,1.5e-07
0.9846729787419066,0.0,0.0095374315767592,0.0000000000000000,-0.0159858314749868,0.0000000000000000,12.1261380349021746,3.0030618945233010,4210896.728937,1.111323,-4210897.8402491845191,4679623.8339843750000,1,1.6e-07
0.9847399023343308,0.0,0.0096674159713448,0.0000000000000000,-0.0160651966977115,0.0000000000000000,12.1461380349021759,3.0030485800050819,4318677.706170,1.086300,-4318678.7923378804699,4690809.2539062500000,1,1.9e-06
0.9848065473914402,0.0,0.0097944562300581,0.0000000000000000,-0.0161446840623743,0.0000000000000000,12.1661380349021755,3.0030353602961002,4428832.220759,1.063291,-4428833.2840581359342,4709173.6738281250000,1,1.0e-07
0.9848729174055080,0.0,0.0099186772402636,0.0000000000000000,-0.0162242940159902,0.0000000000000000,12.1861380349021751,3.0030222341327546,4541069.175135,1.040687,-4541070.2157787010074,4725637.4667968750000,1,5.9e-07
0.9849390158165630,0.0,0.0100401950789184,0.0000000000000000,-0.0163040269277100,0.0000000000000000,12.2061380349021746,3.0030092002733233,4655554.043480,1.019470,-4655555.0629468346015,4746184.7265625000000,1,4.6e-08
0.9850048460096406,0.0,0.0101591178703440,0.0000000000000000,-0.0163838830806401,0.0000000000000000,12.2261380349021760,3.0029962574978333,4772207.090366,0.999258,-4772208.0896411081776,4768750.8203125000000,1,2.3e-07
0.9850704113181608,0.0,0.0102755465400257,0.0000000000000000,-0.0164638626836776,0.0000000000000000,12.2461380349021756,3.0029834046073689,4891020.319753,0.980077,-4891021.2998564643785,4793705.6796875000000,1,3.4e-07
0.9851357150251565,0.0,0.0103895754766317,0.0000000000000000,-0.0165439658780319,0.0000000000000000,12.2661380349021751,3.0029706404236722,5011986.393445,0.961953,-5011987.3554338514805,4821475.4121093750000,1,4.5e-07
0.9852007603625461,0.0,0.0105012931184985,0.0000000000000000,-0.0166241927323296,0.0000000000000000,12.2861380349021747,3.0029579637888761,5135049.542400,0.944691,-5135050.4870715681463,4850939.6523437500000,1,2.3e-07
0.9852655505138994,0.0,0.0106107824730442,0.0000000000000000,-0.0167045432544719,0.0000000000000000,12.3061380349021761,3.0029453735649025,5260228.016388,0.928454,-5260228.9447613069788,4883456.5019531250000,1,9.6e-07
0.9853300886149076,0.0,0.0107181215783611,0.0000000000000000,-0.0167850173936500,0.0000000000000000,12.3261380349021756,3.0029328686331511,5387589.309076,0.913607,-5387590.2226683832705,4922061.2968750000000,1,1.7e-07
0.9853943777532710,0.0,0.0108233839166006,0.0000000000000000,-0.0168656150380587,0.0000000000000000,12.3461380349021752,3.0029204478941356,5516973.288594,0.899507,-5516974.1880601905286,4962331.9843750000000,1,4.6e-07
0.9854584209717836,0.0,0.0109266387820453,0.0000000000000000,-0.0169463360277157,0.0000000000000000,12.3661380349021748,3.0029081102669641,5648467.958989,0.886613,-5648468.8456162214279,5008085.9511718750000,1,1.5e-07
0.9855222212671308,0.0,0.0110279516128714,0.0000000000000000,-0.0170271801483670,0.0000000000000000,12.3861380349021761,3.0028958546891138,5781977.332547,0.874598,-5781978.2071774611250,5057094.4785156250000,1,3.5e-07
0.9855857815920022,0.0,0.0111273842895513,0.0000000000000000,-0.0171081471378938,0.0000000000000000,12.4061380349021757,3.0028836801159349,5917462.524895,0.863399,-5917463.3882898055017,5109106.7968750000000,1,4.9e-08
0.9856491048557768,0.0,0.0112249954021072,0.0000000000000000,-0.0171892366915775,0.0000000000000000,12.4261380349021753,3.0028715855203578,6054970.959088,0.853285,-6054971.8123891856521,5166714.9140625000000,1,1.7e-07
0.9857121939248557,0.0,0.0113208404949021,0.0000000000000000,-0.0172704484586888,0.0000000000000000,12.4461380349021749,3.0028595698925136,6194419.084523,0.844021,-6194419.9285516478121,5228269.7929687500000,1,8.5e-08
0.9857750516243398,0.0,0.0114149722857988,0.0000000000000000,-0.0173517820502582,0.0000000000000000,12.4661380349021762,3.0028476322393489,6335814.130873,0.835723,-6335814.9666252089664,5295172.3203125000000,1,2.8e-07
0.9858376807375357,0.0,0.0115074408664278,0.0000000000000000,-0.0174332370355434,0.0000000000000000,12.4861380349021758,3.0028357715844036,6479104.882425,0.828296,-6479105.7107651671395,5366900.4843750000000,1,4.2e-07
0.9859000840081120,0.0,0.0115982938846235,0.0000000000000000,-0.0175148129488339,0.0000000000000000,12.5061380349021753,3.0028239869673063,6624210.224716,0.821562,-6624211.0462597347796,5442080.5234375000000,1,1.7e-07
0.9859622641402848,0.0,0.0116875767092961,0.0000000000000000,-0.0175965092907014,0.0000000000000000,12.5261380349021749,3.0028122774435846,6771197.734720,0.815841,-6771198.5505561651662,5524193.9257812500000,1,4.0e-08
0.9860242237988536,0.0,0.0117753325834444,0.0000000000000000,-0.0176783255248904,0.0000000000000000,12.5461380349021745,3.0028006420843276,6920008.077567,0.811023,-6920008.8886378500611,5612617.0781250000000,1,4.3e-07
0.9860859656112922,0.0,0.0118616027621021,0.0000000000000000,-0.0177602610870737,0.0000000000000000,12.5661380349021758,3.0027890799757757,7070541.140540,0.806891,-7070541.9474752228707,5705472.9023437500000,1,3.9e-07
0.9861474921666455,0.0,0.0119464266399197,0.0000000000000000,-0.0178423153775786,0.0000000000000000,12.5861380349021754,3.0027775902192335,7222774.123371,0.803483,-7222774.9268617480993,5803433.8671875000000,1,7.2e-08
0.9862088060184937,0.0,0.0120298418683463,0.0000000000000000,-0.0179244877732392,0.0000000000000000,12.6061380349021750,3.0027661719304435,7376707.809373,0.800901,-7376708.6102739740163,5908015.8789062500000,1,3.1e-09
0.9862699096834197,0.0,0.0121118844622894,0.0000000000000000,-0.0180067776199655,0.0000000000000000,12.6261380349021746,3.0027548242396498,7532285.270877,0.799076,-7532286.0699509177357,6018854.4531250000000,1,2.5e-08
0.9863308056428085,0.0,0.0121925889003342,0.0000000000000000,-0.0180891842374608,0.0000000000000000,12.6461380349021759,3.0027435462910934,7689430.355938,0.797901,-7689431.1537894625217,6135026.3789062500000,1,4.1e-07
0.9863914963431303,0.0,0.0122719882155351,0.0000000000000000,-0.0181717069199638,0.0000000000000000,12.6661380349021755,3.0027323372428265,7848234.456233,0.797721,-7848235.2540092803538,6261136.3906250000000,1,4.4e-07
0.9864519841968733,0.0,0.0123501140806559,0.0000000000000000,-0.0182543449379781,0.0000000000000000,12.6861380349021751,3.0027211962663372,8008399.484667,0.797848,-8008400.2824635459110,6389072.6406250000000,1,4.0e-07
0.9865122715823891,0.0,0.0124269968851773,0.0000000000000000,-0.0183370975369631,0.0000000000000000,12.7061380349021746,3.0027101225465134,8170126.808565,0.798913,-8170127.6074652839452,6527117.8281250000000,1,1.0e-07
0.9865723608454424,0.0,0.0125026658092435,0.0000000000000000,-0.0184199639419155,0.0000000000000000,12.7261380349021760,3.0026991152810947,8333194.945984,0.800461,-8333195.7463698498905,6669773.4609375000000,1,5.7e-07
0.9866322542989063,0.0,0.0125771488898956,0.0000000000000000,-0.0185029433544499,0.0000000000000000,12.7461380349021756,3.0026881736806748,8497713.664988,0.802865,-8497714.4678380303085,6822387.2031250000000,1,1.1e-07
0.9866919542234747,0.0,0.0126504730843588,0.0000000000000000,-0.0185860349544950,0.0000000000000000,12.7661380349021751,3.0026772969683351,8663510.626327,0.805813,-8663511.4321392457932,6981166.1562500000000,1,3.7e-09
0.9867514628689087,0.0,0.0127226643276284,0.0000000000000000,-0.0186692379042905,0.0000000000000000,12.7861380349021747,3.0026664843793820,8830531.718301,0.809290,-8830532.5275573153049,7146164.0781250000000,1,2.4e-07
0.9868107824536274,0.0,0.0127937475871035,0.0000000000000000,-0.0187525513447002,0.0000000000000000,12.8061380349021761,3.0026557351611936,8998807.434340,0.813473,-8998808.2478137277067,7320297.3671875000000,1,5.7e-09
0.9868699151657054,0.0,0.0128637469128135,0.0000000000000000,-0.0188359743985966,0.0000000000000000,12.8261380349021756,3.0026450485729446,9168264.935595,0.818298,-9168265.7539701517671,7503083.6250000000000,1,5.4e-07
0.9869288631628957,0.0,0.0129326854847836,0.0000000000000000,-0.0189195061688030,0.0000000000000000,12.8461380349021752,3.0026344238854512,9338670.954654,0.823377,-9338671.7779920585454,7688881.1796875000000,1,2.6e-07
0.9869876285740851,0.0,0.0130005856571594,0.0000000000000000,-0.0190031457431940,0.0000000000000000,12.8661380349021748,3.0026238603808020,9510173.789488,0.829135,-9510174.6185504607856,7884532.1406250000000,1,4.8e-07
0.9870462134986436,0.0,0.0130674689990698,0.0000000000000000,-0.0190868921908540,0.0000000000000000,12.8861380349021744,3.0026133573523355,9682855.810893,0.835833,-9682856.6468846164644,8094787.7343750000000,1,1.1e-06
0.9871046200073056,0.0,0.0131333563337313,0.0000000000000000,-0.0191707445639974,0.0000000000000000,12.9061380349021757,3.0026029141043269,9856153.914010,0.842445,-9856154.7564527746290,8303251.0390625000000,1,1.2e-08
0.9871628501429633,0.0,0.0131982677744526,0.0000000000000000,-0.0192547018994945,0.0000000000000000,12.9261380349021753,3.0025925299517859,10030442.365767,0.849829,-10030443.2156090252101,8524295.2968750000000,1,8.4e-08
0.9872209059207401,0.0,0.0132622227584564,0.0000000000000000,-0.0193387632188500,0.0000000000000000,12.9461380349021749,3.0025822042202872,10205548.003742,0.857746,-10205548.8615464344621,8754364.7343750000000,1,3.7e-07
0.9872787893281229,0.0,0.0133252400790197,0.0000000000000000,-0.0194229275266996,0.0000000000000000,12.9661380349021762,3.0025719362458130,10381295.494115,0.865975,-10381296.3600843958557,8989882.6953125000000,1,3.8e-08
0.9873365023263152,0.0,0.0133873379152493,0.0000000000000000,-0.0195071938153710,0.0000000000000000,12.9861380349021758,3.0025617253744601,10557786.725686,0.874810,-10557787.6005254015326,9236364.0390625000000,1,1.7e-07
0.9873940468495361,0.0,0.0134485338604485,0.0000000000000000,-0.0195915610607727,0.0000000000000000,13.0061380349021753,3.0025515709623827,10734849.519041,0.884044,-10734850.4031130038202,9490378.2265625000000,1,1.7e-07
0.9874514248063618,0.0,0.0135088449486243,0.0000000000000000,-0.0196760282262531,0.0000000000000000,13.0261380349021749,3.0025414723755071,10912416.976123,0.893665,-10912417.8697808831930,9751970.6406250000000,0,3.7e-08
0.9875086380793451,0.0,0.0135682876794419,0.0000000000000000,-0.0197605942605958,0.0000000000000000,13.0461380349021745,3.0025314289894420,11090413.984076,0.903649,-11090414.8876414131373,10020918.6484375000000,0,4.9e-07
0.9875656885260798,0.0,0.0136268780418783,0.0000000000000000,-0.0198452581003510,0.0000000000000000,13.0661380349021758,3.0025214401892448,11269052.455352,0.914452,-11269053.3699405975640,10306553.2812500000000,0,7.8e-07
0.9876225779789238,0.0,0.0136846315367598,0.0000000000000000,-0.0199300186677437,0.0000000000000000,13.0861380349021754,3.0025115053692910,11447722.914815,0.925162,-11447723.8399745542556,10590972.2343750000000,0,1.4e-08
0.9876793082459252,0.0,0.0137415631971535,0.0000000000000000,-0.0200148748740956,0.0000000000000000,13.1061380349021750,3.0025016239331013,11626740.315593,0.936408,-11626741.2519689798355,10886999.9453125000000,0,1.8e-07
0.9877358811110128,0.0,0.0137976876088689,0.0000000000000000,-0.0200998256183334,0.0000000000000000,13.1261380349021746,3.0024917952931593,11806030.246691,0.948162,-11806031.1948932781816,11194507.3046875000000,0,2.2e-07
0.9877922983340389,0.0,0.0138530189291238,0.0000000000000000,-0.0201848697861971,0.0000000000000000,13.1461380349021759,3.0024820188708179,11985640.752067,0.960590,-11985641.7130123227835,11517546.9843750000000,0,1.9e-06
0.9878485616513031,0.0,0.0139075709039687,0.0000000000000000,-0.0202700062530828,0.0000000000000000,13.1661380349021755,3.0024722940960995,12164821.753543,0.972643,-12164822.7262979336083,11833390.6562500000000,0,5.9e-07
0.9879046727765051,0.0,0.0139613568858078,0.0000000000000000,-0.0203552338835756,0.0000000000000000,13.1861380349021751,3.0024626204075036,12344064.523621,0.985183,-12344065.5087812095881,12160877.1875000000000,0,1.2e-07
0.9879606334002567,0.0,0.0140143898488899,0.0000000000000000,-0.0204405515309793,0.0000000000000000,13.2061380349021746,3.0024529972519405,12523336.066260,0.998248,-12523337.0645077303052,12501389.1093750000000,0,4.7e-09
0.9880164451905209,0.0,0.0140666824044496,0.0000000000000000,-0.0205259580377529,0.0000000000000000,13.2261380349021760,3.0024434240845919,12702439.072083,1.011644,-12702440.0837576631457,12850735.3437500000000,0,1.6e-07
0.9880721097933796,0.0,0.0141182468155231,0.0000000000000000,-0.0206114522363532,0.0000000000000000,13.2461380349021756,3.0024339003686933,12881200.731271,1.025220,-12881201.7564525119960,13205576.6406250000000,0,1.9e-07
0.9881276288329705,0.0,0.0141690950101127,0.0000000000000000,-0.0206970329493961,0.0000000000000000,13.2661380349021751,3.0024244255754708,13059673.646385,1.039148,-13059674.6854687184095,13570097.3750000000000,0,3.1e-07
0.9881830039119421,0.0,0.0142192385944008,0.0000000000000000,-0.0207826989898910,0.0000000000000000,13.2861380349021747,3.0024149991839746,13237781.666801,1.053414,-13237782.7201702892780,13944277.5625000000000,0,2.1e-07
0.9882382366119126,0.0,0.0142686888651006,0.0000000000000000,-0.0208684491619851,0.0000000000000000,13.3061380349021761,3.0024056206809377,13415525.199959,1.068107,-13415526.2681685891002,14330598.2656250000000,0,5.0e-07
0.9882933284933271,0.0,0.0143174568213001,0.0000000000000000,-0.0209542822595298,0.0000000000000000,13.3261380349021756,3.0023962895606853,13592578.713576,1.082882,-13592579.7965551521629,14720485.2187500000000,0,4.7e-07
0.9883482810962840,0.0,0.0143655531750407,0.0000000000000000,-0.0210401970694991,0.0000000000000000,13.3461380349021752,3.0023870053249819,13769051.012493,1.097976,-13769052.1106191091239,15120152.5468750000000,0,7.0e-07
0.9884030959402826,0.0,0.0144129883627898,0.0000000000000000,-0.0211261923684558,0.0000000000000000,13.3661380349021748,3.0023777674829364,13944656.205218,1.113107,-13944657.3183502368629,15522252.2500000000000,0,1.2e-07
0.9884577745253375,0.0,0.0144597725549563,0.0000000000000000,-0.0212122669270163,0.0000000000000000,13.3861380349021744,3.0023685755508094,14119655.756507,1.128705,-14119656.8853123486042,15938350.2187500000000,0,4.6e-07
0.9885123183317076,0.0,0.0145059156657589,0.0000000000000000,-0.0212984195080697,0.0000000000000000,13.4061380349021757,3.0023594290519440,14293949.959683,1.144720,-14293951.1047494597733,16367528.8750000000000,0,1.6e-06
0.9885667288193501,0.0,0.0145514273626926,0.0000000000000000,-0.0213846488633030,0.0000000000000000,13.4261380349021753,3.0023503275167500,14466792.031170,1.160309,-14466793.1915105264634,16786414.2187500000000,0,1.4e-07
0.9886210074302432,0.0,0.0145963170743892,0.0000000000000000,-0.0214709537425345,0.0000000000000000,13.4461380349021749,3.0023412704823924,14638962.448774,1.176530,-14638963.6253978684545,17224561.0156250000000,0,4.1e-07
0.9886751555867358,0.0,0.0146405940001670,0.0000000000000000,-0.0215573328853105,0.0000000000000000,13.4661380349021744,3.0023322574928355,14809774.442379,1.192624,-14809775.6348738502711,17660581.8750000000000,0,5.6e-07
0.9887291746931101,0.0,0.0146842671173903,0.0000000000000000,-0.0216437850262397,0.0000000000000000,13.4861380349021758,3.0023232880986415,14979693.034934,1.209239,-14979694.2441204469651,18113237.3750000000000,0,2.3e-07
0.9887830661348959,0.0,0.0147273451890156,0.0000000000000000,-0.0217303088932834,0.0000000000000000,13.5061380349021753,3.0023143618569481,15148270.421077,1.225915,-15148271.6469137184322,18569313.3593750000000,0,3.3e-07
0.9888368312798996,0.0,0.0147698367713275,0.0000000000000000,-0.0218169032088974,0.0000000000000000,13.5261380349021749,3.0023054783312801,15315772.055015,1.243046,-15315773.2982228603214,19040691.4843750000000,0,6.7e-07
0.9888904714777316,0.0,0.0148117502206277,0.0000000000000000,-0.0219035666889369,0.0000000000000000,13.5461380349021745,3.0022966370915358,15481450.116379,1.259837,-15481451.3761677369475,19503351.1093750000000,0,2.0e-07
0.9889439880610775,0.0,0.0148530936999212,0.0000000000000000,-0.0219902980460953,0.0000000000000000,13.5661380349021758,3.0022878377137747,15645965.886437,1.277136,-15645967.1636483483016,19983209.7187500000000,0,3.0e-07
0.9889973823448270,0.0,0.0148938751854884,0.0000000000000000,-0.0220770959864036,0.0000000000000000,13.5861380349021754,3.0022790797802337,15808781.413941,1.294401,-15808782.7083852719516,20463592.8750000000000,0,1.7e-07
0.9890506556270755,0.0,0.0149341024727428,0.0000000000000000,-0.0221639592124004,0.0000000000000000,13.6061380349021750,3.0022703628791643,15969930.960414,1.311748,-15969932.2721332293004,20948067.9531250000000,0,1.1e-07
0.9891038091893132,0.0,0.0149737831823437,0.0000000000000000,-0.0222508864226695,0.0000000000000000,13.6261380349021746,3.0022616866047289,16129449.282640,1.329292,-16129450.6119059789926,21440332.8593750000000,0,1.0e-07
0.9891568442962481,0.0,0.0150129247656835,0.0000000000000000,-0.0223378763112011,0.0000000000000000,13.6461380349021759,3.0022530505569653,16287328.729813,1.347092,-16287330.0770274326205,21942526.0000000000000,0,4.7e-07
0.9892097621965441,0.0,0.0150515345102177,0.0000000000000000,-0.0224249275694404,0.0000000000000000,13.6661380349021755,3.0022444543416356,16443212.404688,1.364828,-16443213.7696345821023,22444103.1718750000000,0,4.5e-07
0.9892625641225872,0.0,0.0150896195448014,0.0000000000000000,-0.0225120388845426,0.0000000000000000,13.6861380349021751,3.0022358975701944,16597154.253301,1.382631,-16597155.6360284071416,22949346.4687500000000,0,3.6e-07
0.9893152512913524,0.0,0.0151271868444071,0.0000000000000000,-0.0225992089423982,0.0000000000000000,13.7061380349021746,3.0022273798596264,16749014.889829,1.400419,-16749016.2902382705361,23455480.7187500000000,0,3.8e-08
0.9893678249040958,0.0,0.0151642432349406,0.0000000000000000,-0.0226864364259631,0.0000000000000000,13.7261380349021760,3.0022189008324305,16899018.327653,1.418499,-16899019.7462514191866,23972920.8750000000000,0,3.7e-07
0.9894202861467710,0.0,0.0152007953979921,0.0000000000000000,-0.0227737200158167,0.0000000000000000,13.7461380349021756,3.0022104601164958,17046744.719228,1.436487,-17046746.1557850688696,24488616.4375000000000,0,2.5e-07
0.9894726361902056,0.0,0.0152368498748628,0.0000000000000000,-0.0228610583910674,0.0000000000000000,13.7661380349021751,3.0022020573450496,17192134.496911,1.454389,-17192135.9512119106948,25002545.1562500000000,0,3.2e-07
0.9895248761908856,0.0,0.0152724130711418,0.0000000000000000,-0.0229484502304852,0.0000000000000000,13.7861380349021747,3.0021936921564873,17335583.763263,1.472681,-17335585.2360438555479,25531517.2812500000000,0,3.5e-07
0.9895770072898218,0.0,0.0153074912602483,0.0000000000000000,-0.0230358942099773,0.0000000000000000,13.8061380349021761,3.0021853641944753,17476427.134940,1.490729,-17476428.6256931945682,26053049.9375000000000,0,8.5e-08
0.9896290306145247,0.0,0.0153420905877666,0.0000000000000000,-0.0231233890070225,0.0000000000000000,13.8261380349021756,3.0021770731076476,17614833.709268,1.508770,-17614835.2179685272276,26575507.1250000000000,0,2.4e-07
0.9896809472780076,0.0,0.0153762170749304,0.0000000000000000,-0.0232109332979656,0.0000000000000000,13.8461380349021752,3.0021688185496793,17750699.127018,1.526757,-17750700.6535501703620,27097014.9687500000000,0,7.7e-07
0.9897327583795960,0.0,0.0154098766222648,0.0000000000000000,-0.0232985257599259,0.0000000000000000,13.8661380349021748,3.0021606001791432,17884446.418635,1.545172,-17884447.9638627804816,27635541.1875000000000,0,1.8e-07
0.9897844650044952,0.0,0.0154430750129018,0.0000000000000000,-0.0233861650696007,0.0000000000000000,13.8861380349021761,3.0021524176595107,18015197.033005,1.563180,-18015198.5961319580674,28160043.5000000000000,0,1.8e-07
0.9898360682246926,0.0,0.0154758179160133,0.0000000000000000,-0.0234738499052282,0.0000000000000000,13.9061380349021757,3.0021442706589991,18143362.954762,1.581251,-18143364.5359441228211,28687963.4687500000000,0,2.3e-07
0.9898875690994392,0.0,0.0155081108901348,0.0000000000000000,-0.0235615789476448,0.0000000000000000,13.9261380349021753,3.0021361588504507,18268712.789836,1.599205,-18268714.3888778351247,29212434.9062500000000,0,5.3e-07
0.9899389686741972,0.0,0.0155399593856865,0.0000000000000000,-0.0236493508777417,0.0000000000000000,13.9461380349021749,3.0021280819114540,18391485.837504,1.617327,-18391487.4547954089940,29744389.4062500000000,0,1.2e-07
0.9899902679820062,0.0,0.0155713687485822,0.0000000000000000,-0.0237371643791864,0.0000000000000000,13.9661380349021744,3.0021200395240868,18511403.398378,1.635389,-18511405.0338611304760,30275095.9062500000000,0,3.0e-07
0.9900414680432493,0.0,0.0156023442226044,0.0000000000000000,-0.0238250181382468,0.0000000000000000,13.9861380349021758,3.0021120313749283,18628057.566242,1.653036,-18628059.2191538289189,30790542.5312500000000,0,3.9e-07
0.9900925698661536,0.0,0.0156328909523847,0.0000000000000000,-0.0239129108444939,0.0000000000000000,14.0061380349021753,3.0021040571549542,18741739.827773,1.670600,-18741741.4980342425406,31303597.5000000000000,0,1.1e-06
0.9901435744466622,0.0,0.0156630139856485,0.0000000000000000,-0.0240008411910150,0.0000000000000000,14.0261380349021749,3.0020961165595184,18852971.615346,1.688632,-18852973.3039993904531,31836140.7187500000000,0,6.6e-08
0.9901944827686155,0.0,0.0156927182764267,0.0000000000000000,-0.0240888078734491,0.0000000000000000,14.0461380349021745,3.0020882092882526,18960569.250649,1.706017,-18960570.9564978256822,32343867.2812500000000,0,5.1e-07
0.9902452958043999,0.0,0.0157220086868408,0.0000000000000000,-0.0241768095927214,0.0000000000000000,14.0661380349021758,3.0020803350449987,19065442.609808,1.723680,-19065444.3335387855768,32863695.0937500000000,0,1.5e-07
0.9902960145148119,0.0,0.0157508899897745,0.0000000000000000,-0.0242648450539968,0.0000000000000000,14.0861380349021754,3.0020724935377539,19167272.980798,1.741345,-19167274.7225553952157,33384749.3125000000000,0,1.2e-06
0.9903466398490381,0.0,0.0157793668709279,0.0000000000000000,-0.0243529129670628,0.0000000000000000,14.1061380349021750,3.0020646844786385,19265091.139046,1.758118,-19265092.8971626646817,33870283.4687500000000,0,2.5e-09
0.9903971727456236,0.0,0.0158074439312418,0.0000000000000000,-0.0244410120479369,0.0000000000000000,14.1261380349021746,3.0020569075837535,19358983.725285,1.774117,-19358985.4983509667218,34324753.3125000000000,0,3.1e-06
0.9904476141322088,0.0,0.0158351256891875,0.0000000000000000,-0.0245291410171378,0.0000000000000000,14.1461380349021759,3.0020491625731811,19451556.913913,1.791876,-19451558.7056830301881,34852717.0937500000000,0,3.0e-07
0.9904979649250009,0.0,0.0158624165816667,0.0000000000000000,-0.0246172986022500,0.0000000000000000,14.1661380349021755,3.0020414491709855,19540277.892593,1.808988,-19540279.7019447386265,35355247.1562500000000,0,1.0e-06
0.9905482260312192,0.0,0.0158893209682073,0.0000000000000000,-0.0247054835379566,0.0000000000000000,14.1861380349021751,3.0020337671048591,19624454.648450,1.824828,-19624456.4729896523058,35805606.1562500000000,0,8.1e-07
0.9905983983461980,0.0,0.0159158431297463,0.0000000000000000,-0.0247936945647241,0.0000000000000000,14.2061380349021746,3.0020261161065815,19708368.182865,1.843485,-19708370.0286034308374,36376503.5625000000000,0,6.2e-06
0.9906484827554900,0.0,0.0159419872736687,0.0000000000000000,-0.0248819304292514,0.0000000000000000,14.2261380349021760,3.0020184959114844,19783994.021664,1.857390,-19783995.8790489174426,36746502.7187500000000,0,1.3e-08
0.9906984801358445,0.0,0.0159677575329703,0.0000000000000000,-0.0249701898897853,0.0000000000000000,14.2461380349021756,3.0020109062585791,19858713.762676,1.873542,-19858715.6365870013833,37213458.9375000000000,0,1.0e-06
0.9907483913530221,0.0,0.0159931579697419,0.0000000000000000,-0.0250584717086666,0.0000000000000000,14.2661380349021751,3.0020033468905618,19929058.733251,1.888680,-19929060.6218685060740,37638379.3125000000000,0,1.7e-07
0.9907982172640893,0.0,0.0160181925754993,0.0000000000000000,-0.0251467746599559,0.0000000000000000,14.2861380349021747,3.0019958175536456,19996817.766946,1.904517,-19996819.6719865761697,38094754.7812500000000,0,1.4e-06
0.9908479587167560,0.0,0.0160428652744689,0.0000000000000000,-0.0252350975243203,0.0000000000000000,14.3061380349021761,3.0019883179974882,20059795.540256,1.918992,-20059797.4592099152505,38493829.9062500000000,0,1.0e-07
0.9908976165491513,0.0,0.0160671799225577,0.0000000000000000,-0.0253234390934606,0.0000000000000000,14.3261380349021756,3.0019808479753469,20119718.678559,1.933751,-20119720.6123220473528,38906766.4062500000000,0,3.0e-08
0.9909471915909128,0.0,0.0160911403112450,0.0000000000000000,-0.0254117981680330,0.0000000000000000,14.3461380349021752,3.0019734072437716,20176270.897130,1.948508,-20176272.8460224717855,39321394.5312500000000,0,9.9e-07
0.9909966846625832,0.0,0.0161147501679042,0.0000000000000000,-0.0255001735581471,0.0000000000000000,14.3661380349021748,3.0019659955627129,20228257.275239,1.962141,-20228259.2372879050672,39688829.3437500000000,0,2.4e-07
0.9910460965767705,0.0,0.0161380131571545,0.0000000000000000,-0.0255885640864469,0.0000000000000000,14.3861380349021761,3.0019586126953550,20277070.465004,1.975977,-20277072.4409843720496,40067100.9687500000000,0,9.2e-09
0.9910954281372657,0.0,0.0161609328820654,0.0000000000000000,-0.0256769685857426,0.0000000000000000,14.4061380349021757,3.0019512584082073,20324123.207593,2.002309,-20324125.2010806016624,40515895.4375000000000,0,5.3e-06
0.9911446801395626,0.0,0.0161835128873332,0.0000000000000000,-0.0257653858966956,0.0000000000000000,14.4261380349021753,3.0019439324708888,20363165.913069,2.002372,-20363167.9154233187437,40774271.0625000000000,0,4.6e-08
0.9911938533717961,0.0,0.0162057566565615,0.0000000000000000,-0.0258538148779932,0.0000000000000000,14.4461380349021749,3.0019366346562366,20400095.802674,2.014608,-20400097.8168212138116,41088796.5625000000000,0,1.1e-06
0.9912429486139231,0.0,0.0162276676174649,0.0000000000000000,-0.0259422543960908,0.0000000000000000,14.4661380349021762,3.0019293647401342,20433089.188260,2.026336,-20433091.2135681509972,41383306.8125000000000,0,2.5e-06
0.9912919666382849,0.0,0.0162492491403282,0.0000000000000000,-0.0260307033321124,0.0000000000000000,14.4861380349021758,3.0019221225015742,20463565.305120,2.038878,-20463567.3437694869936,41718045.5312500000000,0,5.5e-07
0.9913409082100106,0.0,0.0162705045415156,0.0000000000000000,-0.0261191605777223,0.0000000000000000,14.5061380349021753,3.0019149077224561,20489686.393741,2.050521,-20489688.4443035013974,42015390.2187500000000,0,9.9e-08
0.9913897740868253,0.0,0.0162914370821599,0.0000000000000000,-0.0262076250397561,0.0000000000000000,14.5261380349021749,3.0019077201877069,20511636.192048,2.061414,-20511638.2534542270005,42282822.2187500000000,0,1.9e-08
0.9914385650195968,0.0,0.0163120499706138,0.0000000000000000,-0.0262960956384012,0.0000000000000000,14.5461380349021745,3.0019005596851231,20529593.750057,2.071720,-20529595.8215890601277,42527719.1875000000000,0,4.4e-07
0.9914872817522612,0.0,0.0163323463630485,0.0000000000000000,-0.0263845713078825,0.0000000000000000,14.5661380349021758,3.0018934260053758,20544009.070999,2.081859,-20544011.1528311111033,42769175.7187500000000,0,6.2e-08
0.9915359250219591,0.0,0.0163523293646826,0.0000000000000000,-0.0264730509961491,0.0000000000000000,14.5861380349021754,3.0018863189419536,20554122.073691,2.091087,-20554124.1644720025361,42974171.3437500000000,0,7.0e-07
0.9915844955596544,0.0,0.0163720020302885,0.0000000000000000,-0.0265615336673691,0.0000000000000000,14.6061380349021750,3.0018792382910942,20560940.357009,2.100360,-20560942.4573903642595,43185818.3750000000000,0,4.8e-08
0.9916329940896000,0.0,0.0163913673655179,0.0000000000000000,-0.0266500182995635,0.0000000000000000,14.6261380349021746,3.0018721838518019,20563566.597572,2.108795,-20563568.7063912153244,43364851.7812500000000,0,5.5e-08
0.9916814213303113,0.0,0.0164104283277380,0.0000000000000000,-0.0267385038872103,0.0000000000000000,14.6461380349021759,3.0018651554257043,20561844.469027,2.116215,-20561846.5847783386707,43503750.0625000000000,0,1.0e-06
0.9917297779939944,0.0,0.0164291878263859,0.0000000000000000,-0.0268269894404939,0.0000000000000000,14.6661380349021755,3.0018581528171451,20557245.465978,2.124035,-20557247.5901042744517,43666179.0000000000000,0,2.0e-07
0.9917780647873475,0.0,0.0164476487250179,0.0000000000000000,-0.0269154739850083,0.0000000000000000,14.6861380349021751,3.0018511758329809,20547476.362407,2.129987,-20547478.4916701614857,43750991.1250000000000,0,1.6e-06
0.9918262824117932,0.0,0.0164658138405265,0.0000000000000000,-0.0270039565654497,0.0000000000000000,14.7061380349021746,3.0018442242826291,20534658.553318,2.136122,-20534660.6887556053698,43850489.4687500000000,0,1.5e-06
0.9918744315626107,0.0,0.0164836859446330,0.0000000000000000,-0.0270924362418634,0.0000000000000000,14.7261380349021760,3.0018372979781063,20518680.469341,2.142312,-20518682.6117433086038,43959274.5312500000000,0,1.9e-07
0.9919225129300038,0.0,0.0165012677650575,0.0000000000000000,-0.0271809120914111,0.0000000000000000,14.7461380349021756,3.0018303967338600,20497899.130984,2.146898,-20497901.2777238413692,44003648.4687500000000,0,3.4e-07
0.9919705271995125,0.0,0.0165185619858152,0.0000000000000000,-0.0272693832100562,0.0000000000000000,14.7661380349021751,3.0018235203667327,20473314.169572,2.150835,-20473316.3200211897492,44026815.7500000000000,0,8.1e-07
0.9920184750516967,0.0,0.0165355712478220,0.0000000000000000,-0.0273578487120826,0.0000000000000000,14.7861380349021747,3.0018166686959731,20445344.635816,2.154509,-20445346.7901659868658,44046434.0000000000000,0,3.3e-07
0.9920663571621412,0.0,0.0165522981497344,0.0000000000000000,-0.0274463077296135,0.0000000000000000,14.8061380349021761,3.0018098415432113,20413366.449419,2.157257,-20413368.6065117791295,44033534.0937500000000,0,3.4e-07
0.9921141742021217,0.0,0.0165687452486804,0.0000000000000000,-0.0275347594140006,0.0000000000000000,14.8261380349021756,3.0018030387323651,20377761.922869,2.159426,-20377764.0822857394814,44004090.1562500000000,0,1.9e-08
0.9921619268384497,0.0,0.0165849150606469,0.0000000000000000,-0.0276232029360035,0.0000000000000000,14.8461380349021752,3.0017962600896406,20338177.534341,2.160612,-20338179.6948513463140,43940835.2500000000000,0,2.1e-07
0.9922096157338970,0.0,0.0166008100612518,0.0000000000000000,-0.0277116374863238,0.0000000000000000,14.8661380349021748,3.0017895054434662,20294992.312615,2.161160,-20294994.4737170897424,43859544.9687500000000,0,1.2e-07
0.9922572415470599,0.0,0.0166164326863511,0.0000000000000000,-0.0278000622751629,0.0000000000000000,14.8861380349021744,3.0017827746244881,20248212.771088,2.161029,-20248214.9322246685624,43759151.1250000000000,0,2.1e-07
0.9923048049327902,0.0,0.0166317853325482,0.0000000000000000,-0.0278884765334158,0.0000000000000000,14.9061380349021757,3.0017760674655043,20197590.124241,2.159916,-20197592.2842460051179,43626887.9687500000000,0,1.7e-07
0.9923523065422687,0.0,0.0166468703577292,0.0000000000000000,-0.0279768795127796,0.0000000000000000,14.9261380349021753,3.0017693838014421,20143255.860087,2.157903,-20143258.0179885663092,43467155.7500000000000,0,4.4e-09
0.9923997470232183,0.0,0.0166616900816688,0.0000000000000000,-0.0280652704860083,0.0000000000000000,14.9461380349021749,3.0017627234693149,20085450.884262,2.155191,-20085453.0395230576396,43289384.3125000000000,0,1.4e-07
0.9924471270195683,0.0,0.0166762467862608,0.0000000000000000,-0.0281536487467500,0.0000000000000000,14.9661380349021762,3.0017560863082582,20023587.356316,2.151101,-20023589.5070228949189,43064876.0937500000000,0,7.5e-07
0.9924944471740015,0.0,0.0166905427170184,0.0000000000000000,-0.0282420136133799,0.0000000000000000,14.9861380349021758,3.0017494721591644,19959005.387000,2.147000,-19959007.5340835861862,42853661.4375000000000,0,1.6e-07
0.9925417081233889,0.0,0.0167045800816752,0.0000000000000000,-0.0283303644219943,0.0000000000000000,15.0061380349021753,3.0017428808653039,19890597.991011,2.141653,-19890600.1328768804669,42603003.0000000000000,0,4.0e-07
0.9925889105036420,0.0,0.0167183610525053,0.0000000000000000,-0.0284187005341089,0.0000000000000000,15.0261380349021749,3.0017363122716403,19818550.852486,2.135195,-19818552.9878356233239,42319544.5000000000000,0,2.9e-07
0.9926360549477635,0.0,0.0167318877658200,0.0000000000000000,-0.0285070213338421,0.0000000000000000,15.0461380349021745,3.0017297662251008,19742893.073582,2.127587,-19742895.2010661549866,42002702.0312500000000,0,1.9e-07
0.9926831420862061,0.0,0.0167451623225348,0.0000000000000000,-0.0285953262285252,0.0000000000000000,15.0661380349021758,3.0017232425745077,19664037.972991,2.119215,-19664040.0920761376619,41669770.1562500000000,0,2.4e-07
0.9927301725471298,0.0,0.0167581867887806,0.0000000000000000,-0.0286836146487171,0.0000000000000000,15.0861380349021754,3.0017167411705330,19581892.907378,2.109913,-19581895.0172109231353,41314530.8437500000000,0,1.5e-07
0.9927771469566875,0.0,0.0167709631960577,0.0000000000000000,-0.0287718860494937,0.0000000000000000,15.1061380349021750,3.0017102618656555,19496449.466730,2.099602,-19496451.5663189738989,40934529.5312500000000,0,2.4e-08
0.9928240659389691,0.0,0.0167834935414910,0.0000000000000000,-0.0288601399104370,0.0000000000000000,15.1261380349021746,3.0017038045141700,19408876.719405,2.089538,-19408878.8103442676365,40582787.7187500000000,0,2.5e-06
0.9928709301167373,0.0,0.0167957797894834,0.0000000000000000,-0.0289483757346875,0.0000000000000000,15.1461380349021759,3.0016973689720157,19315691.881232,2.075692,-19315693.9569069817662,40093094.0312500000000,0,3.1e-08
0.9929177401105385,0.0,0.0168078238693567,0.0000000000000000,-0.0290365930523863,0.0000000000000000,15.1661380349021755,3.0016909550970214,19220574.877480,2.062165,-19220576.9396794103086,39636661.5937500000000,0,6.0e-08
0.9929644965401047,0.0,0.0168196276786273,0.0000000000000000,-0.0291247914178781,0.0000000000000000,15.1861380349021751,3.0016845627485664,19122248.545444,2.047429,-19122250.5928544849157,39151085.9687500000000,0,3.3e-08
0.9930112000237711,0.0,0.0168311930815689,0.0000000000000000,-0.0292129704119752,0.0000000000000000,15.2061380349021746,3.0016781917877364,19020888.322827,2.031606,-19020890.3544075898826,38642464.8125000000000,0,4.5e-08
0.9930578511788332,0.0,0.0168425219101463,0.0000000000000000,-0.0293011296413762,0.0000000000000000,15.2261380349021760,3.0016718420772395,18916868.541025,2.015058,-18916870.5564926788211,38126332.8750000000000,0,7.1e-07
0.9931044506215712,0.0,0.0168536159642436,0.0000000000000000,-0.0293892687389369,0.0000000000000000,15.2461380349021756,3.0016655134813965,18809223.934876,2.000039,-18809225.9314705729485,37554403.4687500000000,0,6.6e-08
0.9931509989679095,0.0,0.0168644770116028,0.0000000000000000,-0.0294773873658185,0.0000000000000000,15.2661380349021751,3.0016592058660736,18699428.519794,2.000627,-18699430.4981801435351,36994693.1250000000000,0,1.0e-06
0.9931974968332337,0.0,0.0168751067889763,0.0000000000000000,-0.0295654852092520,0.0000000000000000,15.2861380349021747,3.0016529190986452,18585738.734194,1.956527,-18585740.6906085312366,36361405.2812500000000,0,1.9e-07
0.9932439448324929,0.0,0.0168855070011168,0.0000000000000000,-0.0296535619853122,0.0000000000000000,15.3061380349021761,3.0016466530480512,18469684.408418,1.934568,-18469686.3426896817982,35725385.0625000000000,0,4.9e-07
0.9932903435803954,0.0,0.0168956793221255,0.0000000000000000,-0.0297416174371252,0.0000000000000000,15.3261380349021756,3.0016404075847003,18350661.061612,1.911073,-18350662.9719089418650,35055215.6250000000000,0,1.3e-06
0.9933366936923624,0.0,0.0169056253953376,0.0000000000000000,-0.0298296513375977,0.0000000000000000,15.3461380349021752,3.0016341825803763,18229821.037947,1.887375,-18229822.9251849241555,34404005.5000000000000,0,2.2e-07
0.9933829957831624,0.0,0.0169153468332664,0.0000000000000000,-0.0299176634872159,0.0000000000000000,15.3661380349021748,3.0016279779083925,18105834.168203,1.861740,-18105836.0297703556716,33705227.0625000000000,0,2.8e-07
0.9934292504685969,0.0,0.0169248452182210,0.0000000000000000,-0.0300056537166288,0.0000000000000000,15.3861380349021744,3.0016217934433853,17979377.294803,1.834913,-17979379.1296282634139,32989025.1250000000000,0,1.4e-07
0.9934754583649736,0.0,0.0169341221022360,0.0000000000000000,-0.0300936218861847,0.0000000000000000,15.4061380349021757,3.0016156290613751,17850325.747304,1.806641,-17850327.5538192391396,32246881.9375000000000,0,2.0e-07
0.9935216200894266,0.0,0.0169431790074689,0.0000000000000000,-0.0301815678861701,0.0000000000000000,15.4261380349021753,3.0016094846397130,17719159.267568,1.777439,-17719161.0452813804150,31499593.7500000000000,0,4.3e-07
