x0,y0,z0,xd0,yd0,zd0,Tp,JC,stabilityIndex1,stabilityIndex2,alpha,beta,impactFlag,error
1.0014705578252816,0.0,0.0000222697225323,0.0000000000000000,0.1735920170650080,0.0000000000000000,7.8676312296432078,3.0035683375811715,-1734.772567,1.101632,1733.6709350045999,-1909.0809880588204,1,5.0e-07
1.0014705441032679,0.0,0.0000227853824276,0.0000000000000000,0.1735924362807703,0.0000000000000000,7.8676412296432074,3.0035683264313735,-1505.362850,2.626547,1502.7363030282438,-3951.9043490157928,1,3.0e-07
1.0014705303814597,0.0,0.0000232896164778,0.0000000000000000,0.1735928554901524,0.0000000000000000,7.8676512296432080,3.0035683152815440,-1801.004470,0.734097,1800.2703729134578,-1320.1111780824140,1,7.4e-07
1.0014705166598967,0.0,0.0000237831495326,0.0000000000000000,0.1735932746922779,0.0000000000000000,7.8676612296432076,3.0035683041317736,-1530.545049,2.436940,1528.1081086731056,-3727.8422616845928,1,2.2e-07
1.0014705029389734,0.0,0.0000242666312326,0.0000000000000000,0.1735936938648420,0.0000000000000000,7.8676712296432081,3.0035682929820959,-1574.193714,2.122419,1572.0712953605387,-3339.1048981295899,1,6.2e-08
1.0014704892179089,0.0,0.0000247406543315,0.0000000000000000,0.1735941130551344,0.0000000000000000,7.8676812296432077,3.0035682818324299,-1291.915095,4.535760,1287.3793353275280,-5857.8181188987801,1,1.1e-06
1.0014704754974084,0.0,0.0000252057514439,0.0000000000000000,0.1735945322181814,0.0000000000000000,7.8676912296432082,3.0035682706828570,-1377.138996,3.702438,1373.4365578984571,-5096.7765293963021,1,7.6e-07
1.0014704617763717,0.0,0.0000256624072247,0.0000000000000000,0.1735949514265167,0.0000000000000000,7.8677012296432078,3.0035682595332962,-1331.814409,4.132576,1327.6818325605946,-5501.8288505179808,1,9.2e-07
1.0014704480562671,0.0,0.0000261110660872,0.0000000000000000,0.1735953705827718,0.0000000000000000,7.8677112296432075,3.0035682483837958,-1560.908701,2.216748,1558.6919525869207,-3458.1416746829636,1,1.1e-07
1.0014704343365659,0.0,0.0000265521326757,0.0000000000000000,0.1735957897221683,0.0000000000000000,7.8677212296432080,3.0035682372343628,-1589.486344,2.016800,1587.4695440049604,-3203.6748412447050,1,8.6e-09
1.0014704206167229,0.0,0.0000269859790363,0.0000000000000000,0.1735962088805021,0.0000000000000000,7.8677312296432076,3.0035682260849765,-1147.895067,6.229224,1141.6658428641033,-7148.5006096784491,1,1.6e-06
1.0014704068976930,0.0,0.0000274129489837,0.0000000000000000,0.1735966279945008,0.0000000000000000,7.8677412296432081,3.0035682149356226,-1403.673069,3.464554,1400.2085149388133,-4861.1029228579719,1,6.6e-07
1.0014703931783988,0.0,0.0000278333546402,0.0000000000000000,0.1735970471392082,0.0000000000000000,7.8677512296432077,3.0035682037863971,-1605.713991,1.906653,1603.8073377806522,-3059.5444668603595,1,4.8e-08
1.0014703794593611,0.0,0.0000282474961115,0.0000000000000000,0.1735974662725747,0.0000000000000000,7.8677612296432082,3.0035681926371498,-1486.478482,2.774772,1483.7037104312708,-4122.6444047931582,1,3.7e-07
1.0014703657406914,0.0,0.0000286556410295,0.0000000000000000,0.1735978853920984,0.0000000000000000,7.8677712296432079,3.0035681814879482,-1791.629875,0.784969,1790.8449060121948,-1404.3797595782671,1,7.0e-07
1.0014703383045784,0.0,0.0000294549335872,0.0000000000000000,0.1735987235827093,0.0000000000000000,7.8677912296432080,3.0035681591897854,-1422.270677,3.303337,1418.9673399107153,-4696.2434589485638,1,6.0e-07
1.0014703108690637,0.0,0.0000302330599179,0.0000000000000000,0.1735995617711150,0.0000000000000000,7.8678112296432081,3.0035681368917970,-1671.624753,1.480719,1670.1440347749569,-2473.2007858098950,1,2.8e-07
1.0014702834347624,0.0,0.0000309916129176,0.0000000000000000,0.1736003999191865,0.0000000000000000,7.8678312296432082,3.0035681145940072,-1568.638268,2.163190,1566.4750773956737,-3391.2667705332860,1,8.3e-08
1.0014702560014563,0.0,0.0000317319966599,0.0000000000000000,0.1736012380405269,0.0000000000000000,7.8678512296432075,3.0035680922964572,-1767.008633,0.920294,1766.0883397467283,-1624.1649445102084,1,6.2e-07
1.0014702285692891,0.0,0.0000324554548159,0.0000000000000000,0.1736020761256521,0.0000000000000000,7.8678712296432076,3.0035680699990990,-1469.069861,2.914930,1466.1549306485344,-4280.2337166152429,1,4.3e-07
1.0014702011379157,0.0,0.0000331630951451,0.0000000000000000,0.1736029141968499,0.0000000000000000,7.8678912296432078,3.0035680477019677,-1536.039790,2.399049,1533.6407410207930,-3683.0280490915757,1,2.0e-07
1.0014701737075500,0.0,0.0000338559080094,0.0000000000000000,0.1736037522425393,0.0000000000000000,7.8679112296432079,3.0035680254050248,-1639.998997,1.681901,1638.3170960440427,-2756.3170611839741,1,1.7e-07
1.0014701462787490,0.0,0.0000345347886801,0.0000000000000000,0.1736045902220486,0.0000000000000000,7.8679312296432080,3.0035680031083078,-1570.737254,2.149443,1568.5878108294514,-3374.2054376725573,1,7.6e-08
1.0014701188507327,0.0,0.0000352005409241,0.0000000000000000,0.1736054281897642,0.0000000000000000,7.8679512296432073,3.0035679808117890,-1427.830318,3.258250,1424.5720686325617,-4650.2236455052625,1,5.8e-07
1.0014700914236521,0.0,0.0000358538968287,0.0000000000000000,0.1736062661347080,0.0000000000000000,7.8679712296432074,3.0035679585154629,-1710.352961,1.246519,1709.1064418113122,-2129.9837873638608,1,4.2e-07
1.0014700639976746,0.0,0.0000364955221839,0.0000000000000000,0.1736071040458384,0.0000000000000000,7.8679912296432075,3.0035679362193752,-1555.370973,2.259472,1553.1115017856434,-3512.3176474364009,1,1.3e-07
1.0014700365728635,0.0,0.0000371260251501,0.0000000000000000,0.1736079419192099,0.0000000000000000,7.8680112296432076,3.0035679139234905,-1520.711424,2.514621,1518.1968028679471,-3822.0184693024494,1,2.5e-07
1.0014700091489368,0.0,0.0000377459630193,0.0000000000000000,0.1736087797732175,0.0000000000000000,7.8680312296432078,3.0035678916278306,-1557.959846,2.241326,1555.7185197704707,-3489.8971600800287,1,1.2e-07
1.0014699817261059,0.0,0.0000383558484131,0.0000000000000000,0.1736096175937742,0.0000000000000000,7.8680512296432079,3.0035678693323211,-1757.164265,0.976319,1756.1879455611120,-1713.5577874730807,1,5.8e-07
1.0014699543044767,0.0,0.0000389561530695,0.0000000000000000,0.1736104553743533,0.0000000000000000,7.8680712296432080,3.0035678470370732,-1384.664020,3.640497,1381.0235222216052,-5038.8698192186421,1,7.3e-07
1.0014699268836038,0.0,0.0000395473135676,0.0000000000000000,0.1736112931435556,0.0000000000000000,7.8680912296432073,3.0035678247420434,-1478.218776,2.844693,1475.3740825781711,-4203.0751880949829,1,4.0e-07
1.0014698994638087,0.0,0.0000401297336275,0.0000000000000000,0.1736121308812835,0.0000000000000000,7.8681112296432074,3.0035678024471890,-1550.971910,2.292532,1548.6793783874866,-3553.6491347609553,1,1.5e-07
1.0014698720451776,0.0,0.0000407037886946,0.0000000000000000,0.1736129685812837,0.0000000000000000,7.8681312296432075,3.0035677801525846,-1737.731939,1.087356,1736.6445826432762,-1887.5252802672330,1,5.1e-07
1.0014698446275780,0.0,0.0000412698281209,0.0000000000000000,0.1736138062519903,0.0000000000000000,7.8681512296432077,3.0035677578581126,-1674.727105,1.463943,1673.2631619612482,-2449.7054575865623,1,2.9e-07
1.0014698172110645,0.0,0.0000418281770217,0.0000000000000000,0.1736146438899093,0.0000000000000000,7.8681712296432078,3.0035677355639478,-1509.776642,2.599521,1507.1771203139640,-3922.6945330051240,1,2.9e-07
1.0014697897955571,0.0,0.0000423791390889,0.0000000000000000,0.1736154815011873,0.0000000000000000,7.8681912296432079,3.0035677132699412,-1579.580303,2.090135,1577.4901687949132,-3299.5368513162248,1,4.6e-08
1.0014697623811570,0.0,0.0000429229998125,0.0000000000000000,0.1736163190772375,0.0000000000000000,7.8682112296432072,3.0035676909761171,-1498.335471,2.688124,1495.6473464524913,-4025.7104381397367,1,3.3e-07
1.0014697349678734,0.0,0.0000434600245564,0.0000000000000000,0.1736171566195625,0.0000000000000000,7.8682312296432073,3.0035676686825608,-1536.771007,2.397635,1534.3733720442078,-3682.6177046846133,1,2.0e-07
1.0014697075554291,0.0,0.0000439904643128,0.0000000000000000,0.1736179941452499,0.0000000000000000,7.8682512296432074,3.0035676463891741,-1582.484954,2.070516,1580.4144380411076,-3274.5584759989288,1,3.6e-08
1.0014696801439675,0.0,0.0000445145545221,0.0000000000000000,0.1736188316447312,0.0000000000000000,7.8682712296432076,3.0035676240960156,-1583.251752,2.065386,1581.1863666761378,-3268.0266575224232,1,3.3e-08
1.0014696527338345,0.0,0.0000450325163578,0.0000000000000000,0.1736196690965519,0.0000000000000000,7.8682912296432077,3.0035676018030801,-1611.817373,1.870665,1609.9467082509761,-3013.1717475284822,1,6.7e-08
1.0014696253246427,0.0,0.0000455445595781,0.0000000000000000,0.1736205065246771,0.0000000000000000,7.8683112296432078,3.0035675795103303,-1571.627230,2.147162,1569.4800684087365,-3372.5417649683077,1,7.5e-08
1.0014695979163029,0.0,0.0000460508812058,0.0000000000000000,0.1736213439356608,0.0000000000000000,7.8683312296432080,3.0035675572177896,-1632.697046,1.732872,1630.9641739566073,-2827.2495652050711,1,1.4e-07
1.0014695705092089,0.0,0.0000465516681870,0.0000000000000000,0.1736221813033721,0.0000000000000000,7.8683512296432072,3.0035675349254580,-1627.820033,1.764991,1626.0550422698459,-2871.0870051889215,1,1.2e-07
1.0014695431031153,0.0,0.0000470470971592,0.0000000000000000,0.1736230186439560,0.0000000000000000,7.8683712296432073,3.0035675126333490,-1596.452781,1.975402,1594.4773790282513,-3151.6481931444723,1,1.3e-08
1.0014695156979982,0.0,0.0000475373357163,0.0000000000000000,0.1736238559589152,0.0000000000000000,7.8683912296432075,3.0035674903414269,-1550.852577,2.296530,1548.5560471756721,-3559.5777275597211,1,1.5e-07
1.0014694882940747,0.0,0.0000480225422612,0.0000000000000000,0.1736246932350964,0.0000000000000000,7.8684112296432076,3.0035674680497637,-1459.845249,2.997595,1456.8476532610969,-4374.0238705391530,1,4.7e-07
1.0014694608908363,0.0,0.0000485028686343,0.0000000000000000,0.1736255305041381,0.0000000000000000,7.8684312296432077,3.0035674457582475,-1470.703551,2.909675,1467.7938765843403,-4277.2734576605726,1,4.3e-07
1.0014694334890981,0.0,0.0000489784578153,0.0000000000000000,0.1736263677140881,0.0000000000000000,7.8684512296432079,3.0035674234669587,-1619.831899,1.818644,1618.0132548310432,-2943.8958420443814,1,9.5e-08
1.0014694060883149,0.0,0.0000494494471944,0.0000000000000000,0.1736272048989148,0.0000000000000000,7.8684712296432080,3.0035674011758848,-1619.333596,1.822128,1617.5114676149651,-2948.6404269740451,1,9.3e-08
1.0014693923883373,0.0,0.0000496832573753,0.0000000000000000,0.1736276234793087,0.0000000000000000,7.8684812296432076,3.0035673900304540,-1720.079602,1.192104,1718.8874976536581,-2048.5150286275893,1,4.5e-07
1.0014693786884266,0.0,0.0000499159660354,0.0000000000000000,0.1736280420645134,0.0000000000000000,7.8684912296432081,3.0035673788850494,-1643.209524,1.665946,1641.5435776183620,-2735.5005993773229,1,1.8e-07
1.0014693649888957,0.0,0.0000501475886632,0.0000000000000000,0.1736284606337352,0.0000000000000000,7.8685012296432078,3.0035673677397043,-1444.175107,3.128594,1441.0465127635071,-4516.2380250232527,1,5.3e-07
1.0014693512896422,0.0,0.0000503781393473,0.0000000000000000,0.1736288791956870,0.0000000000000000,7.8685112296432083,3.0035673565943877,-1616.595207,1.840723,1614.7544836822317,-2973.7059612730518,1,8.3e-08
1.0014693375909516,0.0,0.0000506076335745,0.0000000000000000,0.1736292977297672,0.0000000000000000,7.8685212296432079,3.0035673454491651,-1589.458861,2.024908,1587.4339533820671,-3216.5076614308637,1,1.3e-08
1.0014693238921253,0.0,0.0000508360854940,0.0000000000000000,0.1736297162819962,0.0000000000000000,7.8685312296432084,3.0035673343039555,-1716.455814,1.213774,1715.2420393448569,-2081.3914781473577,1,4.4e-07
1.0014693101933712,0.0,0.0000510635084405,0.0000000000000000,0.1736301348402038,0.0000000000000000,7.8685412296432080,3.0035673231587952,-1653.890948,1.597858,1652.2930902142207,-2640.6780207469128,1,2.1e-07
1.0014692964951153,0.0,0.0000512899169818,0.0000000000000000,0.1736305533745995,0.0000000000000000,7.8685512296432076,3.0035673120137232,-1706.718064,1.271813,1705.4462506685009,-2168.6242498049978,1,4.0e-07
1.0014692827973217,0.0,0.0000515153238585,0.0000000000000000,0.1736309718890256,0.0000000000000000,7.8685612296432081,3.0035673008687138,-1669.850810,1.497298,1668.3535125243093,-2498.2581461130176,1,2.7e-07
1.0014692690996225,0.0,0.0000517397429500,0.0000000000000000,0.1736313904057713,0.0000000000000000,7.8685712296432078,3.0035672897237164,-1418.695207,3.346765,1415.3484420285401,-4746.0403496935032,1,6.2e-07
1.0014692554020361,0.0,0.0000519631861633,0.0000000000000000,0.1736318089255446,0.0000000000000000,7.8685812296432083,3.0035672785787724,-1701.135627,1.305511,1699.8301164478682,-2218.8447149156127,1,3.8e-07
1.0014692417050595,0.0,0.0000521856665504,0.0000000000000000,0.1736322274147475,0.0000000000000000,7.8685912296432079,3.0035672674339171,-1533.462770,2.426319,1531.0364503312517,-3718.6713522612117,1,2.1e-07
1.0014692280080930,0.0,0.0000524071962661,0.0000000000000000,0.1736326459128842,0.0000000000000000,7.8686012296432084,3.0035672562890579,-1598.190767,1.965745,1596.2250220755113,-3139.6378247886896,1,1.8e-08
1.0014692143112938,0.0,0.0000526277873384,0.0000000000000000,0.1736330644094297,0.0000000000000000,7.8686112296432080,3.0035672451442847,-1484.466001,2.802171,1481.6638303860652,-4157.7228825807106,1,3.8e-07
1.0014692006147998,0.0,0.0000528474511180,0.0000000000000000,0.1736334828964217,0.0000000000000000,7.8686212296432076,3.0035672339995685,-1599.922061,1.954129,1597.9679321335395,-3124.4539484037086,1,2.4e-08
1.0014691869188006,0.0,0.0000530662000338,0.0000000000000000,0.1736339013594645,0.0000000000000000,7.8686312296432082,3.0035672228548944,-1416.491236,3.366890,1413.1243460425683,-4767.1723841853673,1,6.2e-07
1.0014691732229362,0.0,0.0000532840442936,0.0000000000000000,0.1736343198244283,0.0000000000000000,7.8686412296432078,3.0035672117102630,-1576.920949,2.113345,1574.8076041159522,-3330.5770215028897,1,5.8e-08
1.0014691595273881,0.0,0.0000535009955346,0.0000000000000000,0.1736347382779428,0.0000000000000000,7.8686512296432083,3.0035672005657417,-1531.371693,2.442569,1528.9291239101442,-3738.4772448814474,1,2.2e-07
1.0014691458324037,0.0,0.0000537170648217,0.0000000000000000,0.1736351567037090,0.0000000000000000,7.8686612296432079,3.0035671894212084,-1498.293892,2.694311,1495.5995805564712,-4034.8686205341946,1,3.4e-07
1.0014691321369993,0.0,0.0000539322621245,0.0000000000000000,0.1736355751669395,0.0000000000000000,7.8686712296432084,3.0035671782767452,-1487.937144,2.775551,1485.1615935162399,-4127.8434008467011,1,3.7e-07
1.0014691184420639,0.0,0.0000541465978807,0.0000000000000000,0.1736359936097510,0.0000000000000000,7.8686812296432080,3.0035671671323416,-1759.645798,0.965425,1758.6803733187644,-1696.8095177032519,1,5.9e-07
1.0014691047475477,0.0,0.0000543600830201,0.0000000000000000,0.1736364120336817,0.0000000000000000,7.8686912296432077,3.0035671559879806,-1489.001207,2.767426,1486.2337806700691,-4118.7010954113211,1,3.7e-07
1.0014690910533297,0.0,0.0000545727272431,0.0000000000000000,0.1736368304472046,0.0000000000000000,7.8687012296432082,3.0035671448436876,-1539.879851,2.380173,1537.4996782416242,-3663.1862677948084,1,1.9e-07
1.0014690773591899,0.0,0.0000547845397345,0.0000000000000000,0.1736372488661942,0.0000000000000000,7.8687112296432078,3.0035671336994203,-1659.790954,1.561701,1658.2292525304292,-2590.0919674583711,1,2.3e-07
1.0014690636652710,0.0,0.0000549955303468,0.0000000000000000,0.1736376672806143,0.0000000000000000,7.8687212296432083,3.0035671225552392,-1519.603212,2.531682,1517.0715297172164,-3845.1508179930970,1,2.6e-07
1.0014690499718826,0.0,0.0000552057089766,0.0000000000000000,0.1736380856693800,0.0000000000000000,7.8687312296432079,3.0035671114110807,-1600.200730,1.953277,1598.2474523671326,-3123.6345161884092,1,2.4e-08
1.0014690362786514,0.0,0.0000554150845603,0.0000000000000000,0.1736385040573570,0.0000000000000000,7.8687412296432084,3.0035671002669933,-1442.233531,3.148500,1439.0850311836550,-4538.8713828972541,1,5.3e-07
1.0014690225855718,0.0,0.0000556236663460,0.0000000000000000,0.1736389224446781,0.0000000000000000,7.8687512296432081,3.0035670891229045,-1557.928370,2.249415,1555.6789547374622,-3502.4239519110415,1,1.3e-07
1.0014690088929545,0.0,0.0000558314625351,0.0000000000000000,0.1736393408124307,0.0000000000000000,7.8687612296432077,3.0035670779789547,-1539.095274,2.386653,1536.7086211085102,-3671.2796785775572,1,1.9e-07
1.0014689952003561,0.0,0.0000560384828849,0.0000000000000000,0.1736397591872776,0.0000000000000000,7.8687712296432082,3.0035670668350356,-1759.979178,0.963984,1759.0151935624135,-1694.5938293081708,1,5.9e-07
1.0014689815080031,0.0,0.0000562447345984,0.0000000000000000,0.1736401775578022,0.0000000000000000,7.8687812296432078,3.0035670556911573,-1617.577270,1.836584,1615.7406858542322,-2968.8167708299588,1,8.5e-08
1.0014689678161384,0.0,0.0000564502279961,0.0000000000000000,0.1736405959036519,0.0000000000000000,7.8687912296432083,3.0035670445472831,-1551.024151,2.299743,1548.7244079143163,-3564.9587817927822,1,1.5e-07
1.0014689541243227,0.0,0.0000566549698398,0.0000000000000000,0.1736410142567353,0.0000000000000000,7.8688012296432079,3.0035670334035278,-1654.536711,1.595775,1652.9409352634675,-2638.2687663149554,1,2.2e-07
1.0014689404332640,0.0,0.0000568589690902,0.0000000000000000,0.1736414325692530,0.0000000000000000,7.8688112296432076,3.0035670222597801,-1433.064323,3.227103,1429.8372209185013,-4622.6442162509775,1,5.7e-07
1.0014689267418879,0.0,0.0000570622327052,0.0000000000000000,0.1736418509133726,0.0000000000000000,7.8688212296432081,3.0035670111161084,-1515.764458,2.562014,1513.2024442783975,-3881.4092652837280,1,2.7e-07
1.0014689130512928,0.0,0.0000572647694275,0.0000000000000000,0.1736422692155020,0.0000000000000000,7.8688312296432077,3.0035669999724783,-1502.805594,2.661520,1500.1440735864412,-3997.7380486098118,1,3.2e-07
1.0014688993602769,0.0,0.0000574665866749,0.0000000000000000,0.1736426875544161,0.0000000000000000,7.8688412296432082,3.0035669888289078,-1548.306864,2.320056,1545.9868083836373,-3590.1567009896971,1,1.6e-07
1.0014688856699350,0.0,0.0000576676917483,0.0000000000000000,0.1736431058595734,0.0000000000000000,7.8688512296432078,3.0035669776853893,-1690.467052,1.371977,1689.0950748822470,-2317.2799410540611,1,3.4e-07
1.0014688719800622,0.0,0.0000578680924376,0.0000000000000000,0.1736435241432990,0.0000000000000000,7.8688612296432083,3.0035669665419480,-1676.547631,1.457748,1675.0898827059575,-2441.9864645486232,1,2.9e-07
1.0014688582900106,0.0,0.0000580677963464,0.0000000000000000,0.1736439424471216,0.0000000000000000,7.8688712296432080,3.0035669553985231,-1484.191388,2.807858,1481.3835307820739,-4165.4027564036660,1,3.9e-07
1.0014688446004056,0.0,0.0000582668098046,0.0000000000000000,0.1736443607324028,0.0000000000000000,7.8688812296432076,3.0035669442551458,-1530.862145,2.449073,1528.4130719586999,-3747.1949334358796,1,2.2e-07
