x0,y0,z0,xd0,yd0,zd0,Tp,JC,stabilityIndex1,stabilityIndex2,alpha,beta,impactFlag,error
1.0214748649356673,0.0,-0.0000000000000002,0.0000000000000000,-0.0118766760579330,-0.0001112340680220,7.5928300337228745,3.0034767275250922,675.5163,2.0000,-677.5163,1353.0633,0,6.4e-11
1.0214748649356671,0.0,-0.0000000000000005,0.0000000000000000,-0.0118766760579259,-0.0001112340679444,7.5928300337405945,3.0034767275250926,675.5163,2.0000,-677.5163,1353.0634,0,2.2e-12
1.0214733968991556,0.0,-0.0000000000000013,0.0000000000000000,-0.0118728818736428,-0.0006278616816113,7.5930258938564368,3.0034764109681817,673.9513,2.0015,-675.9528,1350.8875,0,3.0e-11
1.0214698567437526,0.0,0.0000000000000049,0.0000000000000000,-0.0118637316650727,-0.0011467260810627,7.5934983345395475,3.0034756476570483,670.1850,2.0049,-672.1899,1345.6743,0,4.4e-11
1.0214642548329560,0.0,-0.0000000000000007,0.0000000000000000,-0.0118492508043789,-0.0016649094359402,7.5942462841847256,3.0034744399815447,664.2466,2.0106,-666.2571,1337.5220,0,2.0e-11
1.0214566454857987,0.0,-0.0000000000000020,0.0000000000000000,-0.0118295775036076,-0.0021796351278598,7.5952629744275901,3.0034727998938564,656.2222,2.0186,-658.2408,1326.6371,0,2.2e-12
1.0214471208763352,0.0,-0.0000000000000208,0.0000000000000000,-0.0118049471816456,-0.0026884072404801,7.5965367235845509,3.0034707475784539,646.2463,2.0291,-648.2754,1313.3148,0,3.7e-11
1.0214358022110577,0.0,-0.0000000000000198,0.0000000000000000,-0.0117756698429587,-0.0031891093593048,7.5980520726727727,3.0034683095299362,634.4897,2.0424,-636.5322,1297.9126,0,3.2e-11
1.0214228297922165,0.0,0.0000000000000011,0.0000000000000000,-0.0117421045905682,-0.0036800553491553,7.5997910673537170,3.0034655163891375,621.1465,2.0588,-623.2053,1280.8223,0,1.9e-11
1.0214083534516365,0.0,-0.0000000000000094,0.0000000000000000,-0.0117046350817491,-0.0041599951874028,7.6017344934816826,3.0034624008607320,606.4210,2.0785,-608.4995,1262.4430,0,3.3e-12
1.0213925244010558,0.0,0.0000000000000336,0.0000000000000000,-0.0116636486114220,-0.0046280859224349,7.6038629317371740,3.0034589959399178,590.5179,2.1018,-592.6197,1243.1604,0,1.7e-11
1.0213754890089970,0.0,0.0000000000000013,0.0000000000000000,-0.0116195201328852,-0.0050838405735826,7.6061575643285080,3.0034553335590899,573.6332,2.1291,-575.7624,1223.3310,0,2.4e-11
1.0213573845620620,0.0,0.0000000000000107,0.0000000000000000,-0.0115726013670032,-0.0055270668943289,7.6086007263099944,3.0034514436668185,555.9499,2.1608,-558.1107,1203.2726,0,1.6e-11
1.0213383367737514,0.0,0.0000000000000157,0.0000000000000000,-0.0115232143939523,-0.0059578051702077,7.6111762311453148,3.0034473536873603,537.6342,2.1971,-539.8313,1183.2608,0,4.5e-12
1.0213184586713158,0.0,-0.0000000000000074,0.0000000000000000,-0.0114716487808831,-0.0063762709021506,7.6138695184009944,3.0034430882801240,518.8346,2.2387,-521.0733,1163.5275,0,1.1e-11
1.0212978504713854,0.0,-0.0000000000000174,0.0000000000000000,-0.0114181612477275,-0.0067828054178215,7.6166676732252698,3.0034386693142490,499.6819,2.2860,-501.9679,1144.2633,0,4.7e-11
1.0212766001037941,0.0,-0.0000000000000057,0.0000000000000000,-0.0113629769980344,-0.0071778353531766,7.6195593618058517,3.0034341159840778,480.2903,2.3395,-482.6298,1125.6208,0,8.3e-12
1.0212547841140538,0.0,0.0000000000000053,0.0000000000000000,-0.0113062920232775,-0.0075618407005359,7.6225347171472837,3.0034294450068550,460.7585,2.3998,-463.1583,1107.7195,0,1.4e-11
1.0212324687516765,0.0,-0.0000000000000036,0.0000000000000000,-0.0112482758857443,-0.0079353304007044,7.6255852006320159,3.0034246708606953,441.1714,2.4676,-443.6391,1090.6488,0,2.2e-12
1.0212097111123419,0.0,-0.0000000000000080,0.0000000000000000,-0.0111890746414080,-0.0082988242601104,7.6287034560595552,3.0034198060340711,421.6017,2.5438,-424.1455,1074.4737,0,1.3e-11
1.0211865602524597,0.0,-0.0000000000000213,0.0000000000000000,-0.0111288136934924,-0.0086528399375438,7.6318831669379428,3.0034148612691420,402.1113,2.6292,-404.7406,1059.2378,0,3.8e-11
1.0211630582284594,0.0,-0.0000000000000114,0.0000000000000000,-0.0110676004540428,-0.0089978838931215,7.6351189230220919,3.0034098457885774,382.7531,2.7249,-385.4780,1044.9672,0,2.2e-11
1.0211392410394895,0.0,-0.0000000000000087,0.0000000000000000,-0.0110055267586618,-0.0093344453292917,7.6384060993845981,3.0034047675012445,363.5717,2.8321,-366.4038,1031.6736,0,8.5e-12
1.0211151394636122,0.0,0.0000000000000038,0.0000000000000000,-0.0109426710086952,-0.0096629923909828,7.6417407487628939,3.0033996331846469,344.6050,2.9522,-347.5572,1019.3565,0,1.3e-11
1.0210907797900328,0.0,-0.0000000000000048,0.0000000000000000,-0.0108791000475876,-0.0099839700086247,7.6451195071676610,3.0033944486446362,325.8850,3.0870,-328.9720,1008.0063,0,9.7e-12
1.0210661844551931,0.0,0.0000000000000050,0.0000000000000000,-0.0108148707904626,-0.0102977989020598,7.6485395120991502,3.0033892188542071,307.4384,3.2384,-310.6768,997.6051,0,1.5e-11
1.0210413725889012,0.0,-0.0000000000000079,0.0000000000000000,-0.0107500316236605,-0.0106048754408510,7.6519983318322531,3.0033839480726394,289.2876,3.4088,-292.6965,988.1293,0,1.4e-11
1.0210163604836198,0.0,0.0000000000000079,0.0000000000000000,-0.0106846236070344,-0.0109055720538641,7.6554939048806592,3.0033786399479241,271.4509,3.6012,-275.0521,979.5502,0,1.2e-11
1.0209911619956087,0.0,-0.0000000000000088,0.0000000000000000,-0.0106186815018206,-0.0112002380169573,7.6590244882182965,3.0033732976043099,253.9431,3.8191,-257.7622,971.8356,0,1.1e-11
1.0209657888854493,0.0,0.0000000000000047,0.0000000000000000,-0.0105522346425290,-0.0114892004948490,7.6625886129469452,3.0033679237167217,236.7754,4.0669,-240.8424,964.9501,0,9.3e-12
1.0209402511097578,0.0,-0.0000000000000084,0.0000000000000000,-0.0104853076842699,-0.0117727657003430,7.6661850466222701,3.0033625205744756,219.9562,4.3502,-224.3064,958.8566,0,1.1e-11
1.0209145570685856,0.0,-0.0000000000000174,0.0000000000000000,-0.0104179212357116,-0.0120512201294499,7.6698127610704976,3.0033570901354389,203.4903,4.6760,-208.1663,953.5164,0,1.6e-11
1.0208887138162779,0.0,0.0000000000000130,0.0000000000000000,-0.0103500923986175,-0.0123248318108979,7.6734709049593697,3.0033516340721929,187.3791,5.0533,-192.4324,948.8897,0,5.2e-12
1.0208627272409825,0.0,0.0000000000000083,0.0000000000000000,-0.0102818352267863,-0.0125938515381013,7.6771587804010109,3.0033461538114166,171.6196,5.4943,-177.1139,944.9364,0,2.7e-11
1.0208366022174591,0.0,0.0000000000000150,0.0000000000000000,-0.0102131611159444,-0.0128585140612828,7.6808758229783178,3.0033406505675089,156.2035,6.0153,-162.2189,941.6162,0,9.2e-12
1.0208103427374702,0.0,0.0000000000000020,0.0000000000000000,-0.0101440791366128,-0.0131190392262627,7.6846215846798795,3.0033351253712990,141.1153,6.6392,-147.7544,938.8887,0,4.5e-11
1.0207839520210695,0.0,-0.0000000000000004,0.0000000000000000,-0.0100745963172654,-0.0133756330489517,7.6883957193220702,3.0033295790946779,126.3279,7.3991,-133.7270,936.7139,0,3.2e-12
1.0207574326104762,0.0,0.0000000000000115,0.0000000000000000,-0.0100047178828569,-0.0136284887355034,7.6921979700005956,3.0033240124714515,111.7963,8.3460,-120.1423,935.0525,0,9.0e-12
1.0207307864522179,0.0,0.0000000000000047,0.0000000000000000,-0.0099344474627483,-0.0138777876134482,7.6960281584717620,3.0033184261157011,97.4422,9.5633,-107.0055,933.8657,0,8.4e-12
1.0207040149655093,0.0,0.0000000000000060,0.0000000000000000,-0.0098637872635996,-0.0141237000173278,7.6998861759427548,3.0033128205371389,83.1191,11.2022,-94.3213,933.1155,0,1.2e-11
1.0206771191002624,0.0,-0.0000000000000033,0.0000000000000000,-0.0097927382145786,-0.0143663861095508,7.7037719751693716,3.0033071961543341,68.5079,13.5862,-82.0941,932.7651,0,1.2e-11
1.0206500993885177,0.0,0.0000000000000095,0.0000000000000000,-0.0097213000964141,-0.0146059966236402,7.7076855637822117,3.0033015533064473,52.6489,17.6790,-70.3279,932.7782,0,3.4e-12
1.0206229559862734,0.0,-0.0000000000000138,0.0000000000000000,-0.0096494716445584,-0.0148426735673178,7.7116269984766319,3.0032958922630288,58.9630,0.0634,-59.0264,933.1202,0,7.2e-12
1.0205956887086878,0.0,-0.0000000000000036,0.0000000000000000,-0.0095772506353503,-0.0150765508738832,7.7155963800251621,3.0032902132323933,48.1414,0.0517,-48.1931,933.7571,0,6.3e-12
1.0205682970617829,0.0,0.0000000000000005,0.0000000000000000,-0.0095046339630461,-0.0153077549852587,7.7195938491189207,3.0032845163692810,37.7909,0.0405,-37.8314,934.6564,0,1.6e-11
1.0205407802672553,0.0,0.0000000000000047,0.0000000000000000,-0.0094316176985910,-0.0155364054069900,7.7236195827416951,3.0032788017810899,27.9147,0.0299,-27.9445,935.7867,0,1.1e-11
1.0205131372823495,0.0,0.0000000000000036,0.0000000000000000,-0.0093581971350005,-0.0157626152244479,7.7276737910712869,3.0032730695331571,18.5157,0.0198,-18.5354,937.1181,0,9.7e-12
1.0204853668190199,0.0,0.0000000000000062,0.0000000000000000,-0.0092843668306866,-0.0159864915547989,7.7317567150045159,3.0032673196539297,9.5969,0.0102,-9.6072,938.6216,0,2.3e-12
1.0204574673552385,0.0,-0.0000000000000028,0.0000000000000000,-0.0092101206322060,-0.0162081360014024,7.7358686239167564,3.0032615521385071,1.1614,0.0012,-1.1626,940.2699,0,1.4e-11
1.0204294371478415,0.0,0.0000000000000013,0.0000000000000000,-0.0091354517001641,-0.0164276450364739,7.7400098140068678,3.0032557669526452,-6.7881,-0.0072,6.7953,942.0369,0,2.3e-11
1.0204012742379445,0.0,0.0000000000000109,0.0000000000000000,-0.0090603525152755,-0.0166451103922971,7.7441806067987544,3.0032499640352688,-14.2488,-0.0151,14.2639,943.8979,0,1.7e-12
1.0203729764569911,0.0,0.0000000000000101,0.0000000000000000,-0.0089848148855105,-0.0168606193994535,7.7483813480921953,3.0032441433012229,-21.2178,-0.0224,21.2402,945.8294,0,1.3e-11
1.0203445414298329,0.0,0.0000000000000031,0.0000000000000000,-0.0089088299450822,-0.0170742553063527,7.7526124071866755,3.0032383046434963,-27.6924,-0.0292,27.7216,947.8097,0,1.4e-11
1.0203159665729369,0.0,-0.0000000000000035,0.0000000000000000,-0.0088323881392653,-0.0172860975947617,7.7568741762875053,3.0032324479346162,-33.6697,-0.0355,33.7052,949.8181,0,1.3e-11
1.0202872490944108,0.0,0.0000000000000082,0.0000000000000000,-0.0087554792138517,-0.0174962222465019,7.7611670703265379,3.0032265730285053,-39.1470,-0.0412,39.1882,951.8356,0,3.0e-11
1.0202583859872894,0.0,-0.0000000000000108,0.0000000000000000,-0.0086780921852193,-0.0177047020249729,7.7654915268776250,3.0032206797611831,-44.1214,-0.0464,44.1677,953.8445,0,3.7e-12
1.0202293740238197,0.0,0.0000000000000029,0.0000000000000000,-0.0086002153128537,-0.0179116067191483,7.7698480064386137,3.0032147679517682,-48.5901,-0.0510,48.6410,955.8287,0,1.0e-11
1.0202002097469116,0.0,0.0000000000000101,0.0000000000000000,-0.0085218360621395,-0.0181170033756657,7.7742369929521065,3.0032088374032266,-52.5502,-0.0550,52.6052,957.7735,0,3.6e-12
1.0201708894568404,0.0,0.0000000000000005,0.0000000000000000,-0.0084429410541648,-0.0183209565385786,7.7786589945052489,3.0032028879022765,-55.9987,-0.0586,56.0573,959.6655,0,9.7e-12
1.0201414091979366,0.0,0.0000000000000047,0.0000000000000000,-0.0083635160133354,-0.0185235284592219,7.7831145443857883,3.0031969192196462,-58.9328,-0.0615,58.9943,961.4932,0,5.1e-12
1.0201117647425770,0.0,-0.0000000000000035,0.0000000000000000,-0.0082835457067420,-0.0187247792998196,7.7876042024242915,3.0031909311100162,-61.3494,-0.0640,61.4133,963.2461,0,4.6e-12
1.0200819515693007,0.0,0.0000000000000074,0.0000000000000000,-0.0082030138653280,-0.0189247673494055,7.7921285565509102,3.0031849233111840,-37.9134,-25.3978,63.3112,964.9158,0,1.9e-11
1.0200519648410509,0.0,0.0000000000000014,0.0000000000000000,-0.0081219031036516,-0.0191235492126941,7.7966882247898264,3.0031788955436038,-41.3721,-23.3127,64.6848,966.4950,0,7.8e-12
1.0200217993777685,0.0,0.0000000000000036,0.0000000000000000,-0.0080401948220908,-0.0193211800102223,7.8012838575567827,3.0031728475092443,-43.1384,-22.3925,65.5309,967.9780,0,4.1e-12
1.0199914496268669,0.0,0.0000000000000060,0.0000000000000000,-0.0079578691006807,-0.0195177135651838,7.8059161404179846,3.0031667788905172,-43.7201,-22.1262,65.8463,969.3609,0,1.2e-12
1.0199609096262336,0.0,0.0000000000000026,0.0000000000000000,-0.0078749045693474,-0.0197132026095770,7.8105857972108028,3.0031606893483360,-43.2113,-22.4164,65.6277,970.6411,0,1.7e-11
1.0199301729653638,0.0,-0.0000000000000069,0.0000000000000000,-0.0077912782702874,-0.0199076989739282,7.8152935937681773,3.0031545785203928,-41.5056,-23.3660,64.8716,971.8178,0,1.6e-11
1.0198992327388594,0.0,0.0000000000000022,0.0000000000000000,-0.0077069654951531,-0.0201012537926960,7.8200403421594107,3.0031484460187423,-38.0749,-25.4995,63.5744,972.8917,0,2.1e-12
1.0198680814954770,0.0,0.0000000000000045,0.0000000000000000,-0.0076219396058340,-0.0202939177040956,7.8248269056416007,3.0031422914273613,-61.6691,-0.0636,61.7327,973.8652,0,6.4e-12
1.0198367111764883,0.0,-0.0000000000000005,0.0000000000000000,-0.0075361718211384,-0.0204857410799395,7.8296542042591772,3.0031361142985844,-59.2816,-0.0610,59.3426,974.7422,0,1.5e-11
1.0198051130490891,0.0,-0.0000000000000048,0.0000000000000000,-0.0074496309836666,-0.0206767742437797,7.8345232213839298,3.0031299141497958,-56.3425,-0.0579,56.4005,975.5283,0,2.0e-12
1.0197732776284545,0.0,0.0000000000000072,0.0000000000000000,-0.0073622832892288,-0.0208670677145796,7.8394350111754534,3.0031236904592000,-52.8480,-0.0543,52.9023,976.2308,0,2.6e-12
1.0197411945891293,0.0,0.0000000000000056,0.0000000000000000,-0.0072740919789527,-0.0210566724633266,7.8443907071508034,3.0031174426611327,-48.7939,-0.0501,48.8440,976.8588,0,1.4e-12
1.0197088526637439,0.0,-0.0000000000000012,0.0000000000000000,-0.0071850169873197,-0.0212456401880466,7.8493915320076795,3.0031111701407798,-44.1761,-0.0453,44.2214,977.4227,0,1.5e-11
1.0196762395272634,0.0,0.0000000000000015,0.0000000000000000,-0.0070950145401803,-0.0214340236105255,7.8544388088781742,3.0031048722282323,-38.9902,-0.0399,39.0302,977.9351,0,4.6e-12
1.0196433416644826,0.0,-0.0000000000000010,0.0000000000000000,-0.0070040366934456,-0.0216218767950071,7.8595339741851102,3.0030985481919719,-33.2318,-0.0340,33.2658,978.4098,0,8.3e-12
1.0196101442185899,0.0,-0.0000000000000002,0.0000000000000000,-0.0069120308058562,-0.0218092554934783,7.8646785923196036,3.0030921972316724,-26.8961,-0.0275,26.9236,978.8627,0,4.8e-12
1.0195766308178718,0.0,-0.0000000000000022,0.0000000000000000,-0.0068189389336341,-0.0219962175163053,7.8698743723214095,3.0030858184705043,-19.9782,-0.0204,19.9986,979.3113,0,4.8e-12
1.0195427833779225,0.0,0.0000000000000024,0.0000000000000000,-0.0067246971372337,-0.0221828231276710,7.8751231867619360,3.0030794109470880,-12.4730,-0.0127,12.4857,979.7748,0,7.6e-12
1.0195085818761660,0.0,0.0000000000000019,0.0000000000000000,-0.0066292346877703,-0.0223691354637143,7.8804270929791747,3.0030729736073365,-4.3752,-0.0045,4.3797,980.2740,0,4.5e-12
1.0194740040958534,0.0,0.0000000000000048,0.0000000000000000,-0.0065324731605037,-0.0225552209646639,7.8857883567336167,3.0030665052967387,4.3207,0.0044,-4.3251,980.8317,0,8.8e-12
1.0194390253371195,0.0,-0.0000000000000017,0.0000000000000000,-0.0064343254036166,-0.0227411498062961,7.8912094782102997,3.0030600047538871,13.6206,0.0139,-13.6345,981.4721,0,1.1e-11
1.0194036180934429,0.0,0.0000000000000058,0.0000000000000000,-0.0063346943717586,-0.0229269963076056,7.8966932200277791,3.0030534706064671,23.5306,0.0240,-23.5545,982.2213,0,5.5e-12
1.0193677516946533,0.0,-0.0000000000000032,0.0000000000000000,-0.0062334718205560,-0.0231128392706468,7.9022426365025824,3.0030469013717975,34.0568,0.0347,-34.0915,983.1067,0,1.3e-11
1.0193313919187377,0.0,0.0000000000000012,0.0000000000000000,-0.0061305368611431,-0.0232987621998865,7.9078611026671268,3.0030402954644506,45.2058,0.0460,-45.2518,984.1576,0,1.2e-11
1.0192945005877707,0.0,0.0000000000000052,0.0000000000000000,-0.0060257544091279,-0.0234848532740459,7.9135523406164108,3.0030336512164442,56.9840,0.0580,-57.0420,985.4045,0,4.9e-12
1.0192570351618011,0.0,0.0000000000000025,0.0000000000000000,-0.0059189735606009,-0.0236712049572507,7.9193204387237124,3.0030269669151868,49.6200,19.8484,-69.4684,986.8791,0,8.0e-12
1.0192189483769047,0.0,0.0000000000000062,0.0000000000000000,-0.0058100260189246,-0.0238579129713193,7.9251698570680702,3.0030202408707605,68.0356,14.5014,-82.5370,988.6142,0,4.4e-12
1.0191801879848326,0.0,-0.0000000000000106,0.0000000000000000,-0.0056987247343355,-0.0240450743200195,7.9311054078894321,3.0030134715256529,84.5616,11.6914,-96.2530,990.6430,0,8.4e-12
1.0191406967078023,0.0,0.0000000000000004,0.0000000000000000,-0.0055848630890496,-0.0242327838209976,7.9371321944258248,3.0030066576290335,100.7872,9.8326,-110.6198,992.9988,0,1.6e-11
1.0191004125770726,0.0,-0.0000000000000076,0.0000000000000000,-0.0054682151332708,-0.0244211284071063,7.9432554822366255,3.0029997985053578,117.1564,8.4819,-125.6383,995.7139,0,1.4e-11
1.0190592699238887,0.0,-0.0000000000000011,0.0000000000000000,-0.0053485377026546,-0.0246101781364391,7.9494804650227833,3.0029928944589739,133.8584,7.4468,-141.3052,998.8184,0,9.6e-12
1.0190172014281698,0.0,0.0000000000000022,0.0000000000000000,-0.0052255756939321,-0.0247999724464204,7.9558118701856042,3.0029859473710889,150.9850,6.6254,-157.6105,1002.3382,0,2.2e-12
1.0189741418099838,0.0,0.0000000000000035,0.0000000000000000,-0.0050990723894277,-0.0249904997752868,7.9622533289462307,3.0029789615590232,168.5763,5.9575,-174.5338,1006.2923,0,3.0e-12
1.0189300339683489,0.0,-0.0000000000000010,0.0000000000000000,-0.0049687875009845,-0.0251816683289258,7.9688064155754654,3.0029719449764105,186.6352,5.4046,-192.0398,1010.6885,0,2.0e-12
1.0188848385556986,0.0,-0.0000000000000037,0.0000000000000000,-0.0048345263411009,-0.0253732659118528,7.9754692491869710,3.0029649108196486,205.1309,4.9408,-210.0717,1015.5183,0,8.8e-12
1.0188385480032287,0.0,-0.0000000000000029,0.0000000000000000,-0.0046961838629507,-0.0255649079104680,7.9822345736752069,3.0029578795478766,223.9943,4.5481,-228.5424,1020.7495,0,1.9e-11
1.0187912055589905,0.0,-0.0000000000000004,0.0000000000000000,-0.0045538062136119,-0.0257559758604471,7.9890873236234077,3.0029508811775112,243.1114,4.2134,-247.3247,1026.3174,0,5.8e-12
1.0187429285351959,0.0,0.0000000000000025,0.0000000000000000,-0.0044076684530845,-0.0259455556143248,7.9960019006402758,3.0029439574411967,262.3153,3.9270,-266.2423,1032.1161,0,2.1e-11
1.0186939322320001,0.0,0.0000000000000016,0.0000000000000000,-0.0042583585052649,-0.0261323942239741,8.0029397554500310,3.0029371630082715,281.3811,3.6818,-285.0629,1037.9908,0,1.5e-11
1.0186445471215055,0.0,0.0000000000000040,0.0000000000000000,-0.0041068444084187,-0.0263149051045425,8.0098483250339658,3.0029305645960154,300.0287,3.4721,-303.5008,1043.7378,0,9.5e-12
1.0185952186250575,0.0,-0.0000000000000009,0.0000000000000000,-0.0039544897503371,-0.0264912532344448,8.0166626272373982,3.0029242368136000,317.9391,3.2934,-321.2325,1049.1144,0,1.3e-11
1.0185464798756274,0.0,0.0000000000000018,0.0000000000000000,-0.0038029827645148,-0.0266595342969088,8.0233104045342749,3.0029182544138568,334.7860,3.1419,-337.9279,1053.8624,0,9.4e-12
1.0184988963951074,0.0,0.0000000000000013,0.0000000000000000,-0.0036541696543896,-0.0268180207583982,8.0297203755510154,3.0029126823126178,350.2775,3.0140,-353.2915,1057.7427,0,1.1e-11
1.0184529953340553,0.0,-0.0000000000000010,0.0000000000000000,-0.0035098273743376,-0.0269654040440950,8.0358314306385523,3.0029075663710709,364.1961,2.9066,-367.1027,1060.5702,0,9.9e-12
1.0184092016003039,0.0,0.0000000000000051,0.0000000000000000,-0.0033714465361945,-0.0271009508886260,8.0415997752033554,3.0029029281191018,376.4236,2.8166,-379.2402,1062.2370,0,5.2e-12
1.0183678003451671,0.0,-0.0000000000000020,0.0000000000000000,-0.0032400913963392,-0.0272245295004357,8.0470019236112584,3.0028987648654235,386.9428,2.7413,-389.6841,1062.7177,0,2.0e-12
1.0183289318418840,0.0,-0.0000000000000079,0.0000000000000000,-0.0031163633176624,-0.0273365206304839,8.0520334385922752,3.0028950542308492,395.8210,2.6781,-398.4991,1062.0578,0,2.3e-11
1.0182926112911141,0.0,0.0000000000000029,0.0000000000000000,-0.0030004492001573,-0.0274376674865897,8.0567049112279747,3.0028917607432200,403.1830,2.6250,-405.8080,1060.3526,0,1.3e-11
1.0182587604649576,0.0,-0.0000000000000075,0.0000000000000000,-0.0028922147765686,-0.0275289199897776,8.0610370634045676,3.0028888422668829,409.1851,2.5801,-411.7651,1057.7243,0,1.0e-11
1.0182272400844494,0.0,-0.0000000000000048,0.0000000000000000,-0.0027913061835355,-0.0276113074654180,8.0650563221848142,3.0028862550137378,413.9926,2.5418,-416.5345,1054.3040,0,1.3e-11
1.0181978767967377,0.0,-0.0000000000000000,0.0000000000000000,-0.0026972380293663,-0.0276858506116250,8.0687914605091642,3.0028839568352144,417.7665,2.5091,-420.2756,1050.2183,0,8.6e-12
1.0181867442683614,0.0,0.0000000000000013,0.0000000000000000,-0.0026615663022301,-0.0277135636712628,8.0702060213562685,3.0028831135053498,419.0147,2.4974,-421.5121,1048.4325,0,8.3e-12
1.0181755237312469,0.0,-0.0000000000000036,0.0000000000000000,-0.0026256120334997,-0.0277411940989391,8.0716312130044017,3.0028822789473608,420.1694,2.4859,-422.6553,1046.4969,0,2.4e-11
1.0181642178253327,0.0,-0.0000000000000027,0.0000000000000000,-0.0025893861726621,-0.0277687308392317,8.0730668957555185,3.0028814536215558,421.2269,2.4747,-423.7016,1044.4064,0,1.1e-11
1.0181528292608482,0.0,-0.0000000000000022,0.0000000000000000,-0.0025529000537780,-0.0277961631398439,8.0745129345706221,3.0028806379693092,422.1832,2.4638,-424.6470,1042.1561,0,4.9e-12
1.0181415892704770,0.0,0.0000000000000043,0.0000000000000000,-0.0025168970593978,-0.0278229393959441,8.0759401872747745,3.0028798483046120,423.0190,2.4533,-425.4723,1039.7906,0,6.0e-12
1.0181302729620618,0.0,0.0000000000000024,0.0000000000000000,-0.0024806594280990,-0.0278496010955829,8.0773774306870862,3.0028790685607389,423.7509,2.4431,-426.1940,1037.2617,0,9.8e-12
1.0181188829907240,0.0,0.0000000000000030,0.0000000000000000,-0.0024441985971499,-0.0278761391024134,8.0788245602829818,3.0028782990974072,424.3756,2.4331,-426.8088,1034.5650,0,2.6e-11
1.0181074220309050,0.0,-0.0000000000000054,0.0000000000000000,-0.0024075262010789,-0.0279025447192442,8.0802814799988099,3.0028775402506533,424.8900,2.4234,-427.3134,1031.6961,0,1.9e-11
1.0180958927648620,0.0,0.0000000000000028,0.0000000000000000,-0.0023706540294581,-0.0279288097212854,8.0817481033198639,3.0028767923316289,425.2908,2.4140,-427.7048,1028.6509,0,8.4e-12
1.0180842978705893,0.0,0.0000000000000043,0.0000000000000000,-0.0023335939823215,-0.0279549263881358,8.0832243541438835,3.0028760556254896,425.5751,2.4048,-427.9799,1025.4253,0,3.5e-11
1.0180726400104505,0.0,0.0000000000000060,0.0000000000000000,-0.0022963580275087,-0.0279808875314676,8.0847101676659179,3.0028753303904736,425.7400,2.3959,-428.1358,1022.0156,0,5.4e-12
1.0180609218199390,0.0,0.0000000000000029,0.0000000000000000,-0.0022589581573750,-0.0280066865178698,8.0862054909981413,3.0028746168572424,425.7828,2.3872,-428.1699,1018.4181,0,1.2e-11
1.0180491458969263,0.0,-0.0000000000000001,0.0000000000000000,-0.0022214063475046,-0.0280323172902577,8.0877102838551274,3.0028739152282533,425.7009,2.3787,-428.0796,1014.6293,0,5.2e-12
1.0180373147921498,0.0,0.0000000000000046,0.0000000000000000,-0.0021837145183426,-0.0280577743814837,8.0892245191112906,3.0028732256774995,425.4918,2.3705,-427.8624,1010.6462,0,2.1e-11
1.0180254309993302,0.0,-0.0000000000000010,0.0000000000000000,-0.0021458944958496,-0.0280830529276238,8.0907481830926056,3.0028725483502781,425.1534,2.3626,-427.5160,1006.4657,0,6.7e-12
1.0180134969471519,0.0,-0.0000000000000045,0.0000000000000000,-0.0021079579779120,-0.0281081486748979,8.0922812760433498,3.0028718833632024,424.6834,2.3549,-427.0383,1002.0851,0,8.5e-12
1.0180017535247039,0.0,0.0000000000000001,0.0000000000000000,-0.0020706733344029,-0.0281325648710488,8.0937930698138505,3.0028712436492815,424.0932,2.3476,-426.4408,997.5949,0,4.0e-12
1.0179899639207119,0.0,0.0000000000000012,0.0000000000000000,-0.0020332912369817,-0.0281568038234871,8.0953142596272230,3.0028706158099352,423.3729,2.3405,-425.7134,992.9070,0,1.2e-11
1.0179781301970434,0.0,-0.0000000000000029,0.0000000000000000,-0.0019958221913959,-0.0281808630903420,8.0968448877182269,3.0028699998843589,422.5209,2.3337,-424.8545,988.0195,0,1.7e-11
1.0179662543335977,0.0,0.0000000000000013,0.0000000000000000,-0.0019582764898548,-0.0282047407889627,8.0983850092264493,3.0028693958865333,421.5356,2.3270,-423.8626,982.9304,0,3.2e-11
1.0179543382247664,0.0,-0.0000000000000032,0.0000000000000000,-0.0019206641926988,-0.0282284355870818,8.0999346922133579,3.0028688038058524,420.4158,2.3207,-422.7365,977.6383,0,1.2e-11
1.0179423836753336,0.0,0.0000000000000024,0.0000000000000000,-0.0018829951085968,-0.0282519466949149,8.1014940172730707,3.0028682236077366,419.1603,2.3145,-421.4748,972.1420,0,1.7e-11
1.0179303923986036,0.0,-0.0000000000000021,0.0000000000000000,-0.0018452787817464,-0.0282752738508499,8.1030630774079260,3.0028676552344700,417.7681,2.3086,-420.0766,966.4402,0,8.9e-12
1.0179188400608108,0.0,0.0000000000000044,0.0000000000000000,-0.0018090112306263,-0.0282975097637433,8.1045796387906037,3.0028671202960311,416.3011,2.3031,-418.6041,960.7688,0,3.9e-12
1.0179072521840375,0.0,0.0000000000000014,0.0000000000000000,-0.0017727025310438,-0.0283195853302713,8.1061059767125254,3.0028665959053962,414.7058,2.2978,-417.0036,954.9044,0,1.5e-11
1.0178956300461526,0.0,0.0000000000000017,0.0000000000000000,-0.0017363605024116,-0.0283415013517026,8.1076422091687714,3.0028660819694637,412.9816,2.2927,-415.2743,948.8464,0,1.9e-11
1.0178839748469817,0.0,-0.0000000000000046,0.0000000000000000,-0.0016999927256995,-0.0283632590299204,8.1091884633972775,3.0028655783780422,411.1280,2.2878,-413.4158,942.5946,0,9.3e-12
1.0178722877079540,0.0,-0.0000000000000014,0.0000000000000000,-0.0016636065383095,-0.0283848599554097,8.1107448753839275,3.0028650850044967,409.1445,2.2832,-411.4277,936.1489,0,5.3e-12
1.0178608029635838,0.0,-0.0000000000000084,0.0000000000000000,-0.0016279328090142,-0.0284058811591378,8.1122803361859344,3.0028646112190915,407.0742,2.2788,-409.3530,929.6434,0,1.8e-11
1.0178492871934803,0.0,0.0000000000000045,0.0000000000000000,-0.0015922476669239,-0.0284267599192343,8.1138261401162470,3.0028641468749635,404.8783,2.2746,-407.1529,922.9508,0,1.8e-11
1.0178377412456840,0.0,0.0000000000000001,0.0000000000000000,-0.0015565574041446,-0.0284474986048273,8.1153824400162247,3.0028636918177818,402.5567,2.2707,-404.8274,916.0716,0,5.4e-12
1.0178261659017784,0.0,-0.0000000000000026,0.0000000000000000,-0.0015208680957064,-0.0284680998880282,8.1169493949077989,3.0028632458806888,400.1095,2.2669,-402.3763,909.0064,0,1.7e-11
1.0178145618796963,0.0,-0.0000000000000007,0.0000000000000000,-0.0014851856045700,-0.0284885667253598,8.1185271695435191,3.0028628088851419,397.5367,2.2633,-399.8000,901.7561,0,3.5e-12
1.0178031614368872,0.0,0.0000000000000022,0.0000000000000000,-0.0014502248150697,-0.0285084991771208,8.1200842289244850,3.0028623890741666,394.8935,2.2600,-397.1535,894.4714,0,1.4e-11
1.0177917323944490,0.0,0.0000000000000006,0.0000000000000000,-0.0014152742879724,-0.0285283127273277,8.1216523176932309,3.0028619774023708,392.1297,2.2569,-394.3866,887.0096,0,5.8e-12
1.0177805034109701,0.0,-0.0000000000000025,0.0000000000000000,-0.0013810337010308,-0.0285476200956866,8.1232000861992653,3.0028615816315356,389.3043,2.2541,-391.5584,879.5257,0,4.0e-11
1.0177692456815846,0.0,0.0000000000000033,0.0000000000000000,-0.0013468056706470,-0.0285668236488168,8.1247590851178497,3.0028611932312312,386.3633,2.2514,-388.6147,871.8728,0,3.4e-11
1.0177579596121795,0.0,-0.0000000000000036,0.0000000000000000,-0.0013125947034831,-0.0285859268633526,8.1263294844482097,3.0028608120104234,383.3072,2.2490,-385.5562,864.0524,0,3.8e-12
1.0177466455707789,0.0,-0.0000000000000066,0.0000000000000000,-0.0012784051680762,-0.0286049333891055,8.1279114559457035,3.0028604377709556,380.1366,2.2467,-382.3833,856.0663,0,7.9e-12
1.0177353038908068,0.0,0.0000000000000040,0.0000000000000000,-0.0012442413028169,-0.0286238470373732,8.1295051726172467,3.0028600703079897,376.8522,2.2447,-379.0969,847.9163,0,9.7e-12
1.0177239348745339,0.0,0.0000000000000009,0.0000000000000000,-0.0012101072240532,-0.0286426717671990,8.1311108079348156,3.0028597094105551,373.4548,2.2429,-375.6977,839.6046,0,4.4e-12
1.0177127657525726,0.0,0.0000000000000021,0.0000000000000000,-0.0011766849121635,-0.0286610396944794,8.1326962360325901,3.0028593618542745,370.0163,2.2413,-372.2575,831.3034,0,2.3e-11
1.0177015686701845,0.0,-0.0000000000000041,0.0000000000000000,-0.0011432921775035,-0.0286793336933293,8.1342937572080647,3.0028590201214369,366.4703,2.2399,-368.7102,822.8498,0,1.6e-11
1.0176903438522051,0.0,0.0000000000000019,0.0000000000000000,-0.0011099326933578,-0.0286975577577943,8.1359035364549506,3.0028586840027516,362.8179,2.2387,-365.0566,814.2461,0,1.2e-11
1.0176790915098746,0.0,0.0000000000000039,0.0000000000000000,-0.0010766100602375,-0.0287157159768091,8.1375257366689748,3.0028583532846609,359.0602,2.2378,-361.2980,805.4950,0,1.5e-11
1.0176678118451903,0.0,0.0000000000000040,0.0000000000000000,-0.0010433278162817,-0.0287338125214716,8.1391605178888753,3.0028580277497761,355.1984,2.2371,-357.4354,796.5994,0,1.9e-11
1.0176565050551534,0.0,-0.0000000000000041,0.0000000000000000,-0.0010100894473839,-0.0287518516334814,8.1408080364427544,3.0028577071772582,351.2338,2.2366,-353.4703,787.5623,0,6.1e-12
1.0176453970759949,0.0,0.0000000000000014,0.0000000000000000,-0.0009775582332896,-0.0287694802815700,8.1424352846571644,3.0028573975818116,347.2497,2.2363,-349.4860,778.5708,0,2.9e-11
1.0176342612260401,0.0,-0.0000000000000105,0.0000000000000000,-0.0009450693071855,-0.0287870654358722,8.1440753759978115,3.0028570922652049,343.1688,2.2364,-345.4052,769.4481,0,9.0e-12
1.0176230977092058,0.0,0.0000000000000067,0.0000000000000000,-0.0009126259597377,-0.0288046111623905,8.1457284470034672,3.0028567910149375,338.9927,2.2366,-341.2294,760.1975,0,1.8e-11
1.0176121296562302,0.0,-0.0000000000000047,0.0000000000000000,-0.0008808754769264,-0.0288217734972055,8.1473613498066815,3.0028564994970695,334.8089,2.2371,-337.0460,751.0103,0,2.5e-11
1.0176011332916624,0.0,0.0000000000000034,0.0000000000000000,-0.0008491688054021,-0.0288389091217572,8.1490072859925515,3.0028562114191604,330.5359,2.2379,-332.7738,741.7055,0,9.6e-12
1.0175901088652750,0.0,0.0000000000000029,0.0000000000000000,-0.0008175091574008,-0.0288560218557921,8.1506663672679007,3.0028559265786687,326.1754,2.2389,-328.4143,732.2868,0,1.2e-11
1.0175792768154381,0.0,-0.0000000000000003,0.0000000000000000,-0.0007865281587986,-0.0288727755845842,8.1523052945071086,3.0028556503502841,321.8185,2.2402,-324.0587,722.9489,0,4.2e-12
1.0175684162264891,0.0,0.0000000000000036,0.0000000000000000,-0.0007555924579556,-0.0288895178609546,8.1539573620249879,3.0028553767896122,317.3803,2.2418,-319.6221,713.5075,0,5.5e-12
1.0175575274296649,0.0,0.0000000000000052,0.0000000000000000,-0.0007247052894065,-0.0289062521987703,8.1556226519271178,3.0028551057052546,312.8626,2.2437,-315.1062,703.9667,0,8.5e-12
1.0175466107967603,0.0,-0.0000000000000018,0.0000000000000000,-0.0006938699509838,-0.0289229820793346,8.1573012352556180,3.0028548369052648,308.2673,2.2459,-310.5132,694.3307,0,3.3e-11
1.0175356667453928,0.0,-0.0000000000000026,0.0000000000000000,-0.0006630898142418,-0.0289397109397046,8.1589931708256938,3.0028545701974587,303.5967,2.2484,-305.8451,684.6040,0,3.0e-11
1.0175246957447208,0.0,0.0000000000000111,0.0000000000000000,-0.0006323683356203,-0.0289564421595063,8.1606985040960094,3.0028543053897794,298.8529,2.2512,-301.1042,674.7914,0,4.9e-12
1.0175139173788488,0.0,-0.0000000000000084,0.0000000000000000,-0.0006023184317474,-0.0289728459776467,8.1623829385519659,3.0028540475097256,294.1348,2.2544,-296.3892,665.0953,0,4.4e-11
1.0175031120534876,0.0,0.0000000000000048,0.0000000000000000,-0.0005723258274304,-0.0289892615191807,8.1640806227690010,3.0028537910406521,289.3500,2.2579,-291.6079,655.3243,0,9.4e-12
1.0174922803921993,0.0,0.0000000000000018,0.0000000000000000,-0.0005423941697931,-0.0290056917136034,8.1657915598201498,3.0028535358050163,284.5010,2.2618,-286.7628,645.4833,0,8.5e-12
1.0174814230884119,0.0,-0.0000000000000039,0.0000000000000000,-0.0005125272270850,-0.0290221393941729,8.1675157357769130,3.0028532816263445,279.5904,2.2661,-281.8565,635.5775,0,2.7e-11
1.0174705409112803,0.0,0.0000000000000065,0.0000000000000000,-0.0004827288987955,-0.0290386072839541,8.1692531183546695,3.0028530283296226,274.6207,2.2708,-276.8915,625.6123,0,4.0e-11
1.0174596347116278,0.0,-0.0000000000000023,0.0000000000000000,-0.0004530032253573,-0.0290550979820723,8.1710036556292014,3.0028527757416565,269.5947,2.2760,-271.8707,615.5934,0,1.9e-11
1.0174487054278138,0.0,0.0000000000000087,0.0000000000000000,-0.0004233543974893,-0.0290716139498776,8.1727672746347313,3.0028525236914372,264.5155,2.2816,-266.7971,605.5265,0,1.0e-11
1.0174377540917952,0.0,0.0000000000000020,0.0000000000000000,-0.0003937867655231,-0.0290881574964311,8.1745438800535002,3.0028522720105366,259.3860,2.2878,-261.6738,595.4176,0,3.4e-12
1.0174267818349536,0.0,0.0000000000000034,0.0000000000000000,-0.0003643048477609,-0.0291047307643565,8.1763333527707260,3.0028520205334797,254.2095,2.2945,-256.5039,585.2730,0,7.0e-12
1.0174157898940823,0.0,-0.0000000000000129,0.0000000000000000,-0.0003349133387711,-0.0291213357144518,8.1781355485026950,3.0028517690981844,248.9891,2.3017,-251.2908,575.0990,0,3.9e-12
1.0174047796171359,0.0,0.0000000000000028,0.0000000000000000,-0.0003056171166631,-0.0291379741103543,8.1799502963169779,3.0028515175464014,243.7285,2.3095,-246.0380,564.9022,0,2.1e-11
1.0173937524688592,0.0,-0.0000000000000100,0.0000000000000000,-0.0002764212497377,-0.0291546475035361,8.1817773973282488,3.0028512657241384,238.4310,2.3180,-240.7491,554.6894,0,1.2e-11
1.0173827100360906,0.0,0.0000000000000077,0.0000000000000000,-0.0002473310019806,-0.0291713572181784,8.1836166232916039,3.0028510134821098,233.1005,2.3272,-235.4277,544.4674,0,3.0e-12
1.0173716540328430,0.0,-0.0000000000000069,0.0000000000000000,-0.0002183518374575,-0.0291881043352297,8.1854677152212894,3.0028507606762402,227.7407,2.3371,-230.0778,534.2434,0,7.3e-12
1.0173605863049009,0.0,-0.0000000000000004,0.0000000000000000,-0.0001894894234552,-0.0292048896780277,8.1873303822138546,3.0028505071681022,222.3555,2.3477,-224.7032,524.0245,0,1.5e-11
1.0173495088339470,0.0,-0.0000000000000027,0.0000000000000000,-0.0001607496320498,-0.0292217137973179,8.1892043001969110,3.0028502528254188,216.9491,2.3592,-219.3082,513.8181,0,4.2e-12
1.0173384237411545,0.0,0.0000000000000004,0.0000000000000000,-0.0001321385400952,-0.0292385769568130,8.1910891108685338,3.0028499975225622,211.5255,2.3715,-213.8970,503.6317,0,6.5e-12
1.0173273332898185,0.0,0.0000000000000082,0.0000000000000000,-0.0001036624268889,-0.0292554791205007,8.1929844206886937,3.0028497411410093,206.0889,2.3848,-208.4737,493.4728,0,4.7e-12
1.0173162398875155,0.0,-0.0000000000000056,0.0000000000000000,-0.0000753277704307,-0.0292724199395928,8.1948898001466652,3.0028494835698414,200.6439,2.3990,-203.0429,483.3491,0,2.9e-12
1.0173051460870142,0.0,-0.0000000000000061,0.0000000000000000,-0.0000471412406982,-0.0292893987414039,8.1968047830273090,3.0028492247062228,195.1947,2.4144,-197.6090,473.2683,0,1.1e-11
1.0172940545862852,0.0,-0.0000000000000057,0.0000000000000000,-0.0000191096908818,-0.0293064145196529,8.1987288660683735,3.0028489644558376,189.7459,2.4308,-192.1767,463.2382,0,2.4e-11
1.0172829682273181,0.0,0.0000000000000133,0.0000000000000000,0.0000087598541456,-0.0293234659259321,8.2006615087219021,3.0028487027333464,184.3021,2.4485,-186.7506,453.2664,0,1.1e-11
1.0172718899935420,0.0,-0.0000000000000019,0.0000000000000000,0.0000364602123514,-0.0293405512635528,8.2026021331905703,3.0028484394627957,178.8678,2.4675,-181.3354,443.3607,0,1.5e-11
1.0172608230058966,0.0,0.0000000000000014,0.0000000000000000,0.0000639840618353,-0.0293576684838127,8.2045501248491828,3.0028481745779683,173.4478,2.4879,-175.9358,433.5289,0,1.3e-11
1.0172497705173111,0.0,0.0000000000000059,0.0000000000000000,0.0000913239614309,-0.0293748151845363,8.2065048328829686,3.0028479080227206,168.0468,2.5099,-170.5567,423.7786,0,1.2e-11
1.0172387359058455,0.0,-0.0000000000000068,0.0000000000000000,0.0001184723738686,-0.0293919886100379,8.2084655712721588,3.0028476397513217,162.6693,2.5335,-165.2028,414.1172,0,1.9e-11
1.0172277226655737,0.0,-0.0000000000000175,0.0000000000000000,0.0001454216930529,-0.0294091856577411,8.2104316202539636,3.0028473697285594,157.3202,2.5588,-159.8790,404.5523,0,2.4e-11
1.0172167343965697,0.0,-0.0000000000000021,0.0000000000000000,0.0001721642730813,-0.0294264028826039,8.2124022279826292,3.0028470979300490,152.0039,2.5861,-154.5900,395.0910,0,6.9e-12
1.0172057747923031,0.0,-0.0000000000000034,0.0000000000000000,0.0001986924616456,-0.0294436365104310,8.2143766127644646,3.0028468243421957,146.7252,2.6154,-149.3406,385.7403,0,2.2e-12
1.0171948476259196,0.0,-0.0000000000000055,0.0000000000000000,0.0002249986351726,-0.0294608824508582,8.2163539655783069,3.0028465489622675,141.4885,2.6469,-144.1354,376.5071,0,7.2e-12
1.0171839567346501,0.0,-0.0000000000000061,0.0000000000000000,0.0002510752367616,-0.0294781363149139,8.2183334529821064,3.0028462717983362,136.2982,2.6809,-138.9790,367.3979,0,3.1e-11
1.0171731060023592,0.0,0.0000000000000048,0.0000000000000000,0.0002769148169436,-0.0294953934380105,8.2203142205290671,3.0028459928690414,131.1586,2.7175,-133.8760,358.4189,0,1.3e-11
1.0171622993411993,0.0,-0.0000000000000041,0.0000000000000000,0.0003025100749983,-0.0295126489028422,8.2222953963892724,3.0028457122034373,126.0739,2.7569,-128.8308,349.5761,0,6.3e-12
1.0171515406712850,0.0,0.0000000000000042,0.0000000000000000,0.0003278539029999,-0.0295298975696714,8.2242760954391887,3.0028454298405545,121.0480,2.7995,-123.8475,340.8749,0,1.6e-11
1.0171408338998544,0.0,-0.0000000000000116,0.0000000000000000,0.0003529394294521,-0.0295471341064533,8.2262554236288192,3.0028451458290277,116.0847,2.8455,-118.9302,332.3206,0,2.2e-11
1.0171301828990100,0.0,-0.0000000000000018,0.0000000000000000,0.0003777600641911,-0.0295643530248300,8.2282324825874475,3.0028448602264977,111.1877,2.8953,-114.0829,323.9180,0,1.9e-11
1.0171195914833608,0.0,0.0000000000000048,0.0000000000000000,0.0004023095419713,-0.0295815487157222,8.2302063744422007,3.0028445730990598,106.3601,2.9491,-109.3093,315.6712,0,2.6e-11
1.0171090633867657,0.0,-0.0000000000000050,0.0000000000000000,0.0004265819660235,-0.0295987154904892,8.2321762068394868,3.0028442845204730,101.6052,3.0076,-104.6128,307.5843,0,6.3e-12
1.0170986022397215,0.0,0.0000000000000160,0.0000000000000000,0.0004505718487496,-0.0296158476199752,8.2341410980510936,3.0028439945714682,96.9256,3.0710,-99.9967,299.6606,0,6.0e-12
1.0170882115463786,0.0,-0.0000000000000007,0.0000000000000000,0.0004742741513656,-0.0296329393783090,8.2361001820587987,3.0028437033388262,92.3239,3.1401,-95.4640,291.9030,0,4.3e-11
1.0170779958488099,0.0,-0.0000000000000047,0.0000000000000000,0.0004974553142233,-0.0296498175349608,8.2380334295726225,3.0028434137985260,87.8463,3.2146,-91.0609,284.3878,0,1.6e-11
1.0170679540832948,0.0,0.0000000000000111,0.0000000000000000,0.0005201244153896,-0.0296664813380112,8.2399406230603987,3.0028431260210318,83.4912,3.2951,-86.7863,277.1106,0,7.3e-12
1.0170580849698880,0.0,0.0000000000000102,0.0000000000000000,0.0005422908269241,-0.0296829303217588,8.2418216004775999,3.0028428400748588,79.2569,3.3822,-82.6391,270.0664,0,3.1e-11
1.0170483870172045,0.0,-0.0000000000000058,0.0000000000000000,0.0005639641942995,-0.0296991643190340,8.2436762547554761,3.0028425560257435,75.1410,3.4768,-78.6178,263.2503,0,1.4e-12
1.0170388585289467,0.0,0.0000000000000077,0.0000000000000000,0.0005851544130396,-0.0297151834704220,8.2455045329009220,3.0028422739358587,71.1411,3.5796,-74.7207,256.6568,0,3.7e-11
1.0170294976124177,0.0,-0.0000000000000039,0.0000000000000000,0.0006058716025747,-0.0297309882276747,8.2473064345961760,3.0028419938632096,67.2543,3.6917,-70.9459,250.2803,0,6.0e-11
1.0170203021882251,0.0,-0.0000000000000186,0.0000000000000000,0.0006261260787228,-0.0297465793549027,8.2490820104429066,3.0028417158610718,63.4771,3.8142,-67.2913,244.1150,0,1.4e-11
1.0170112700017093,0.0,0.0000000000000086,0.0000000000000000,0.0006459283239223,-0.0297619579237317,8.2508313599475489,3.0028414399776411,59.8060,3.9487,-63.7547,238.1551,0,2.2e-11
1.0170023986347607,0.0,-0.0000000000000046,0.0000000000000000,0.0006652889578932,-0.0297771253083224,8.2525546291346661,3.0028411662556489,56.2368,4.0969,-60.3336,232.3944,0,9.4e-12
1.0169936855189448,0.0,-0.0000000000000011,0.0000000000000000,0.0006842187067702,-0.0297920831748282,8.2542520080511252,3.0028408947321972,52.7647,4.2609,-57.0256,226.8270,0,1.6e-11
1.0169851279488109,0.0,-0.0000000000000135,0.0000000000000000,0.0007027283732752,-0.0298068334700602,8.2559237280193098,3.0028406254386022,49.3845,4.4436,-53.8281,221.4467,0,1.5e-11
1.0169767230955142,0.0,-0.0000000000000067,0.0000000000000000,0.0007208288071324,-0.0298213784082258,8.2575700588041414,3.0028403584003271,46.0900,4.6485,-50.7384,216.2473,0,1.9e-11
1.0169684680206643,0.0,-0.0000000000000002,0.0000000000000000,0.0007385308764181,-0.0298357204552682,8.2591913057122142,3.0028400936370114,42.8739,4.8800,-47.7538,211.2227,0,2.8e-11
1.0169603596899042,0.0,0.0000000000000053,0.0000000000000000,0.0007558454401873,-0.0298498623131540,8.2607878066718623,3.0028398311625111,39.7272,5.1442,-44.8715,206.3669,0,6.5e-12
1.0169523949863915,0.0,-0.0000000000000133,0.0000000000000000,0.0007727833225292,-0.0298638069023288,8.2623599292732504,3.0028395709850413,36.6389,5.4498,-42.0887,201.6738,0,1.3e-11
1.0169445707236400,0.0,0.0000000000000020,0.0000000000000000,0.0007893552885331,-0.0298775573452092,8.2639080678905028,3.0028393131072826,33.5938,5.8087,-39.4025,197.1375,0,1.1e-11
1.0169368836583319,0.0,0.0000000000000043,0.0000000000000000,0.0008055720213397,-0.0298911169468080,8.2654326408459617,3.0028390575266544,30.5705,6.2397,-36.8103,192.7523,0,3.2e-11
1.0169293305019678,0.0,0.0000000000000073,0.0000000000000000,0.0008214441019735,-0.0299044891785535,8.2669340876595143,3.0028388042354628,27.5356,6.7735,-34.3091,188.5122,0,5.6e-11
1.0169219079321770,0.0,-0.0000000000000005,0.0000000000000000,0.0008369819905957,-0.0299176776606475,8.2684128664297223,3.0028385532211490,24.4291,7.4670,-31.8961,184.4118,0,1.0e-11
1.0169146126034161,0.0,0.0000000000000018,0.0000000000000000,0.0008521960095292,-0.0299306861442808,8.2698694513341966,3.0028383044665885,21.1193,8.4494,-29.5687,180.4456,0,1.5e-11
1.0169074411565495,0.0,0.0000000000000081,0.0000000000000000,0.0008670963288510,-0.0299435184964444,8.2713043302444351,3.0028380579502927,17.1324,10.1917,-27.3241,176.6083,0,1.0e-11
1.0169003902281146,0.0,0.0000000000000061,0.0000000000000000,0.0008816929530102,-0.0299561786831399,8.2727180024803904,3.0028378136467349,25.0118,0.1478,-25.1596,172.8946,0,7.5e-12
1.0168934564584109,0.0,-0.0000000000000027,0.0000000000000000,0.0008959957101222,-0.0299686707554092,8.2741109767791912,3.0028375715265767,22.9346,0.1381,-23.0727,169.2995,0,2.8e-11
1.0168866364990825,0.0,0.0000000000000141,0.0000000000000000,0.0009100142424242,-0.0299809988349676,8.2754837693029142,3.0028373315569534,20.9323,0.1283,-21.0607,165.8183,0,6.1e-12
1.0168799270199083,0.0,0.0000000000000014,0.0000000000000000,0.0009237579984705,-0.0299931671009405,8.2768369019072843,3.0028370937017446,19.0025,0.1186,-19.1211,162.4461,0,1.6e-11
1.0168733247148145,0.0,0.0000000000000013,0.0000000000000000,0.0009372362270344,-0.0300051797778050,8.2781709004935067,3.0028368579218219,17.1426,0.1090,-17.2516,159.1783,0,2.5e-11
1.0168668263071552,0.0,0.0000000000000018,0.0000000000000000,0.0009504579723979,-0.0300170411244913,8.2794862935152143,3.0028366241752846,15.3504,0.0994,-15.4498,156.0107,0,1.7e-11
1.0168604285544547,0.0,-0.0000000000000078,0.0000000000000000,0.0009634320708342,-0.0300287554236642,8.2807836106592028,3.0028363924177128,13.6234,0.0898,-13.7132,152.9388,0,1.2e-12
1.0168541282525072,0.0,0.0000000000000057,0.0000000000000000,0.0009761671482382,-0.0300403269721539,8.2820633816193023,3.0028361626024003,11.9596,0.0803,-12.0399,149.9588,0,2.3e-11
1.0168479222387012,0.0,-0.0000000000000041,0.0000000000000000,0.0009886716192622,-0.0300517600731355,8.2833261350303964,3.0028359346805384,10.3567,0.0708,-10.4275,147.0665,0,4.4e-11
1.0168418073950012,0.0,0.0000000000000184,0.0000000000000000,0.0010009536870362,-0.0300630590281239,8.2845723975103365,3.0028357086014341,8.8126,0.0613,-8.8740,144.2582,0,1.2e-11
1.0168357806503565,0.0,-0.0000000000000076,0.0000000000000000,0.0010130213439015,-0.0300742281301252,8.2858026928234008,3.0028354843126994,7.3254,0.0519,-7.3773,141.5303,0,7.2e-12
1.0168298389826080,0.0,0.0000000000000120,0.0000000000000000,0.0010248823729736,-0.0300852716577680,8.2870175411514406,3.0028352617604166,5.8931,0.0425,-5.9356,138.8792,0,7.6e-12
1.0168239794199183,0.0,-0.0000000000000010,0.0000000000000000,0.0010365443505119,-0.0300961938703646,8.2882174584717081,3.0028350408892899,4.5138,0.0332,-4.5470,136.3015,0,4.5e-11
1.0168181990419822,0.0,0.0000000000000007,0.0000000000000000,0.0010480146485543,-0.0301069990027782,8.2894029559987388,3.0028348216428169,3.1858,0.0238,-3.2097,133.7942,0,1.5e-11
1.0168124949806492,0.0,-0.0000000000000053,0.0000000000000000,0.0010593004384906,-0.0301176912621947,8.2905745397889206,3.0028346039633940,1.9073,0.0145,-1.9219,131.3540,0,2.8e-11
1.0168068644204082,0.0,0.0000000000000062,0.0000000000000000,0.0010704086948222,-0.0301282748244245,8.2917327103102672,3.0028343877924626,0.6767,0.0052,-0.6820,128.9779,0,8.8e-12
1.0168013045984439,0.0,0.0000000000000085,0.0000000000000000,0.0010813461994543,-0.0301387538315809,8.2928779622012971,3.0028341730705992,-0.5076,-0.0040,0.5116,126.6632,0,5.1e-11
1.0167958128044758,0.0,-0.0000000000000019,0.0000000000000000,0.0010921195462941,-0.0301491323900158,8.2940107840264741,3.0028339597376150,-1.6471,-0.0132,1.6604,124.4070,0,4.5e-11
1.0167903863804941,0.0,0.0000000000000019,0.0000000000000000,0.0011027351458950,-0.0301594145680018,8.2951316580981640,3.0028337477326721,-2.7433,-0.0225,2.7658,122.2067,0,3.2e-11
1.0167850227199446,0.0,0.0000000000000068,0.0000000000000000,0.0011131992308256,-0.0301696043957872,8.2962410603941539,3.0028335369943062,-3.7976,-0.0317,3.8293,120.0598,0,4.0e-11
1.0167797192671248,0.0,0.0000000000000010,0.0000000000000000,0.0011235178606758,-0.0301797058638334,8.2973394604896367,3.0028333274605390,-4.8113,-0.0409,4.8521,117.9639,0,7.6e-11
1.0167744735161000,0.0,0.0000000000000210,0.0000000000000000,0.0011336969276013,-0.0301897229231693,8.2984273215559305,3.0028331190689022,-5.7856,-0.0500,5.8357,115.9167,0,6.9e-12
1.0167692830098065,0.0,0.0000000000000022,0.0000000000000000,0.0011437421614630,-0.0301996594844041,8.2995051003574254,3.0028329117565331,-6.7218,-0.0592,6.7810,113.9158,0,4.2e-12
1.0167641453385456,0.0,0.0000000000000002,0.0000000000000000,0.0011536591358436,-0.0302095194195202,8.3005732473467866,3.0028327054601416,-7.6210,-0.0684,7.6894,111.9592,0,7.3e-12
1.0167590581388712,0.0,0.0000000000000126,0.0000000000000000,0.0011634532732895,-0.0302193065612841,8.3016322067811448,3.0028325001161043,-8.4843,-0.0776,8.5619,110.0448,0,5.3e-11
1.0167540190921069,0.0,-0.0000000000000040,0.0000000000000000,0.0011731298509180,-0.0302290247045601,8.3026824168178486,3.0028322956604625,-9.3127,-0.0867,9.3995,108.1707,0,1.4e-11
1.0167490259228105,0.0,0.0000000000000003,0.0000000000000000,0.0011826940061082,-0.0302386776075027,8.3037243096825808,3.0028320920289375,-10.1073,-0.0959,10.2032,106.3348,0,2.1e-11
1.0167440763971969,0.0,-0.0000000000000004,0.0000000000000000,0.0011921507420574,-0.0302482689929224,8.3047583118657098,3.0028318891569459,-10.8689,-0.1051,10.9740,104.5355,0,5.1e-11
1.0167391683214642,0.0,-0.0000000000000120,0.0000000000000000,0.0012015049333263,-0.0302578025500955,8.3057848443132229,3.0028316869795826,-11.5984,-0.1143,11.7127,102.7708,0,8.0e-12
1.0167347847294459,0.0,-0.0000000000000192,0.0000000000000000,0.0012098399236178,-0.0302663362948273,8.3067026766040204,3.0028315055607737,-12.2282,-0.1226,12.3509,101.2109,0,4.3e-11
1.0167304314222019,0.0,0.0000000000000109,0.0000000000000000,0.0012180990798569,-0.0302748288008748,8.3076150940538476,3.0028313246041831,-12.8334,-0.1310,12.9644,99.6766,0,3.9e-11
1.0167261068767872,0.0,-0.0000000000000038,0.0000000000000000,0.0012262857098937,-0.0302832826945408,8.3085223929517156,3.0028311440618607,-13.4143,-0.1393,13.5536,98.1666,0,3.7e-11
1.0167218095920869,0.0,0.0000000000000100,0.0000000000000000,0.0012344030507180,-0.0302917005853861,8.3094248665805246,3.0028309638856117,-13.9716,-0.1477,14.1193,96.6799,0,5.7e-11
1.0167175380879692,0.0,-0.0000000000000088,0.0000000000000000,0.0012424542710884,-0.0303000850665279,8.3103228053514204,3.0028307840270259,-14.5057,-0.1561,14.6618,95.2154,0,3.7e-11
1.0167132909039815,0.0,0.0000000000000194,0.0000000000000000,0.0012504424750052,-0.0303084387171753,8.3112164969688127,3.0028306044374191,-15.0172,-0.1645,15.1817,93.7720,0,4.0e-11
1.0167090665984420,0.0,0.0000000000000055,0.0000000000000000,0.0012583707043127,-0.0303167641032378,8.3121062266469572,3.0028304250678493,-15.5063,-0.1730,15.6792,92.3487,0,8.8e-12
1.0167048637472869,0.0,0.0000000000000018,0.0000000000000000,0.0012662419417622,-0.0303250637791559,8.3129922772265346,3.0028302458690908,-15.9735,-0.1814,16.1550,90.9445,0,7.0e-12
1.0167006809429351,0.0,0.0000000000000039,0.0000000000000000,0.0012740591139326,-0.0303333402897067,8.3138749294158032,3.0028300667915984,-16.4193,-0.1900,16.6092,89.5584,0,4.8e-11
1.0166965167931812,0.0,0.0000000000000044,0.0000000000000000,0.0012818250940658,-0.0303415961716945,8.3147544619634282,3.0028298877854835,-16.8439,-0.1986,17.0424,88.1895,0,1.2e-11
1.0166923699201948,0.0,-0.0000000000000053,0.0000000000000000,0.0012895427046275,-0.0303498339550896,8.3156311518250252,3.0028297088005140,-17.2476,-0.2072,17.4548,86.8368,0,2.9e-11
1.0166882389592347,0.0,0.0000000000000017,0.0000000000000000,0.0012972147203814,-0.0303580561656954,8.3165052743938066,3.0028295297860477,-17.6309,-0.2158,17.8467,85.4995,0,1.7e-11
1.0166841225577170,0.0,0.0000000000000051,0.0000000000000000,0.0013048438707093,-0.0303662653260209,8.3173771036802631,3.0028293506910377,-10.0044,-8.2140,18.2185,84.1766,0,3.4e-11
1.0166800193739975,0.0,0.0000000000000146,0.0000000000000000,0.0013124328424369,-0.0303744639576993,8.3182469125243461,3.0028291714639828,-11.5973,-6.9729,18.5703,82.8674,0,1.6e-11
1.0166759280761939,0.0,-0.0000000000000029,0.0000000000000000,0.0013199842825367,-0.0303826545836358,8.3191149728065792,3.0028289920528763,-12.5743,-6.3281,18.9023,81.5709,0,2.1e-12
1.0166718473412453,0.0,-0.0000000000000040,0.0000000000000000,0.0013275008003369,-0.0303908397290741,8.3199815556313830,3.0028288124052116,-13.3514,-5.8635,19.2149,80.2863,0,3.9e-12
1.0166677758536740,0.0,0.0000000000000019,0.0000000000000000,0.0013349849702147,-0.0303990219241851,8.3208469315701930,3.0028286324679176,-14.0121,-5.4962,19.5082,79.0129,0,5.7e-12
1.0166637123044351,0.0,-0.0000000000000018,0.0000000000000000,0.0013424393341130,-0.0304072037062274,8.3217113708693127,3.0028284521873134,-14.5908,-5.1916,19.7824,77.7497,0,1.5e-12
1.0166596553898823,0.0,0.0000000000000155,0.0000000000000000,0.0013498664037917,-0.0304153876211867,8.3225751436318536,3.0028282715090859,-15.1060,-4.9316,20.0375,76.4961,0,1.9e-11
1.0166556038105987,0.0,-0.0000000000000104,0.0000000000000000,0.0013572686632385,-0.0304235762261013,8.3234385200939496,3.0028280903782347,-15.5688,-4.7050,20.2738,75.2512,0,7.4e-12
1.0166515562702485,0.0,0.0000000000000025,0.0000000000000000,0.0013646485711059,-0.0304317720912686,8.3243017708110365,3.0028279087390297,-15.9866,-4.5047,20.4913,74.0143,0,7.3e-11
1.0166475114745199,0.0,0.0000000000000027,0.0000000000000000,0.0013720085627715,-0.0304399778021720,8.3251651668898070,3.0028277265349730,-16.3646,-4.3255,20.6900,72.7845,0,3.9e-12
1.0166434681298961,0.0,0.0000000000000094,0.0000000000000000,0.0013793510528602,-0.0304481959621230,8.3260289802238017,3.0028275437087339,-16.7064,-4.1638,20.8701,71.5612,0,5.1e-11
1.0166394249425337,0.0,0.0000000000000045,0.0000000000000000,0.0013866784373546,-0.0304564291945275,8.3268934837194948,3.0028273602020987,-17.0149,-4.0167,21.0316,70.3435,0,1.0e-11
1.0166353806172057,0.0,0.0000000000000033,0.0000000000000000,0.0013939930957010,-0.0304646801447243,8.3277589515451869,3.0028271759559426,-17.2922,-3.8821,21.1744,69.1307,0,2.4e-11
1.0166313338560657,0.0,0.0000000000000076,0.0000000000000000,0.0014012973930373,-0.0304729514829076,8.3286256593320527,3.0028269909101484,-17.5401,-3.7584,21.2985,67.9221,0,1.4e-11