x0,y0,z0,xd0,yd0,zd0,Tp,JC,stabilityIndex1,stabilityIndex2,alpha,beta,impactFlag,error
0.9855618513650799,0.0,-0.0000000000019767,0.0000000000000000,-0.0194611696823648,0.0012545616973206,4.8030914683828341,3.0036558266776852,2.000000,-1.994556,-0.0054436277809,-1.9891127384279,0,1.9e-12
0.9855630232940655,0.0,0.0000000000005410,0.0000000000000000,-0.0194594880242164,0.0015062919139603,4.8034558845645474,3.0036553795734879,2.000000,-1.994656,-0.0053435219087,-1.9893129641620,0,8.4e-13
0.9855644729671564,0.0,-0.0000000000000480,0.0000000000000000,-0.0194574082820265,0.0017687742447182,4.8039067241830153,3.0036548266109557,2.000000,-1.994782,-0.0052183572504,-1.9895633354630,0,2.2e-12
0.9855662292778616,0.0,0.0000000000004142,0.0000000000000000,-0.0194548893174948,0.0020420487879609,4.8044530117308915,3.0036541568391288,2.000000,-1.994935,-0.0050647546421,-1.9898706633031,0,5.9e-13
0.9855683219461598,0.0,0.0000000000002959,0.0000000000000000,-0.0194518889222532,0.0023260894192090,4.8051040430449694,3.0036533590176799,2.000000,-1.995121,-0.0048789260040,-1.9902425338246,0,5.5e-13
0.9855707811760984,0.0,0.0000000000000597,0.0000000000000000,-0.0194483643341478,0.0026208001021759,4.8058692817888922,3.0036524217530594,2.000000,-1.995344,-0.0046566765785,-1.9906874586742,0,2.2e-13
0.9855736372745544,0.0,0.0000000000003426,0.0000000000000000,-0.0194442728107244,0.0029260131790196,4.8067582441185204,3.0036513336498181,2.000000,-1.995607,-0.0043933317597,-1.9912148772108,0,2.4e-12
0.9855766725899753,0.0,0.0000000000000091,0.0000000000000000,-0.0194399267408111,0.0032187714924324,4.8077032585050885,3.0036501777598494,2.000001,-1.995893,-0.0041073764038,-1.9917880188114,0,7.5e-13
0.9855789784857381,0.0,-0.0000000000002524,0.0000000000000000,-0.0194366265903607,0.0034244630550741,4.8084213617907237,3.0036492999808337,2.000001,-1.996115,-0.0038859683701,-1.9922320927556,0,5.4e-13
0.9855811685754530,0.0,0.0000000000000405,0.0000000000000000,-0.0194334933877513,0.0036089664251024,4.8091035494825327,3.0036484665555543,2.000001,-1.996329,-0.0036723773794,-1.9926607998541,0,1.9e-12
0.9855835638907905,0.0,-0.0000000000002301,0.0000000000000000,-0.0194300679328914,0.0038004968186804,4.8098498284199351,3.0036475553343083,2.000002,-1.996567,-0.0034350976911,-1.9931373795759,0,1.7e-12
0.9855864581441972,0.0,0.0000000000003086,0.0000000000000000,-0.0194259308462104,0.0040197386266467,4.8107517863387379,3.0036464547281412,2.000003,-1.996859,-0.0031433098478,-1.9937239509921,0,4.6e-13
0.9855890841306187,0.0,0.0000000000002599,0.0000000000000000,-0.0194221790070970,0.0042087643046012,4.8115703606618574,3.0036454565345183,2.000003,-1.997130,-0.0028737960515,-1.9942663019151,0,1.9e-12
0.9855914876525328,0.0,-0.0000000000004353,0.0000000000000000,-0.0194187464985796,0.0043746034893309,4.8123197702623921,3.0036445432362449,2.000004,-1.997381,-0.0026231913892,-1.9947712077487,0,1.3e-12
0.9855940229638492,0.0,0.0000000000001747,0.0000000000000000,-0.0194151273217275,0.0045429602077324,4.8131104597417771,3.0036435802039558,2.000006,-1.997651,-0.0023547631337,-1.9953124977608,0,4.8e-13
0.9855964836256682,0.0,-0.0000000000001038,0.0000000000000000,-0.0194116162225902,0.0047005786545444,4.8138780530681862,3.0036426458646446,2.000007,-1.997916,-0.0020902962080,-1.9958464512680,0,4.1e-13
0.9855989052641261,0.0,-0.0000000000001167,0.0000000000000000,-0.0194081622637125,0.0048506822792162,4.8146336507955807,3.0036417266675790,2.000008,-1.998182,-0.0018262482693,-1.9963801755277,0,2.4e-12
0.9856012816202927,0.0,-0.0000000000001933,0.0000000000000000,-0.0194047742975764,0.0049935786143471,4.8153752907352221,3.0036408249717361,2.000010,-1.998446,-0.0015635096992,-1.9969118281249,0,1.9e-12
0.9856035874834265,0.0,0.0000000000001075,0.0000000000000000,-0.0194014881661330,0.0051284163312871,4.8160950923420689,3.0036399503206406,2.000011,-1.998706,-0.0013051803370,-1.9974352387177,0,6.7e-13
0.9856059796267111,0.0,0.0000000000001470,0.0000000000000000,-0.0193980804638964,0.0052646358094960,4.8168419956807949,3.0036390432508036,2.000013,-1.998980,-0.0010336679193,-1.9979860249759,0,4.0e-13
0.9856082667295277,0.0,-0.0000000000000907,0.0000000000000000,-0.0193948237189101,0.0053916425064962,4.8175562623108554,3.0036381763049613,2.000015,-1.999245,-0.0007707712456,-1.9985200709260,0,2.7e-12
0.9856106590570749,0.0,-0.0000000000001416,0.0000000000000000,-0.0193914185230417,0.0055213528244498,4.8183035582920004,3.0036372697803677,2.000018,-1.999525,-0.0004923140094,-1.9990864038099,0,7.8e-13
0.9856128245113162,0.0,0.0000000000000511,0.0000000000000000,-0.0193883374763649,0.0056361765054218,4.8189801329788606,3.0036364494960717,2.000020,-1.999783,-0.0002372430864,-1.9996058480025,0,1.7e-12
0.9856149249835388,0.0,-0.0000000000000917,0.0000000000000000,-0.0193853499970391,0.0057453513421178,4.8196365385407658,3.0036356540735190,-2.000035,2.000023,0.0000128734487,-2.0001159323688,0,2.1e-12
0.9856172437527426,0.0,-0.0000000000000837,0.0000000000000000,-0.0193820533062029,0.0058634999336311,4.8203613156787180,3.0036347762662703,-2.000318,2.000025,0.0002920927115,-2.0006860597928,0,2.0e-13
0.9856196061752038,0.0,0.0000000000001893,0.0000000000000000,-0.0193786959232698,0.0059814601658486,4.8210999024557628,3.0036338822373643,-2.000609,2.000029,0.0005798792755,-2.0012745375584,0,2.4e-12
0.9856215717968663,0.0,0.0000000000001377,0.0000000000000000,-0.0193759035137992,0.0060778528519986,4.8217145603901308,3.0036331386065753,-2.000853,2.000032,0.0008218374903,-2.0017700614747,0,1.7e-12
0.9856238615770904,0.0,0.0000000000000329,0.0000000000000000,-0.0193726518066932,0.0061882378809958,4.8224307291226509,3.0036322726085403,-2.001142,2.000035,0.0011065780686,-2.0023539894363,0,3.6e-12
0.9856260427393291,0.0,-0.0000000000000472,0.0000000000000000,-0.0193695555591944,0.0062915749272416,4.8231130708026857,3.0036314479581181,-2.001420,2.000039,0.0013806840277,-2.0029168805029,0,5.4e-13
0.9856283507387928,0.0,-0.0000000000001533,0.0000000000000000,-0.0193662805491984,0.0063990928315853,4.8238352455238820,3.0036305756382005,-2.001717,2.000043,0.0016737461841,-2.0035195973572,0,3.7e-12
0.9856302464980364,0.0,0.0000000000000643,0.0000000000000000,-0.0193635914918026,0.0064860648197153,4.8244285483958294,3.0036298593457071,-2.001963,2.000047,0.0019167474053,-2.0040201474862,0,2.1e-12
0.9856325201133542,0.0,-0.0000000000000540,0.0000000000000000,-0.0193603676409925,0.0065888477264439,4.8251402470177949,3.0036290005450517,-2.002262,2.000051,0.0022109117105,-2.0046269220546,0,3.6e-12
0.9856344008036573,0.0,0.0000000000000497,0.0000000000000000,-0.0193577019072506,0.0066726631414773,4.8257290661775718,3.0036282903767990,-2.002512,2.000055,0.0024564400995,-2.0051342113323,0,1.1e-12
0.9856366830037849,0.0,-0.0000000000000025,0.0000000000000000,-0.0193544682481083,0.0067729696088353,4.8264437335425106,3.0036274288556255,-2.002818,2.000060,0.0027570940257,-2.0057562354632,0,8.0e-13
0.9856385487475233,0.0,-0.0000000000000253,0.0000000000000000,-0.0193518256327449,0.0068538736441312,4.8270281028967199,3.0036267247579622,-2.003070,2.000065,0.0030050519198,-2.0062700309028,0,1.1e-12
0.9856408367588402,0.0,0.0000000000001352,0.0000000000000000,-0.0193485861085724,0.0069517935900920,4.8277448712722286,3.0036258615657325,-2.003382,2.000071,0.0033117827363,-2.0069065618143,0,2.9e-12
0.9856426876775020,0.0,-0.0000000000000300,0.0000000000000000,-0.0193459664064885,0.0070300017196470,4.8283248243690524,3.0036251634851681,-2.003638,2.000076,0.0035620152829,-2.0074267345553,0,1.0e-12
0.9856444814640402,0.0,0.0000000000000198,0.0000000000000000,-0.0193434283832086,0.0071049679402516,4.8288869727215253,3.0036244871321265,-2.003887,2.000081,0.0038063297325,-2.0079352659187,0,2.0e-12
0.9856466543460720,0.0,0.0000000000001169,0.0000000000000000,-0.0193403550557267,0.0071947228359290,4.8295680517500728,3.0036236680771426,-2.004192,2.000087,0.0041046459634,-2.0085570743530,0,3.5e-12
0.9856489001083681,0.0,-0.0000000000000217,0.0000000000000000,-0.0193371798871814,0.0072863168128571,4.8302721211815065,3.0036228218235492,-2.004509,2.000094,0.0044156336951,-2.0092064918075,0,2.9e-12
0.9856506941315666,0.0,-0.0000000000001712,0.0000000000000000,-0.0193346443160011,0.0073586604584424,4.8308346726762768,3.0036221459949104,-2.004765,2.000099,0.0046660010170,-2.0097301973910,0,1.3e-12
0.9856528938133718,0.0,0.0000000000000473,0.0000000000000000,-0.0193315365097540,0.0074463947778852,4.8315245558785405,3.0036213175920174,-2.005082,2.000107,0.0049753440270,-2.0103782091092,0,1.0e-12
0.9856545399276380,0.0,0.0000000000001084,0.0000000000000000,-0.0193292116006680,0.0075113737798747,4.8320409176865349,3.0036206978376727,-2.005321,2.000112,0.0052085123130,-2.0108674143813,0,2.3e-12
0.9856566922924433,0.0,0.0000000000001778,0.0000000000000000,-0.0193261727072070,0.0075954904558902,4.8327162031023034,3.0036198877075222,-2.005636,2.000120,0.0055155281761,-2.0115125933113,0,3.8e-13
0.9856583119194717,0.0,0.0000000000001206,0.0000000000000000,-0.0193238867448432,0.0076581723884199,4.8332244365917338,3.0036192782631939,-2.005874,2.000126,0.0057481616994,-2.0120021639479,0,3.5e-12
0.9856604596319751,0.0,0.0000000000000646,0.0000000000000000,-0.0193208564507171,0.0077405018616169,4.8338985003974333,3.0036184703301307,-2.006193,2.000135,0.0060587133723,-2.0126568486389,0,2.3e-13
0.9856620524609371,0.0,-0.0000000000000733,0.0000000000000000,-0.0193186098121643,0.0078009941675018,4.8343985003974330,3.0036178712989900,-2.006432,2.000141,0.0062905810171,-2.0131463517260,0,1.9e-12
0.9856636450527934,0.0,-0.0000000000000073,0.0000000000000000,-0.0193163641450829,0.0078610075477606,4.8348985003974336,3.0036172724967862,-2.006671,2.000148,0.0065236977826,-2.0136392038467,0,1.9e-13
0.9856652374077847,0.0,0.0000000000003915,0.0000000000000000,-0.0193141194493307,0.0079205528994192,4.8353985003974334,3.0036166739233900,-2.006913,2.000155,0.0067580617390,-2.0141353877301,0,3.3e-12
0.9856668295261157,0.0,0.0000000000003087,0.0000000000000000,-0.0193118757245135,0.0079796407117787,4.8358985003974331,3.0036160755786576,-2.007155,2.000162,0.0069936851121,-2.0146348584619,0,2.2e-12
0.9856684214081041,0.0,-0.0000000000001901,0.0000000000000000,-0.0193096329701078,0.0080382810895630,4.8363985003974337,3.0036154774624171,-2.007399,2.000169,0.0072305455477,-2.0151376376166,0,4.6e-13
0.9856700130539259,0.0,-0.0000000000000492,0.0000000000000000,-0.0193073911858834,0.0080964837632480,4.8368985003974334,3.0036148795745623,-2.007645,2.000176,0.0074686220124,-2.0156437435089,0,1.3e-12
0.9856716044638744,0.0,0.0000000000001647,0.0000000000000000,-0.0193051503716809,0.0081542581182011,4.8373985003974331,3.0036142819149361,-2.007892,2.000184,0.0077079208903,-2.0161531427132,0,2.7e-12
0.9856731956382434,0.0,0.0000000000004238,0.0000000000000000,-0.0193029105270042,0.0082116132079865,4.8378985003974329,3.0036136844833861,-2.008140,2.000192,0.0079484346014,-2.0166658277338,0,3.0e-12
0.9856747865771381,0.0,0.0000000000000604,0.0000000000000000,-0.0193006716515421,0.0082685577666082,4.8383985003974335,3.0036130872797844,-2.008390,2.000200,0.0081901494424,-2.0171818041261,0,1.6e-12
0.9856763772809269,0.0,-0.0000000000001356,0.0000000000000000,-0.0192984337448635,0.0083251002320426,4.8388985003974332,3.0036124903039747,-2.008641,2.000208,0.0084330470595,-2.0177010849067,0,4.5e-12
0.9856779677498542,0.0,-0.0000000000001656,0.0000000000000000,-0.0192961968069727,0.0083812487528176,4.8393985003974329,3.0036118935558154,-2.008894,2.000217,0.0086771560984,-2.0182235944046,0,1.4e-12
0.9856795579844634,0.0,0.0000000000019648,0.0000000000000000,-0.0192939608380775,0.0084370112075943,4.8398985003974335,3.0036112970351527,-2.009148,2.000226,0.0089224322071,-2.0187493953840,0,3.1e-12
0.9856811479840736,0.0,0.0000000000000804,0.0000000000000000,-0.0192917258352903,0.0084923952071905,4.8403985003974332,3.0036107007418860,-2.009404,2.000235,0.0091688566259,-2.0192785017672,0,3.4e-13
0.9856827377498324,0.0,-0.0000000000000154,0.0000000000000000,-0.0192894918008968,0.0085474081249673,4.8408985003974330,3.0036101046758232,-2.009660,2.000244,0.0094164438377,-2.0198108648864,0,2.4e-12
0.9856843272817437,0.0,-0.0000000000000108,0.0000000000000000,-0.0192872587336827,0.0086020570901224,4.8413985003974336,3.0036095088368424,-2.009919,2.000253,0.0096651922770,-2.0203464669933,0,9.1e-14
0.9856859165799378,0.0,-0.0000000000010039,0.0000000000000000,-0.0192850266334570,0.0086563490058818,4.8418985003974333,3.0036089132247938,-2.010178,2.000263,0.0099150799165,-2.0208853268462,0,8.2e-13
0.9856875056448635,0.0,0.0000000000003286,0.0000000000000000,-0.0192827954997102,0.0087102905612908,4.8423985003974330,3.0036083178395478,-2.010439,2.000273,0.0101660999772,-2.0214274369099,0,2.5e-12
0.9856890944765750,0.0,0.0000000000000303,0.0000000000000000,-0.0192805653322734,0.0087638882347436,4.8428985003974336,3.0036077226809588,-2.010702,2.000283,0.0104182495026,-2.0219727815686,0,9.1e-13
0.9856906830754349,0.0,-0.0000000000001462,0.0000000000000000,-0.0192783361309215,0.0088171483099902,4.8433985003974334,3.0036071277488676,-2.010965,2.000294,0.0106715206748,-2.0225213537480,0,1.0e-12
0.9856922714416675,0.0,-0.0000000000001532,0.0000000000000000,-0.0192761078948388,0.0088700768793746,4.8438985003974331,3.0036065330431430,-2.011230,2.000304,0.0109258897238,-2.0230731775619,0,6.3e-13
0.9856938595755306,0.0,0.0000000000006364,0.0000000000000000,-0.0192738806243423,0.0089226798509901,4.8443985003974337,3.0036059385636564,-2.011497,2.000315,0.0111813617702,-2.0236282210651,0,8.3e-13
0.9856954474772032,0.0,-0.0000000000000345,0.0000000000000000,-0.0192716543184123,0.0089749629630662,4.8448985003974334,3.0036053443102348,-2.011765,2.000327,0.0114379208687,-2.0241864932228,0,1.1e-12
0.9856970351469991,0.0,-0.0000000000002311,0.0000000000000000,-0.0192694289771802,0.0090269317823168,4.8453985003974331,3.0036047502827610,-2.012034,2.000338,0.0116955687433,-2.0247479698367,0,3.5e-13
0.9856986225848636,0.0,0.0000000000003037,0.0000000000000000,-0.0192672045983998,0.0090785917180345,4.8458985003974329,3.0036041564810918,-2.012304,2.000350,0.0119542342047,-2.0253127635612,0,1.9e-11
0.9857002097920584,0.0,0.0000000000002583,0.0000000000000000,-0.0192649811879411,0.0091299480211530,4.8463985003974335,3.0036035629050617,-2.012576,2.000362,0.0122141006855,-2.0258805065577,0,7.5e-12
0.9857017967676787,0.0,0.0000000000000669,0.0000000000000000,-0.0192627587381723,0.0091810058012845,4.8468985003974332,3.0036029695545534,-2.012849,2.000374,0.0124749140876,-2.0264516571045,0,2.4e-12
0.9857033835124493,0.0,0.0000000000001147,0.0000000000000000,-0.0192605372522691,0.0092317700188673,4.8473985003974329,3.0036023764294226,-2.013124,2.000387,0.0127368002119,-2.0270259564340,0,5.3e-12
0.9857049700266083,0.0,-0.0000000000000017,0.0000000000000000,-0.0192583167294723,0.0092822455022095,4.8478985003974335,3.0036017835295143,-2.013399,2.000400,0.0129997552995,-2.0276033900330,0,1.8e-12
0.9857065563100509,0.0,-0.0000000000052495,0.0000000000000000,-0.0192560971687637,0.0093324369492626,4.8483985003974333,3.0036011908546043,-2.013676,2.000413,0.0132638267739,-2.0281838466583,0,3.5e-11
0.9857081423640304,0.0,-0.0000000000000044,0.0000000000000000,-0.0192538785714835,0.0093823489189567,4.8488985003974330,3.0036005984048320,-2.013955,2.000426,0.0135287170566,-2.0287678671662,0,1.9e-12
0.9857097281877021,0.0,-0.0000000000027538,0.0000000000000000,-0.0192516609366997,0.0094319858661596,4.8493985003974336,3.0036000061797519,-2.014235,2.000440,0.0137947989347,-2.0293547261631,0,2.8e-11
0.9857113137818059,0.0,0.0000000000051728,0.0000000000000000,-0.0192494442612825,0.0094813521224067,4.8498985003974333,3.0035994141793716,-2.014515,2.000454,0.0140617965528,-2.0299449226929,0,1.7e-11
0.9857128991466688,0.0,-0.0000000000000394,0.0000000000000000,-0.0192472285489073,0.0095304518989738,4.8503985003974330,3.0035988224035068,-2.014798,2.000468,0.0143297269436,-2.0305384031439,0,3.5e-12
0.9857144842822834,0.0,-0.0000000000000673,0.0000000000000000,-0.0192450137977386,0.0095792893038551,4.8508985003974336,3.0035982308520257,-2.015081,2.000483,0.0145987394507,-2.0311348637869,0,7.6e-13
0.9857160691891032,0.0,-0.0000000000000677,0.0000000000000000,-0.0192428000071765,0.0096278683431676,4.8513985003974334,3.0035976395247630,-2.015366,2.000497,0.0148687304431,-2.0317344795327,0,2.2e-12
0.9857176538672415,0.0,-0.0000000000000960,0.0000000000000000,-0.0192405871772257,0.0096761929134259,4.8518985003974331,3.0035970484216330,-2.015652,2.000512,0.0151396817949,-2.0323372625440,0,1.9e-12
0.9857192383168223,0.0,0.0000000000010827,0.0000000000000000,-0.0192383753067537,0.0097242668200264,4.8523985003974337,3.0035964575424710,-2.015939,2.000528,0.0154116046246,-2.0329431697842,0,1.1e-12
0.9857208225385383,0.0,-0.0000000000000055,0.0000000000000000,-0.0192361643968186,0.0097720937755754,4.8528985003974334,3.0035958668870881,-2.016228,2.000544,0.0156844773680,-2.0335522213066,0,4.0e-13
0.9857224065322534,0.0,-0.0000000000000186,0.0000000000000000,-0.0192339544462920,0.0098196773931769,4.8533985003974331,3.0035952764554086,-2.016518,2.000560,0.0159583101246,-2.0341643760027,0,3.3e-12
0.9857239902983754,0.0,0.0000000000002472,0.0000000000000000,-0.0192317454550321,0.0098670212052173,4.8538985003974329,3.0035946862472680,-2.016809,2.000576,0.0162330590935,-2.0347796947899,0,1.9e-12
0.9857255738371244,0.0,-0.0000000000000683,0.0000000000000000,-0.0192295374227971,0.0099141286564973,4.8543985003974335,3.0035940962625234,-2.017101,2.000593,0.0165087618076,-2.0353980855718,0,7.7e-13
0.9857271571487854,0.0,0.0000000000002573,0.0000000000000000,-0.0192273303493183,0.0099610031097032,4.8548985003974332,3.0035935065010428,-2.017395,2.000610,0.0167853810105,-2.0360195968109,0,1.0e-12
0.9857287402335023,0.0,-0.0000000000006472,0.0000000000000000,-0.0192251242340211,0.0100076478487026,4.8553985003974329,3.0035929169626736,-2.017690,2.000627,0.0170629197463,-2.0366442012291,0,3.6e-12
0.9857303230916654,0.0,-0.0000000000003181,0.0000000000000000,-0.0192229190767875,0.0100540660802268,4.8558985003974335,3.0035923276472882,-2.017986,2.000644,0.0173413600940,-2.0372719112943,0,4.1e-12
0.9857319057233541,0.0,0.0000000000002251,0.0000000000000000,-0.0192207148767111,0.0101002609356009,4.8563985003974333,3.0035917385547619,-2.018283,2.000662,0.0176206661012,-2.0379027728875,0,5.1e-12
0.9857334881290366,0.0,0.0000000000000232,0.0000000000000000,-0.0192185116350845,0.0101462354762300,4.8568985003974330,3.0035911496849081,-2.018581,2.000681,0.0179009191498,-2.0385366106839,0,3.7e-12
0.9857350703088086,0.0,0.0000000000000217,0.0000000000000000,-0.0192163093500986,0.0101919926925886,4.8573985003974336,3.0035905610376266,-2.018881,2.000699,0.0181820229299,-2.0391735851093,0,3.3e-12
0.9857366522629836,0.0,0.0000000000003853,0.0000000000000000,-0.0192141080219365,0.0102375355080717,4.8578985003974333,3.0035899726127653,-2.019182,2.000718,0.0184639913326,-2.0398136478629,0,3.8e-13
0.9857382339917349,0.0,-0.0000000000002961,0.0000000000000000,-0.0192119076505641,0.0102828667791928,4.8583985003974330,3.0035893844101920,-2.019484,2.000737,0.0187468371393,-2.0404567538667,0,3.1e-12
0.9857398154954479,0.0,0.0000000000000171,0.0000000000000000,-0.0192097082350864,0.0103279893038460,4.8588985003974337,3.0035887964297467,-2.019787,2.000757,0.0190305346258,-2.0411029296856,0,3.4e-12
0.9857413967742150,0.0,0.0000000000000668,0.0000000000000000,-0.0192075097753912,0.0103729058123568,4.8593985003974334,3.0035882086713181,-2.020092,2.000777,0.0193150509230,-2.0417522148046,0,4.5e-12
0.9857429778284513,0.0,0.0000000000000897,0.0000000000000000,-0.0192053122718871,0.0104176189796152,4.8598985003974331,3.0035876211347454,-2.020397,2.000797,0.0196004443892,-2.0424044783878,0,1.1e-12
0.9857445586582931,0.0,0.0000000000000267,0.0000000000000000,-0.0192031157234452,0.0104621314218317,4.8603985003974337,3.0035870338199016,-2.020704,2.000817,0.0198866442937,-2.0430598319263,0,4.0e-12
0.9857461392640475,0.0,0.0000000000001537,0.0000000000000000,-0.0192009201300774,0.0105064456993211,4.8608985003974334,3.0035864467266431,-2.021012,2.000838,0.0201736868325,-2.0437181848800,0,1.8e-12
0.9857477196459163,0.0,0.0000000000000375,0.0000000000000000,-0.0191987254915276,0.0105505643176981,4.8613985003974332,3.0035858598548293,-2.021321,2.000860,0.0204615389840,-2.0443795783679,0,3.6e-13
0.9857492998042372,0.0,-0.0000000000000432,0.0000000000000000,-0.0191965318075125,0.0105944897309991,4.8618985003974329,3.0035852732043176,-2.021631,2.000881,0.0207501935545,-2.0450440045721,0,9.9e-13
0.9857508797391245,0.0,0.0000000000000237,0.0000000000000000,-0.0191943390774328,0.0106382243396200,4.8623985003974335,3.0035846867749965,-2.021943,2.000903,0.0210396342925,-2.0457114712295,0,1.7e-12
0.9857524594509683,0.0,0.0000000000000269,0.0000000000000000,-0.0191921473014742,0.0106817704979444,4.8628985003974332,3.0035841005666906,-2.022255,2.000925,0.0213298810206,-2.0463819204489,0,1.9e-12
0.9857540389399243,0.0,0.0000000000000060,0.0000000000000000,-0.0191899564789233,0.0107251305089709,4.8633985003974329,3.0035835145792884,-2.022569,2.000948,0.0216208938633,-2.0470554046211,0,7.2e-13
0.9857556182063282,0.0,0.0000000000002584,0.0000000000000000,-0.0191877666097905,0.0107683066307659,4.8638985003974335,3.0035829288126399,-2.022884,2.000971,0.0219126740798,-2.0477318997717,0,1.8e-12
0.9857571972503274,0.0,-0.0000000000000053,0.0000000000000000,-0.0191855776936800,0.0108113010747812,4.8643985003974333,3.0035823432666038,-2.023200,2.000994,0.0222052380960,-2.0484113540561,0,2.8e-12
0.9857587760722630,0.0,0.0000000000000211,0.0000000000000000,-0.0191833897300478,0.0108541160092555,4.8648985003974330,3.0035817579410504,-2.023517,2.001018,0.0224985291464,-2.0490938509849,0,2.2e-12
0.9857603546723750,0.0,-0.0000000000004170,0.0000000000000000,-0.0191812027191955,0.0108967535586629,4.8653985003974336,3.0035811728358235,-2.023835,2.001042,0.0227925932560,-2.0497792836630,0,1.6e-12
0.9857619330508839,0.0,0.0000000000001172,0.0000000000000000,-0.0191790166604217,0.0109392158043929,4.8658985003974333,3.0035805879508235,-2.024154,2.001067,0.0230873788041,-2.0504677268352,0,4.4e-13
0.9857635112080294,0.0,0.0000000000003837,0.0000000000000000,-0.0191768315536161,0.0109815047894793,4.8663985003974330,3.0035800032858844,-2.024475,2.001092,0.0233829064597,-2.0511591194971,0,2.1e-12
0.9857650891441387,0.0,0.0000000000000203,0.0000000000000000,-0.0191746473981197,0.0110236225180795,4.8668985003974337,3.0035794188408604,-2.024796,2.001117,0.0236791387267,-2.0518535102803,0,7.5e-13
0.9857666668594521,0.0,-0.0000000000007177,0.0000000000000000,-0.0191724641941584,0.0110655709527564,4.8673985003974334,3.0035788346156234,-2.025119,2.001142,0.0239760887903,-2.0525508534177,0,1.2e-12
0.9857682443540698,0.0,-0.0000000000000542,0.0000000000000000,-0.0191702819410720,0.0111073520187522,4.8678985003974331,3.0035782506100555,-2.025442,2.001168,0.0242737564174,-2.0532511264969,0,6.9e-13
0.9857698216284003,0.0,0.0000000000000785,0.0000000000000000,-0.0191681006387537,0.0111489676076671,4.8683985003974337,3.0035776668240035,-2.025767,2.001195,0.0245721070821,-2.0539543733211,0,6.2e-13
0.9857713986826556,0.0,0.0000000000001578,0.0000000000000000,-0.0191659202869657,0.0111904195738489,4.8688985003974334,3.0035770832573263,-2.026093,2.001222,0.0248711552763,-2.0546605446355,0,9.4e-13
0.9857729755170939,0.0,0.0000000000000102,0.0000000000000000,-0.0191637408853188,0.0112317097374170,4.8693985003974332,3.0035764999098893,-2.026420,2.001249,0.0251708735891,-2.0553696696724,0,2.2e-13
0.9857745521319593,0.0,0.0000000000000326,0.0000000000000000,-0.0191615624335548,0.0112728398845088,4.8698985003974329,3.0035759167815561,-2.026748,2.001276,0.0254712634654,-2.0560817241316,0,1.3e-12
0.9857761285275182,0.0,0.0000000000003115,0.0000000000000000,-0.0191593849313754,0.0113138117685874,4.8703985003974335,3.0035753338721927,-2.027077,2.001304,0.0257723108838,-2.0567967126529,0,3.9e-12
0.9857777047039888,0.0,0.0000000000001641,0.0000000000000000,-0.0191572083787257,0.0113546271106562,4.8708985003974332,3.0035747511816582,-2.027407,2.001332,0.0260740391529,-2.0575145689171,0,5.6e-13
0.9857792806616468,0.0,-0.0000000000000760,0.0000000000000000,-0.0191550327749923,0.0113952876016900,4.8713985003974329,3.0035741687098190,-2.027738,2.001361,0.0263763809241,-2.0582353981659,0,4.2e-12
0.9857808564008345,0.0,0.0000000000005199,0.0000000000000000,-0.0191528581201549,0.0114357949021138,4.8718985003974336,3.0035735864565321,-2.028070,2.001390,0.0266793825679,-2.0589590905911,0,3.4e-12
0.9857824319215657,0.0,0.0000000000001141,0.0000000000000000,-0.0191506844138728,0.0114761506402204,4.8723985003974333,3.0035730044216691,-2.028403,2.001420,0.0269830238819,-2.0596856636242,0,1.4e-12
0.9857840072243206,0.0,-0.0000000000001475,0.0000000000000000,-0.0191485116558350,0.0115163564191079,4.8728985003974330,3.0035724226050950,-2.028737,2.001450,0.0272872623716,-2.0604151738134,0,5.0e-13
0.9857855823092215,0.0,-0.0000000000000070,0.0000000000000000,-0.0191463398456710,0.0115564138114518,4.8733985003974336,3.0035718410066701,-2.029072,2.001480,0.0275921166890,-2.0611475647979,0,2.4e-12
0.9857871571766199,0.0,0.0000000000000309,0.0000000000000000,-0.0191441689834447,0.0115963243635017,4.8738985003974333,3.0035712596262507,-2.029408,2.001511,0.0278976034233,-2.0618827830838,0,3.6e-12
0.9857887318266987,0.0,0.0000000000000881,0.0000000000000000,-0.0191419990684244,0.0116360895939727,4.8743985003974331,3.0035706784637113,-2.029746,2.001542,0.0282036503099,-2.0626209423435,0,4.6e-13
0.9857903062597614,0.0,0.0000000000000239,0.0000000000000000,-0.0191398301007946,0.0116757109957712,4.8748985003974337,3.0035700975189066,-2.030084,2.001573,0.0285103074689,-2.0633619274949,0,2.6e-12
0.9857918804759871,0.0,-0.0000000000000054,0.0000000000000000,-0.0191376620797666,0.0117151900357557,4.8753985003974334,3.0035695167917171,-2.030423,2.001605,0.0288175177899,-2.0641058217563,0,3.6e-12
0.9857934544757131,0.0,0.0000000000000188,0.0000000000000000,-0.0191354950056419,0.0117545281567281,4.8758985003974331,3.0035689362819897,-2.030763,2.001638,0.0291253249849,-2.0648525232668,0,8.7e-13
0.9857950282591068,0.0,-0.0000000000001112,0.0000000000000000,-0.0191333288776879,0.0117937267767861,4.8763985003974337,3.0035683559895898,-2.031104,2.001671,0.0294336981365,-2.0656020666539,0,1.5e-12
0.9857966018265345,0.0,0.0000000000000720,0.0000000000000000,-0.0191311636960649,0.0118327872897507,4.8768985003974334,3.0035677759143957,-2.031447,2.001704,0.0297426172322,-2.0663544677604,0,1.5e-12
0.9857981751781684,0.0,0.0000000000000576,0.0000000000000000,-0.0191289994602241,0.0118717110671264,4.8773985003974332,3.0035671960562578,-2.031790,2.001738,0.0300520757029,-2.0671097167929,0,4.9e-13
0.9857997483142384,0.0,-0.0000000000001136,0.0000000000000000,-0.0191268361699758,0.0119104994565430,4.8778985003974329,3.0035666164150530,-2.032134,2.001772,0.0303620824997,-2.0678677748975,0,3.4e-13
0.9858013212350615,0.0,0.0000000000000016,0.0000000000000000,-0.0191246738249585,0.0119491537852694,4.8783985003974335,3.0035660369906352,-2.032479,2.001806,0.0306726143561,-2.0686286638121,0,2.3e-13
0.9858028939408665,0.0,-0.0000000000000179,0.0000000000000000,-0.0191225124251147,0.0119876753573384,4.8788985003974332,3.0035654577828717,-2.032825,2.001841,0.0309836669573,-2.0693923695204,0,9.6e-13
0.9858044664319070,0.0,0.0000000000000074,0.0000000000000000,-0.0191203519699999,0.0120260654563753,4.8793985003974329,3.0035648787916300,-2.033172,2.001877,0.0312952368645,-2.0701588767001,0,9.6e-14
0.9858060387084091,0.0,-0.0000000000005696,0.0000000000000000,-0.0191181924596347,0.0120643253448149,4.8798985003974336,3.0035643000167696,-2.033520,2.001912,0.0316073359129,-2.0709281407848,0,7.9e-12
0.9858076107707038,0.0,-0.0000000000000504,0.0000000000000000,-0.0191160338931574,0.0121024562660770,4.8803985003974333,3.0035637214581716,-2.033869,2.001949,0.0319198821743,-2.0717002920292,0,2.9e-13
0.9858091826189663,0.0,0.0000000000002013,0.0000000000000000,-0.0191138762708165,0.0121404594424142,4.8808985003974330,3.0035631431156826,-2.034218,2.001985,0.0322329381777,-2.0724751933102,0,1.1e-12
0.9858107542533960,0.0,-0.0000000000001281,0.0000000000000000,-0.0191117195922985,0.0121783360760181,4.8813985003974336,3.0035625649891937,-2.034569,2.002022,0.0325464851790,-2.0732528559825,0,1.2e-12
0.9858123256745485,0.0,0.0000000000002632,0.0000000000000000,-0.0191095638574992,0.0122160873555294,4.8818985003974333,3.0035619870785180,-2.034921,2.002060,0.0328604861432,-2.0740333280098,0,2.3e-12
0.9858138968823583,0.0,0.0000000000000065,0.0000000000000000,-0.0191074090660077,0.0122537144432918,4.8823985003974331,3.0035614093835674,-2.035273,2.002098,0.0331749699300,-2.0748165334047,0,9.3e-13
0.9858154678770839,0.0,0.0000000000000821,0.0000000000000000,-0.0191052552170233,0.0122912184885963,4.8828985003974337,3.0035608319042004,-2.035627,2.002137,0.0334898995525,-2.0756025186806,0,5.1e-13
0.9858170386591477,0.0,-0.0000000000000036,0.0000000000000000,-0.0191031023111236,0.0123286006221413,4.8833985003974334,3.0035602546402713,-2.035981,2.002176,0.0338052850950,-2.0763912425343,0,2.3e-12
0.9858186092286999,0.0,-0.0000000000001391,0.0000000000000000,-0.0191009503475635,0.0123658619565608,4.8838985003974331,3.0035596775916598,-2.036336,2.002215,0.0341210930657,-2.0771827469201,0,5.2e-13
0.9858201795860538,0.0,-0.0000000000000022,0.0000000000000000,-0.0190987993263204,0.0124030035885885,4.8843985003974337,3.0035591007582201,-2.036692,2.002255,0.0344373394310,-2.0779769779352,0,2.4e-13
0.9858217497314202,0.0,-0.0000000000000687,0.0000000000000000,-0.0190966492470729,0.0124400265974008,4.8848985003974335,3.0035585241398248,-2.037049,2.002295,0.0347540097791,-2.0787739412525,0,5.8e-13
0.9858233196648584,0.0,0.0000000000004701,0.0000000000000000,-0.0190945001083948,0.0124769320463530,4.8853985003974332,3.0035579477363532,-2.037407,2.002336,0.0350710573474,-2.0795737019148,0,1.3e-11
0.9858248893876692,0.0,0.0000000000026288,0.0000000000000000,-0.0190923519148505,0.0125137209837479,4.8858985003974329,3.0035573715476427,-2.037766,2.002377,0.0353885805258,-2.0803760550314,0,3.1e-12
0.9858264588982775,0.0,-0.0000000000000442,0.0000000000000000,-0.0190902046588175,0.0125503944411564,4.8863985003974335,3.0035567955735467,-2.038125,2.002419,0.0357064692409,-2.0811811819663,0,1.3e-12
0.9858280281983258,0.0,-0.0000000000000294,0.0000000000000000,-0.0190880583451709,0.0125869534349994,4.8868985003974332,3.0035562198139747,-2.038486,2.002461,0.0360247543992,-2.0819890036447,0,7.4e-13
0.9858295972876775,0.0,0.0000000000000369,0.0000000000000000,-0.0190859129722004,0.0126233989673302,4.8873985003974330,3.0035556442687796,-2.038847,2.002504,0.0363434135991,-2.0827995406292,0,1.4e-12
0.9858311661665582,0.0,-0.0000000000000649,0.0000000000000000,-0.0190837685397346,0.0126597320250960,4.8878985003974336,3.0035550689378256,-2.039209,2.002547,0.0366624417373,-2.0836127783188,0,2.8e-13
0.9858327348353099,0.0,0.0000000000002065,0.0000000000000000,-0.0190816250477196,0.0126959535818395,4.8883985003974333,3.0035544938209724,-2.039572,2.002591,0.0369818439317,-2.0844286860323,0,4.1e-13
0.9858343032940357,0.0,0.0000000000000536,0.0000000000000000,-0.0190794824954220,0.0127320645953340,4.8888985003974330,3.0035539189181071,-2.039936,2.002635,0.0373015923007,-2.0852472940759,0,3.8e-13
0.9858358715431134,0.0,-0.0000000000001476,0.0000000000000000,-0.0190773408830246,0.0127680660123110,4.8893985003974336,3.0035533442290627,-2.040301,2.002679,0.0376216975168,-2.0860685590354,0,8.2e-13
0.9858374395827305,0.0,0.0000000000002861,0.0000000000000000,-0.0190752002098029,0.0128039587631746,4.8898985003974333,3.0035527697537443,-2.040666,2.002724,0.0379421217831,-2.0868925298201,0,4.8e-12
0.9858390074132899,0.0,-0.0000000000000184,0.0000000000000000,-0.0190730604767335,0.0128397437668129,4.8903985003974331,3.0035521954919879,-2.041033,2.002770,0.0382629115834,-2.0877190977772,0,6.6e-13
0.9858405750348064,0.0,0.0000000000004077,0.0000000000000000,-0.0190709216820076,0.0128754219284673,4.8908985003974337,3.0035516214436884,-2.041400,2.002816,0.0385840027960,-2.0885483587133,0,2.0e-12
0.9858421424478016,0.0,0.0000000000002328,0.0000000000000000,-0.0190687838265787,0.0129109941424551,4.8913985003974334,3.0035510476086760,-2.041768,2.002862,0.0389054137063,-2.0893802576953,0,1.8e-12
0.9858437096527941,0.0,0.0000000000020932,0.0000000000000000,-0.0190666469109050,0.0129464612900583,4.8918985003974331,3.0035504739868131,-2.042137,2.002909,0.0392271776605,-2.0902147105760,0,9.9e-12
0.9858452766486793,0.0,0.0000000000001031,0.0000000000000000,-0.0190645109309931,0.0129818242322313,4.8923985003974337,3.0035499005780721,-2.042506,2.002957,0.0395491542839,-2.0910519542410,0,6.6e-13
0.9858484100179856,0.0,-0.0000000000001324,0.0000000000000000,-0.0190602417878462,0.0130522409355120,4.8933985003974341,3.0035487543991128,-2.043248,2.003053,0.0401940558848,-2.0927341518335,0,4.3e-13
0.9858515425576856,0.0,-0.0000000000000436,0.0000000000000000,-0.0190559763947553,0.0131222509633578,4.8943985003974335,3.0035476090707469,-2.043992,2.003152,0.0408400473181,-2.0944268040535,0,3.2e-12
0.9858546742700640,0.0,0.0000000000000131,0.0000000000000000,-0.0190517147513853,0.0131918608458742,4.8953985003974338,3.0035464645919117,-2.044740,2.003253,0.0414870865778,-2.0961298095428,0,1.1e-12
0.9858578051569367,0.0,0.0000000000000565,0.0000000000000000,-0.0190474568545472,0.0132610769403342,4.8963985003974333,3.0035453209615515,-2.045490,2.003355,0.0421350843707,-2.0978431567183,0,1.1e-12
0.9858609352205016,0.0,0.0000000000023130,0.0000000000000000,-0.0190432027012275,0.0133299054384413,4.8973985003974336,3.0035441781786232,-2.046244,2.003460,0.0427838744956,-2.0995669737188,0,3.4e-11
0.9858640644625437,0.0,0.0000000000000518,0.0000000000000000,-0.0190389522942026,0.0133983523607049,4.8983985003974340,3.0035430362420605,-2.047000,2.003566,0.0434337033347,-2.1013006235994,0,4.0e-12
0.9858671928853513,0.0,-0.0000000000001561,0.0000000000000000,-0.0190347056273569,0.0134664235873612,4.8993985003974334,3.0035418951508204,-2.047759,2.003675,0.0440842160600,-2.1030445851169,0,2.0e-12
0.9858703204909539,0.0,0.0000000000000423,0.0000000000000000,-0.0190304627000448,0.0135341248393240,4.9003985003974337,3.0035407549038644,-2.048521,2.003786,0.0447354238029,-2.1047986585572,0,1.8e-12
0.9858734472813814,0.0,-0.0000000000000924,0.0000000000000000,-0.0190262235109580,0.0136014616950331,4.9013985003974341,3.0035396155001246,-2.049286,2.003899,0.0453872849947,-2.1065627393551,0,1.9e-12
0.9858765732586694,0.0,-0.0000000000001032,0.0000000000000000,-0.0190219880580395,0.0136684395933848,4.9023985003974335,3.0035384769385720,-2.050054,2.004014,0.0460397202291,-2.1083367962427,0,6.4e-12
0.9858796984248667,0.0,0.0000000000000150,0.0000000000000000,-0.0190177563392356,0.0137350638391688,4.9033985003974339,3.0035373392181657,-2.050824,2.004131,0.0466926263198,-2.1101208386159,0,3.6e-13
0.9858828227821250,0.0,0.0000000000003025,0.0000000000000000,-0.0190135283537331,0.0138013396069134,4.9043985003974333,3.0035362023378482,-2.051597,2.004251,0.0473459968325,-2.1119146973503,0,1.9e-12
0.9858859463321817,0.0,0.0000000000002083,0.0000000000000000,-0.0190093040983155,0.0138672719458712,4.9053985003974336,3.0035350662965787,-2.052372,2.004372,0.0479997679393,-2.1137183108255,0,2.7e-12
0.9858890690775766,0.0,-0.0000000000000007,0.0000000000000000,-0.0190050835733146,0.0139328657831292,4.9063985003974340,3.0035339310933438,-2.053150,2.004496,0.0486538095815,-2.1155317382148,0,3.6e-12
0.9858921910200296,0.0,-0.0000000000002240,0.0000000000000000,-0.0190008667756901,0.0139981259300689,4.9073985003974334,3.0035327967270815,-2.053930,2.004622,0.0493081214338,-2.1173547989176,0,4.4e-12
0.9858953121617261,0.0,0.0000000000000588,0.0000000000000000,-0.0189966537041225,0.0140630570841732,4.9083985003974338,3.0035316631967595,-2.054713,2.004751,0.0499626254195,-2.1191874555503,0,3.1e-12
0.9858984325046808,0.0,0.0000000000000331,0.0000000000000000,-0.0189924443569422,0.0141276638328237,4.9093985003974341,3.0035305305013464,-2.055498,2.004881,0.0506172467449,-2.1210296656821,0,1.4e-12
0.9859015520510311,0.0,0.0000000000000265,0.0000000000000000,-0.0189882387327645,0.0141919506580702,4.9103985003974335,3.0035293986398042,-2.056286,2.005014,0.0512719206017,-2.1228813662249,0,2.4e-13
0.9859046708027687,0.0,-0.0000000000000042,0.0000000000000000,-0.0189840368295639,0.0142559219388188,4.9113985003974339,3.0035282676111086,-2.057075,2.005149,0.0519265802930,-2.1247424987834,0,2.5e-13
0.9859077887619923,0.0,0.0000000000000810,0.0000000000000000,-0.0189798386459802,0.0143195819548724,4.9123985003974333,3.0035271374142276,-2.057867,2.005286,0.0525811598748,-2.1266130024678,0,6.5e-13
0.9859109059307741,0.0,0.0000000000000459,0.0000000000000000,-0.0189756441805917,0.0143829348895558,4.9133985003974336,3.0035260080481319,-2.058661,2.005426,0.0532356141528,-2.1284927789591,0,3.6e-12
0.9859140223111754,0.0,0.0000000000000347,0.0000000000000000,-0.0189714534315165,0.0144459848338311,4.9143985003974340,3.0035248795117897,-2.059458,2.005568,0.0538898375574,-2.1303818392994,0,1.2e-13
0.9859171379049905,0.0,0.0000000000009463,0.0000000000000000,-0.0189672663962750,0.0145087357868171,4.9153985003974334,3.0035237518041904,-2.060256,2.005712,0.0545438149455,-2.1322800292341,0,3.2e-12
0.9859202527151323,0.0,-0.0000000000000098,0.0000000000000000,-0.0189630830766269,0.0145711916626660,4.9163985003974338,3.0035226249242841,-2.061056,2.005859,0.0551974372911,-2.1341873657166,0,7.7e-13
0.9859233667426397,0.0,0.0000000000001006,0.0000000000000000,-0.0189589034666870,0.0146333562876313,4.9173985003974341,3.0035214988710814,-2.061858,2.006008,0.0558506367845,-2.1361037923592,0,8.3e-12
0.9859264799904780,0.0,-0.0000000000000345,0.0000000000000000,-0.0189547275692430,0.0146952334080380,4.9183985003974335,3.0035203736435250,-2.062663,2.006159,0.0565034301573,-2.1380290926325,0,5.1e-13
0.9859295924601107,0.0,0.0000000000002193,0.0000000000000000,-0.0189505553795205,0.0147568266888016,4.9193985003974339,3.0035192492406360,-2.063469,2.006313,0.0571556354509,-2.1399634192517,0,1.0e-11
0.9859327041538340,0.0,-0.0000000000000524,0.0000000000000000,-0.0189463868976307,0.0148181397190704,4.9203985003974333,3.0035181256613499,-2.064276,2.006469,0.0578073163216,-2.1419064705767,0,3.7e-13
0.9859358150737163,0.0,-0.0000000000004890,0.0000000000000000,-0.0189422221216967,0.0148791760115036,4.9213985003974337,3.0035170029046747,-2.065086,2.006628,0.0584583349554,-2.1438583161452,0,9.2e-12
0.9859389252218160,0.0,0.0000000000000244,0.0000000000000000,-0.0189380610497203,0.0149399390058792,4.9223985003974340,3.0035158809696241,-2.065897,2.006789,0.0591085658888,-2.1458190026129,0,1.3e-12
0.9859420346004695,0.0,-0.0000000000005979,0.0000000000000000,-0.0189339036824071,0.0150004320722168,4.9233985003974334,3.0035147598551273,-2.066710,2.006952,0.0597580783180,-2.1477882171985,0,9.0e-12
0.9859451432111517,0.0,0.0000000000000284,0.0000000000000000,-0.0189297500146232,0.0150606585103122,4.9243985003974338,3.0035136395602287,-2.067525,2.007118,0.0604066783715,-2.1497661333011,0,1.0e-12
0.9859482510565084,0.0,-0.0000000000000100,0.0000000000000000,-0.0189256000481937,0.0151206215542149,4.9253985003974341,3.0035125200838810,-2.068341,2.007286,0.0610543958839,-2.1517525087922,0,1.0e-12
0.9859513581384749,0.0,-0.0000000000001489,0.0000000000000000,-0.0189214537807876,0.0151803243726855,4.9263985003974335,3.0035114014250852,-2.069158,2.007457,0.0617011438381,-2.1537473195466,0,2.2e-12
0.9859544644591339,0.0,0.0000000000000483,0.0000000000000000,-0.0189173112110032,0.0152397700715121,4.9273985003974339,3.0035102835828269,-2.069978,2.007631,0.0623468479150,-2.1557505163924,0,4.1e-12
0.9859575700205161,0.0,-0.0000000000000787,0.0000000000000000,-0.0189131723370929,0.0152989616943084,4.9283985003974333,3.0035091665561251,-2.070798,2.007807,0.0629914001540,-2.1577621119204,0,5.5e-12
0.9859606748248499,0.0,-0.0000000000000252,0.0000000000000000,-0.0189090371589781,0.0153579022261422,4.9293985003974337,3.0035080503439366,-2.071620,2.007985,0.0636348540652,-2.1597818214321,0,4.6e-12
0.9859637788741629,0.0,0.0000000000003050,0.0000000000000000,-0.0189049056737783,0.0154165945943317,4.9303985003974340,3.0035069349452805,-2.072443,2.008166,0.0642770311652,-2.1618097872133,0,2.4e-12
0.9859668821704821,0.0,0.0000000000001143,0.0000000000000000,-0.0189007778813265,0.0154750416668594,4.9313985003974334,3.0035058203591651,-2.073267,2.008350,0.0649179127526,-2.1638458553351,0,1.5e-12
0.9859699847164802,0.0,0.0000000000014688,0.0000000000000000,-0.0188966537812729,0.0155332462638768,4.9323985003974338,3.0035047065844998,-2.074093,2.008536,0.0655575351495,-2.1658897745403,0,2.8e-11
0.9859730865127451,0.0,-0.0000000000000572,0.0000000000000000,-0.0188925333679569,0.0155912111365092,4.9333985003974341,3.0035035936205179,-2.074920,2.008724,0.0661955233834,-2.1679420432704,0,3.1e-13
0.9859761875628882,0.0,-0.0000000000002984,0.0000000000000000,-0.0188884166447511,0.0156489390041763,4.9343985003974336,3.0035024814660036,-2.075748,2.008916,0.0668321001019,-2.1700020678309,0,8.3e-12
0.9859792878691273,0.0,-0.0000000000016237,0.0000000000000000,-0.0188843036116007,0.0157064325275707,4.9353985003974339,3.0035013701198818,-2.076577,2.009109,0.0674673293953,-2.1720695424144,0,4.2e-11
0.9859823874314327,0.0,-0.0000000000010334,0.0000000000000000,-0.0188801942591023,0.0157636943001879,4.9363985003974333,3.0035002595816040,-2.077407,2.009306,0.0681006105059,-2.1741453810898,0,2.3e-12
0.9859854862551730,0.0,0.0000000000003675,0.0000000000000000,-0.0188760885959664,0.0158207269070279,4.9373985003974337,3.0034991498496288,-2.078237,2.009505,0.0687323678472,-2.1762286177481,0,2.7e-12
0.9859885843393739,0.0,-0.0000000000002193,0.0000000000000000,-0.0188719866142419,0.0158775328420641,4.9383985003974340,3.0034980409233416,-2.079069,2.009707,0.0693624009292,-2.1783194312216,0,3.3e-12
0.9859916816881065,0.0,-0.0000000000000350,0.0000000000000000,-0.0188678883162682,0.0159341145862633,4.9393985003974334,3.0034969328015824,-2.079902,2.009911,0.0699905946722,-2.1804178439405,0,1.2e-12
0.9859947783027695,0.0,-0.0000000000000271,0.0000000000000000,-0.0188637936992895,0.0159904745611984,4.9403985003974338,3.0034958254833959,-2.080735,2.010118,0.0706169285525,-2.1825237055213,0,1.4e-12
0.9859978741856408,0.0,-0.0000000000001292,0.0000000000000000,-0.0188597027628366,0.0160466151478679,4.9413985003974341,3.0034947189678070,-2.081569,2.010328,0.0712413086937,-2.1846369970296,0,3.4e-12
0.9860009693387106,0.0,0.0000000000000976,0.0000000000000000,-0.0188556155058589,0.0161025386842866,4.9423985003974336,3.0034936132538368,-2.082404,2.010540,0.0718637347016,-2.1867575322114,0,3.7e-12
0.9860040637642009,0.0,0.0000000000000430,0.0000000000000000,-0.0188515319267844,0.0161582474697637,4.9433985003974339,3.0034925083404880,-2.083240,2.010756,0.0724840559908,-2.1888853958244,0,7.0e-13
0.9860071574642025,0.0,0.0000000000000225,0.0000000000000000,-0.0188474520248184,0.0162137437612698,4.9443985003974333,3.0034914042267817,-2.084076,2.010973,0.0731022784394,-2.1910203870500,0,1.8e-12
0.9860102504408246,0.0,0.0000000000000921,0.0000000000000000,-0.0188433757990778,0.0162690297766204,4.9453985003974337,3.0034903009117437,-2.084912,2.011194,0.0737183184866,-2.1931624694502,0,5.9e-12
0.9860133426962702,0.0,0.0000000000000769,0.0000000000000000,-0.0188393032480301,0.0163241076971729,4.9463985003974340,3.0034891983943885,-2.085749,2.011417,0.0743320637053,-2.1953116576705,0,2.7e-12
0.9860164342325519,0.0,0.0000000000000068,0.0000000000000000,-0.0188352343710004,0.0163789796651037,4.9473985003974335,3.0034880966737201,-2.086587,2.011643,0.0749435431934,-2.1974677097458,0,2.6e-12
0.9860195250518373,0.0,0.0000000000001489,0.0000000000000000,-0.0188311691668670,0.0164336477861006,4.9483985003974338,3.0034869957487964,-2.087425,2.011872,0.0755526402893,-2.1996306454657,0,5.4e-12
0.9860226151562218,0.0,0.0000000000000974,0.0000000000000000,-0.0188271076341831,0.0164881141314870,4.9493985003974341,3.0034858956186334,-2.088263,2.012103,0.0761592487620,-2.2018004700127,0,3.8e-12
0.9860257045480287,0.0,0.0000000000002941,0.0000000000000000,-0.0188230497728062,0.0165423807383776,4.9503985003974336,3.0034847962822222,-2.089101,2.012338,0.0767633791939,-2.2039769716911,0,7.3e-12
0.9860287932292862,0.0,-0.0000000000000124,0.0000000000000000,-0.0188189955822768,0.0165964496066190,4.9513985003974339,3.0034836977386297,-2.089940,2.012575,0.0773649883445,-2.2061600383483,0,2.4e-12
0.9860318812020463,0.0,-0.0000000000001055,0.0000000000000000,-0.0188149450601047,0.0166503227072079,4.9523985003974333,3.0034825999868597,-2.090779,2.012815,0.0779639397256,-2.2083497274028,0,3.7e-12
0.9860349684684969,0.0,-0.0000000000000191,0.0000000000000000,-0.0188108982060126,0.0167040019750860,4.9533985003974337,3.0034815030259843,-2.091618,2.013057,0.0785601696553,-2.2105459619277,0,3.7e-12
0.9860380550307234,0.0,0.0000000000003863,0.0000000000000000,-0.0188068550191320,0.0167574893166468,4.9543985003974340,3.0034804068549787,-2.092456,2.013303,0.0791537210794,-2.2127484735359,0,8.9e-12
0.9860411408911081,0.0,0.0000000000000651,0.0000000000000000,-0.0188028154987680,0.0168107866057452,4.9553985003974335,3.0034793114729204,-2.093295,2.013551,0.0797443675445,-2.2149574810078,0,2.9e-13
0.9860442260515213,0.0,-0.0000000000001395,0.0000000000000000,-0.0187987796437172,0.0168638956857393,4.9563985003974338,3.0034782168788281,-2.094134,2.013802,0.0803321671771,-2.2171726858446,0,1.2e-12
0.9860473105142851,0.0,0.0000000000000453,0.0000000000000000,-0.0187947474532868,0.0169168183722884,4.9573985003974341,3.0034771230717237,-2.094973,2.014056,0.0809170427987,-2.2193940356693,0,2.0e-12
0.9860513887669954,0.0,0.0000000000000267,0.0000000000000000,-0.0187894203529998,0.0169865274254977,4.9587210388485241,3.0034756776768199,-2.096082,2.014397,0.0816859241791,-2.2223412348012,0,2.1e-12
0.9860556651595337,0.0,-0.0000000000000087,0.0000000000000000,-0.0187838396217973,0.0170593029612300,4.9601082543518018,3.0034741630716799,-2.097245,2.014759,0.0824866075113,-2.2254438137453,0,4.6e-12
0.9860601490461742,0.0,0.0000000000000359,0.0000000000000000,-0.0187779938187450,0.0171352619721819,4.9615632412839945,3.0034725760914398,-2.098465,2.015145,0.0833198172443,-2.2287101694608,0,6.6e-13
0.9860648501987100,0.0,-0.0000000000000136,0.0000000000000000,-0.0187718710482623,0.0172145244507044,4.9630892360220216,3.0034709134404087,-2.099742,2.015556,0.0841862911962,-2.2321489848691,0,2.2e-12
0.9860697788232012,0.0,0.0000000000000004,0.0000000000000000,-0.0187654589471427,0.0172972133547754,4.9646896229972004,3.0034691716878945,-2.101081,2.015995,0.0850865804691,-2.2357695759569,0,4.8e-13
0.9860749455773860,0.0,0.0000000000000000,0.0000000000000000,-0.0187587446729067,0.0173834545654697,4.9663679409884631,3.0034673472639621,-2.102484,2.016463,0.0860211934414,-2.2395816105973,0,7.0e-13
0.9860803615885682,0.0,-0.0000000000000117,0.0000000000000000,-0.0187517148915827,0.0174733768344816,4.9681278896607717,3.0034654364552140,-2.103953,2.016963,0.0869904825854,-2.2435952875018,0,3.7e-13
0.9860860384722663,0.0,0.0000000000000128,0.0000000000000000,-0.0187443557665818,0.0175671117242793,4.9699733363604883,3.0034634354004988,-2.105491,2.017497,0.0879946402913,-2.2478213051531,0,6.5e-13
0.9860919883513010,0.0,-0.0000000000000489,0.0000000000000000,-0.0187366529476886,0.0176647935364332,4.9719083231911183,3.0034613400866847,-2.107101,2.018067,0.0890336578733,-2.2522708998925,0,2.0e-12
0.9860982238759352,0.0,0.0000000000000532,0.0000000000000000,-0.0187285915602025,0.0177665592370452,4.9739370743492541,3.0034591463443174,-2.108785,2.018677,0.0901073347705,-2.2569557662332,0,2.0e-12
0.9861047582442962,0.0,0.0000000000000358,0.0000000000000000,-0.0187201561954650,0.0178725483668561,4.9760640037938222,3.0034568498434155,-2.110545,2.019330,0.0912151177731,-2.2618882842760,0,2.1e-12
0.9861116052239326,0.0,0.0000000000000118,0.0000000000000000,-0.0187113309018303,0.0179829029487539,4.9782937232101219,3.0034544460891768,-2.112386,2.020029,0.0923562434147,-2.2670811792292,0,8.5e-13
0.9861172018302795,0.0,-0.0000000000000135,0.0000000000000000,-0.0187041276449040,0.0180725779903277,4.9801170410430418,3.0034524832888705,-2.113886,2.020612,0.0932735183600,-2.2713437147801,0,2.1e-13
0.9861239691611426,0.0,0.0000000000000127,0.0000000000000000,-0.0186954300986096,0.0181803892970487,4.9823227038397597,3.0034501122910298,-2.115694,2.021331,0.0943635214149,-2.2765186304484,0,1.1e-12
0.9861310600488468,0.0,0.0000000000000037,0.0000000000000000,-0.0186863314615303,0.0182926366462973,4.9846349142565334,3.0034476307413231,-2.117583,2.022100,0.0954824169693,-2.2819643688164,0,1.0e-12
0.9861384893486649,0.0,0.0000000000000212,0.0000000000000000,-0.0186768148441156,0.0184094665698746,4.9870586649319000,3.0034450338462877,-2.119553,2.022924,0.0966283936207,-2.2876944634419,0,4.7e-13
0.9861447079067331,0.0,-0.0000000000000060,0.0000000000000000,-0.0186688619647084,0.0185066583514078,4.9890883509182906,3.0034428625934781,-2.121194,2.023628,0.0975662314855,-2.2925090956715,0,1.2e-12
0.9861520489954425,0.0,-0.0000000000000272,0.0000000000000000,-0.0186594885866845,0.0186207048421937,4.9914855054466143,3.0034403022538942,-2.123124,2.024476,0.0986475327656,-2.2982132189450,0,7.8e-13
0.9861597402763486,0.0,0.0000000000000010,0.0000000000000000,-0.0186496856702720,0.0187394047351257,4.9939982617458929,3.0034376230943742,-2.125134,2.025384,0.0997494919679,-2.3042118277643,0,8.1e-13
0.9861662160135979,0.0,-0.0000000000000122,0.0000000000000000,-0.0186414460400840,0.0188387316292779,4.9961148826281754,3.0034353699874310,-2.126816,2.026164,0.1006520259160,-2.3092790890873,0,1.6e-12
0.9861738156384097,0.0,0.0000000000000252,0.0000000000000000,-0.0186317927943982,0.0189545943758014,4.9985999908528784,3.0034327289188130,-2.128779,2.027098,0.1016808656117,-2.3152439688463,0,2.6e-12
0.9861817776577756,0.0,0.0000000000000070,0.0000000000000000,-0.0186216982952963,0.0190751825073011,5.0012049144016348,3.0034299654714505,-2.130821,2.028098,0.1027226085136,-2.3215128310666,0,3.4e-13
0.9861884177906928,0.0,0.0000000000000136,0.0000000000000000,-0.0186132947056135,0.0191751353143210,5.0033783760109278,3.0034276636133583,-2.132511,2.028949,0.1035623280548,-2.3267549366296,0,2.0e-12
0.9861962848784300,0.0,-0.0000000000000415,0.0000000000000000,-0.0186033560126758,0.0192928462634159,5.0059546356511415,3.0034249397088542,-2.134498,2.029976,0.1045220204111,-2.3329807446216,0,4.2e-12
0.9862045270146061,0.0,0.0000000000000123,0.0000000000000000,-0.0185929641851959,0.0194153561668359,5.0086550853166241,3.0034220897759396,-2.136562,2.031076,0.1054853798468,-2.3395191713441,0,1.2e-12
0.9862131613759254,0.0,0.0000000000000255,0.0000000000000000,-0.0185821006208662,0.0195428208749192,5.0114855353569467,3.0034191084271251,-2.138701,2.032254,0.1064471236105,-2.3463838561576,0,2.3e-12
0.9862204238314832,0.0,-0.0000000000000008,0.0000000000000000,-0.0185729812889440,0.0196493519925086,5.0138674292581396,3.0034166041179753,-2.140482,2.033265,0.1072173701893,-2.3521682065384,0,7.2e-13
0.9862289536826998,0.0,-0.0000000000000028,0.0000000000000000,-0.0185622917579679,0.0197736941728117,5.0166663497577932,3.0034136666697440,-2.142552,2.034476,0.1080757183092,-2.3589720436088,0,4.7e-13
0.9862378894255392,0.0,0.0000000000000064,0.0000000000000000,-0.0185511182918075,0.0199030657266462,5.0196000105592988,3.0034105939626272,-2.144693,2.035773,0.1089198083223,-2.3661089067821,0,1.2e-12
0.9862472496168283,0.0,0.0000000000000210,0.0000000000000000,-0.0185394413461475,0.0200376274743308,5.0226747078447209,3.0034073802663981,-2.146904,2.037162,0.1097418063919,-2.3735920956393,0,7.4e-13
0.9862566652562500,0.0,0.0000000000000064,0.0000000000000000,-0.0185277235117594,0.0201720199243319,5.0257693416420768,3.0034041526642472,-2.149094,2.038591,0.1105026973707,-2.3811239957156,0,1.8e-12
0.9862646759496235,0.0,-0.0000000000000044,0.0000000000000000,-0.0185177765863470,0.0202856103423338,5.0284035577359409,3.0034014107227018,-2.150929,2.039832,0.1110965431104,-2.3875331255813,0,2.1e-13
0.9862739763673005,0.0,-0.0000000000000035,0.0000000000000000,-0.0185062542141109,0.0204166412308926,5.0314634175997952,3.0033982320123020,-2.153024,2.041302,0.1117227230243,-2.3949725120066,0,1.1e-12
0.9862837188159248,0.0,-0.0000000000000196,0.0000000000000000,-0.0184942143300194,0.0205529410610123,5.0346704540274176,3.0033949076289139,-2.155179,2.042875,0.1123038999432,-2.4027602712895,0,5.0e-13
0.9862939235049965,0.0,0.0000000000000134,0.0000000000000000,-0.0184816364342198,0.0206946765996064,5.0380315441222461,3.0033914314552104,-2.157388,2.044559,0.1128284138986,-2.4109078104374,0,6.0e-13
0.9863028153083796,0.0,0.0000000000000156,0.0000000000000000,-0.0184707046227738,0.0208173334120984,5.0409617709770940,3.0033884074697137,-2.159272,2.046058,0.1132133824296,-2.4179956404356,0,1.5e-12
0.9863128934232156,0.0,0.0000000000000212,0.0000000000000000,-0.0184583458866655,0.0209554228413198,5.0442846687015850,3.0033849856283328,-2.161358,2.047792,0.1135665269109,-2.4260122733415,0,2.8e-12
0.9863234499442830,0.0,0.0000000000000194,0.0000000000000000,-0.0184454366434870,0.0210990259012872,5.0477672483889418,3.0033814077346883,-2.163487,2.049648,0.1138392858361,-2.4343857392495,0,1.2e-12
0.9863345067451064,0.0,0.0000000000000311,0.0000000000000000,-0.0184319555367266,0.0212483148920101,5.0514169701660361,3.0033776672950014,-2.165651,2.051635,0.1140156373049,-2.4431245266287,0,8.2e-13
0.9863440965761135,0.0,-0.0000000000000223,0.0000000000000000,-0.0184202963174599,0.0213768874683518,5.0545841755063297,3.0033744289403179,-2.167471,2.053395,0.1140757493089,-2.4506732669524,0,6.1e-13
0.9863550154029813,0.0,-0.0000000000000058,0.0000000000000000,-0.0184070591810607,0.0215222697275518,5.0581922106777020,3.0033707483939542,-2.169476,2.055440,0.1140366203408,-2.4592282456055,0,7.3e-13
0.9863664521004266,0.0,-0.0000000000000132,0.0000000000000000,-0.0183932377229196,0.0216734184158780,5.0619735116121065,3.0033669008214461,-2.171498,2.057629,0.1138698479814,-2.4681372626933,0,8.8e-13
0.9863784303721771,0.0,-0.0000000000000079,0.0000000000000000,-0.0183788098147022,0.0218305117223050,5.0659361759376171,3.0033628793359086,-2.173526,2.059972,0.1135537074137,-2.4774040287762,0,8.3e-13
0.9863909749750205,0.0,0.0000000000000167,0.0000000000000000,-0.0183637528462993,0.0219937303174694,5.0700886697476744,3.0033586768201737,-2.175547,2.062484,0.1130634638969,-2.4870299450400,0,1.4e-12
0.9864021514971253,0.0,-0.0000000000000027,0.0000000000000000,-0.0183503840375126,0.0221380499242219,5.0737903925128665,3.0033549404817617,-2.177256,2.064769,0.1124861044282,-2.4955305364182,0,1.5e-12
0.9864145366187171,0.0,0.0000000000000151,0.0000000000000000,-0.0183356206669257,0.0222967914678254,5.0778946586669687,3.0033508087768390,-2.179044,2.067356,0.1116878470693,-2.5048586242051,0,1.0e-12
0.9864275081491927,0.0,-0.0000000000000086,0.0000000000000000,-0.0183202163241221,0.0224617416212259,5.0821957298427369,3.0033464912384442,-2.180794,2.070125,0.1106688842341,-2.5145151566754,0,1.4e-12
0.9864410929787802,0.0,-0.0000000000000077,0.0000000000000000,-0.0183041478417055,0.0226330876305558,5.0867028051455483,3.0033419803314159,-2.182487,2.073091,0.1093961260713,-2.5244923819879,0,3.7e-13
0.9864553192168388,0.0,-0.0000000000000170,0.0000000000000000,-0.0182873916856448,0.0228110192967482,5.0914255056418583,3.0033372682772090,-2.184100,2.076268,0.1078321118824,-2.5347779344989,0,1.2e-12
0.9864672643162266,0.0,0.0000000000000178,0.0000000000000000,-0.0182733789138652,0.0229592567726279,5.0953931019347269,3.0033333211621120,-2.185325,2.078993,0.1063318623740,-2.5432749312394,0,6.6e-13
0.9864799055075292,0.0,0.0000000000000025,0.0000000000000000,-0.0182586062826018,0.0231149998802130,5.0995940003404998,3.0033291533731958,-2.186487,2.081933,0.1045540712451,-2.5521179885668,0,2.9e-12
0.9864931481741007,0.0,0.0000000000000013,0.0000000000000000,-0.0182431938388557,0.0232769286371975,5.1039970209677010,3.0033247976048907,-2.187551,2.085074,0.1024774900351,-2.5612058994980,0,1.6e-12
0.9865070201787695,0.0,-0.0000000000000117,0.0000000000000000,-0.0182271187682017,0.0234452363197133,5.1086116684759011,3.0033202461950470,-2.188494,2.088432,0.1000620941508,-2.5705190409180,0,6.5e-13
0.9865215506739505,0.0,0.0000000000000047,0.0000000000000000,-0.0182103579575948,0.0236201192708694,5.1134478874205476,3.0033154912317634,-2.189285,2.092022,0.0972626654199,-2.5800318101311,0,1.7e-12
0.9865367701712499,0.0,0.0000000000000051,0.0000000000000000,-0.0181928880615722,0.0238017768777389,5.1185160835544119,3.0033105245494456,-2.189891,2.095863,0.0940282676637,-2.5897112440201,0,1.5e-12
0.9865527106169087,0.0,0.0000000000000040,0.0000000000000000,-0.0181746855802354,0.0239904115640136,5.1238271463892655,3.0033053377251031,-2.190274,2.099973,0.0903015520974,-2.5995156065124,0,1.8e-12
0.9865694054739709,0.0,0.0000000000000078,0.0000000000000000,-0.0181557269513721,0.0241862288032732,5.1293924731151854,3.0032999220748566,-2.190389,2.104372,0.0860177918082,-2.6093930513946,0,5.3e-13
0.9865868898121033,0.0,-0.0000000000000045,0.0000000000000000,-0.0181359886601236,0.0243894371566023,5.1352239939871271,3.0032942686506616,-2.190186,2.109081,0.0811041259161,-2.6192794542871,0,3.0e-12
0.9866033689670344,0.0,0.0000000000000136,0.0000000000000000,-0.0181174958988854,0.0245792535230803,5.1407229151869105,3.0032889574697483,-2.189679,2.113616,0.0760635819604,-2.6281401570688,0,1.8e-12
0.9866206309445654,0.0,-0.0000000000000030,0.0000000000000000,-0.0180982413404655,0.0247763491781242,5.1464856417335181,3.0032834119793255,-2.188811,2.118463,0.0703479895474,-2.6369158546579,0,1.1e-12
0.9866387124757067,0.0,0.0000000000000088,0.0000000000000000,-0.0180782022536485,0.0249809395847136,5.1525246009847283,3.0032776230202818,-2.187520,2.123647,0.0638727105748,-2.6455190499862,0,6.4e-13
0.9866576521194346,0.0,-0.0000000000000106,0.0000000000000000,-0.0180573562669395,0.0251932438047457,5.1588528075446289,3.0032715811609747,-2.185734,2.129191,0.0565425567742,-2.6538445548821,0,2.5e-12
0.9866774903842943,0.0,-0.0000000000000032,0.0000000000000000,-0.0180356815520179,0.0254134846360982,5.1654838935501219,3.0032652766946266,-2.183372,2.135122,0.0482505035730,-2.6617663661837,0,4.3e-13
0.9866978541632567,0.0,-0.0000000000000124,0.0000000000000000,-0.0180136058417884,0.0256373420423978,5.1722931155199765,3.0032588309463750,-2.180410,2.141339,0.0390708702257,-2.6689961770384,0,4.9e-13
0.9867132438850381,0.0,-0.0000000000000061,0.0000000000000000,-0.0179970403733565,0.0258050634539702,5.1774405780589996,3.0032539770035083,-2.177798,2.146122,0.0316755942836,-2.6738207578050,0,5.6e-13
0.9867295424355405,0.0,0.0000000000000005,0.0000000000000000,-0.0179796089070118,0.0259813509006055,5.1828932080228771,3.0032488527860743,-2.174673,2.151267,0.0234061426723,-2.6783007508526,0,4.9e-13
0.9867466260146989,0.0,-0.0000000000000007,0.0000000000000000,-0.0179614633706911,0.0261646796334086,5.1886095844640989,3.0032434999098050,-2.170991,2.156743,0.0142475876828,-2.6822706311133,0,4.7e-13
0.9867645323931435,0.0,0.0000000000000041,0.0000000000000000,-0.0179425836471251,0.0263552769622300,5.1946022790667534,3.0032379092529311,-2.166675,2.162575,0.0040999272658,-2.6855983256065,0,2.3e-12
0.9867833013001936,0.0,-0.0000000000000069,0.0000000000000000,-0.0179229502390396,0.0265533750241211,5.2008844641176646,3.0032320714121723,2.168786,-2.161637,-0.0071484976122,-2.6881290954123,0,9.3e-13
0.9868029745610011,0.0,0.0000000000000035,0.0000000000000000,-0.0179025444947615,0.0267592109536514,5.2074699433579807,3.0032259766996754,2.175401,-2.155778,-0.0196222925641,-2.6896817258921,0,1.2e-12
0.9868235962489965,0.0,-0.0000000000000059,0.0000000000000000,-0.0178813488744960,0.0269730270952949,5.2143731847919632,3.0032196151404995,2.182446,-2.148985,-0.0334606338095,-2.6900444470566,0,1.2e-12
0.9868452128573608,0.0,-0.0000000000000003,0.0000000000000000,-0.0178593472645727,0.0271950712791783,5.2216093555871481,3.0032129764703157,2.189950,-2.141131,-0.0488189577160,-2.6889699734510,0,1.6e-12
0.9868678734919476,0.0,-0.0000000000000040,0.0000000000000000,-0.0178365253491778,0.0274255971632269,5.2291943592566961,3.0032060501336066,2.197942,-2.132071,-0.0658708383267,-2.6861697393714,0,5.7e-13
0.9868916300898107,0.0,-0.0000000000000004,0.0000000000000000,-0.0178128710510537,0.0276648646580315,5.2371448753093439,3.0031988252823196,2.206454,-2.121643,-0.0848102109337,-2.6813074617987,0,1.4e-12
0.9869165376679526,0.0,0.0000000000000036,0.0000000000000000,-0.0177883750553928,0.0279131404493247,5.2454784015810922,3.0031912907750260,2.215516,-2.109662,-0.1058537173834,-2.6739914453203,0,1.2e-12
0.9869426546085406,0.0,0.0000000000000082,0.0000000000000000,-0.0177630314338688,0.0281706986418332,5.2542132994735526,3.0031834351765028,2.225164,-2.095920,-0.1292433020986,-2.6637656501961,0,1.8e-12
0.9869660904759128,0.0,0.0000000000000074,0.0000000000000000,-0.0177405937525098,0.0283994572210213,5.2620479061176999,3.0031764253040718,2.233940,-2.082538,-0.1514020741226,-2.6522632189649,0,3.1e-13
0.9869919459499001,0.0,0.0000000000000074,0.0000000000000000,-0.0177161808004826,0.0286493037641310,5.2706865693401808,3.0031687351883440,2.243744,-2.066595,-0.1771494935392,-2.6369092831359,0,1.2e-12
0.9870190702678512,0.0,-0.0000000000000004,0.0000000000000000,-0.0176909633408052,0.0289086232627893,5.2797427166546917,3.0031607171339667,2.254158,-2.048513,-0.2056447498086,-2.6176723703437,0,1.1e-12
0.9870475303582261,0.0,-0.0000000000000046,0.0000000000000000,-0.0176649478350185,0.0291777158153835,5.2892365081782629,3.0031523591661218,2.265214,-2.028019,-0.2371957388892,-2.5938972311214,0,1.5e-12
0.9870733012798137,0.0,0.0000000000000016,0.0000000000000000,-0.0176417922908597,0.0294187938877028,5.2978247538425958,3.0031448399442628,2.275330,-2.008091,-0.2672398222429,-2.5690692536425,0,2.4e-12
0.9870905659920023,0.0,-0.0000000000000042,0.0000000000000000,-0.0176264979650357,0.0295789500214435,5.3035732284665205,3.0031398288717459,2.282158,-1.994001,-0.2881570333961,-2.5506239973830,0,2.8e-12
0.9871086923169619,0.0,-0.0000000000000167,0.0000000000000000,-0.0176106323620699,0.0297459527390583,5.3096038215957009,3.0031345905771745,2.289366,-1.978562,-0.3108038857758,-2.5296512337873,0,1.2e-12
0.9871277249775209,0.0,-0.0000000000000036,0.0000000000000000,-0.0175941887060111,0.0299200598953953,5.3159302909202095,3.0031291157366895,2.296974,-1.961632,-0.3353423653268,-2.5058174705726,0,9.4e-13
0.9871477114032110,0.0,-0.0000000000000095,0.0000000000000000,-0.0175771626036308,0.0301015378737593,5.3225670711862794,3.0031233947241160,2.305004,-1.943053,-0.3619509900083,-2.4787447556715,0,1.1e-12
0.9871687019685763,0.0,-0.0000000000000003,0.0000000000000000,-0.0175595525641670,0.0302906620744696,5.3295293099350314,3.0031174176074300,2.313476,-1.922650,-0.3908265393498,-2.4480045818463,0,4.0e-13
0.9871907502654700,0.0,0.0000000000000127,0.0000000000000000,-0.0175413606169627,0.0304877174986101,5.3368329055712680,3.0031111741456002,2.322413,-1.900227,-0.4221859816796,-2.4131109843105,0,4.7e-13
0.9872139134149654,0.0,-0.0000000000000050,0.0000000000000000,-0.0175225930489221,0.0306929994382898,5.3444945480032677,3.0031046537861634,2.331835,-1.875567,-0.4562686508528,-2.3735128001446,0,6.7e-13
0.9872382524282884,0.0,0.0000000000000035,0.0000000000000000,-0.0175032612860377,0.0309068143109949,5.3525317620861488,3.0030978456632038,2.341766,-1.848427,-0.4933385864414,-2.3285847701407,0,7.3e-13
0.9872632272961687,0.0,-0.0000000000000016,0.0000000000000000,-0.0174838480708642,0.0311242355238840,5.3607636356476043,3.0030909062026403,2.351979,-1.819263,-0.5327159329942,-2.2788686387974,0,5.1e-13
0.9872874257720199,0.0,-0.0000000000000010,0.0000000000000000,-0.0174654573974926,0.0313330148172448,5.3687237356038935,3.0030842278848309,2.361888,-1.789727,-0.5721610992192,-2.2271334954105,0,3.1e-12
0.9873128677788443,0.0,-0.0000000000000062,0.0000000000000000,-0.0174465772866068,0.0315505547645154,5.3770748642432737,3.0030772550972524,2.372310,-1.757309,-0.6150010854972,-2.1688832074879,0,5.6e-13
0.9873396246586675,0.0,0.0000000000000032,0.0000000000000000,-0.0174272380054416,0.0317771932368542,5.3858362709488841,3.0030699764301492,2.383266,-1.721705,-0.6615616953160,-2.1032804388575,0,2.6e-12
0.9873675827164894,0.0,0.0000000000000047,0.0000000000000000,-0.0174076113739662,0.0320116928732811,5.3949660263565251,3.0030624313916565,2.394696,-1.682842,-0.7118534962793,-2.0298960268581,0,1.6e-12
0.9873942389295189,0.0,0.0000000000000043,0.0000000000000000,-0.0173894664193830,0.0322331039928498,5.4036452907800712,3.0030552958573802,2.405565,-1.644211,-0.7613538989343,-1.9552553184855,0,2.8e-12
0.9874222955460192,0.0,-0.0000000000000016,0.0000000000000000,-0.0173709834962427,0.0324638922239326,5.4127520100713138,3.0030478475760640,2.416962,-1.601887,-0.8150751093647,-1.8716994550131,0,2.9e-12
0.9874518380870735,0.0,-0.0000000000000045,0.0000000000000000,-0.0173522231240888,0.0327044382013391,5.4223073812565232,3.0030400745944186,2.428902,-1.555484,-0.8734181013461,-1.7781190634892,0,2.1e-12
0.9874829597159835,0.0,0.0000000000000021,0.0000000000000000,-0.0173332616461314,0.0329551441147636,5.4323337100918119,3.0030319646430592,2.441398,-1.504574,-0.9368245396509,-1.6732643031658,0,3.1e-12
0.9875154766744080,0.0,-0.0000000000000041,0.0000000000000000,-0.0173143566055831,0.0332141738950595,5.4427630610348610,3.0030235784285852,2.454347,-1.449176,-1.0051710454551,-1.5567823535680,0,2.0e-12
0.9875453674158502,0.0,-0.0000000000000024,0.0000000000000000,-0.0172978217895076,0.0334496879528193,5.4523054814794571,3.0030159494679212,2.466139,-1.396286,-1.0698532732173,-1.4434357225889,0,5.5e-13
0.9875768908735667,0.0,0.0000000000000070,0.0000000000000000,-0.0172812872776018,0.0336954054500831,5.4623199671659091,3.0030079880583185,2.478445,-1.338491,-1.1399541065295,-1.3173769153811,0,4.6e-13
0.9876101576152551,0.0,-0.0000000000000031,0.0000000000000000,-0.0172648770284948,0.0339517824021725,5.4728302207373787,3.0029996816859175,2.491272,-1.275291,-1.2159810765776,-1.1770968554732,0,4.8e-13
0.9876281397938446,0.0,0.0000000000000019,0.0000000000000000,-0.0172564632739443,0.0340891249703814,5.4784854076881810,3.0029952330426135,2.498132,-1.240199,-1.2579334440540,-1.0981803837908,0,1.0e-12
0.9876470828636066,0.0,0.0000000000000031,0.0000000000000000,-0.0172479549429073,0.0342328717141072,5.4844221604622847,3.0029905784276152,2.505300,-1.202536,-1.3027639446801,-1.0127141904422,0,4.4e-13
0.9876670447814240,0.0,0.0000000000000016,0.0000000000000000,-0.0172393908696297,0.0343833177403338,5.4906545648870972,3.0029857090574037,2.512786,-1.162087,-1.3506993426343,-0.9200751808642,0,2.1e-12
0.9876880881529524,0.0,0.0000000000000058,0.0000000000000000,-0.0172308185587424,0.0345407739725529,5.4971974332821532,3.0029806158426768,2.520600,-1.118613,-1.4019868767863,-0.8195752755027,0,4.6e-13
0.9877102808122162,0.0,0.0000000000000020,0.0000000000000000,-0.0172222958654970,0.0347055687028066,5.5040663469999469,3.0029752893843975,2.528751,-1.071855,-1.4568962779834,-0.7104541134282,0,3.4e-13
0.9877336965091849,0.0,0.0000000000000041,0.0000000000000000,-0.0172138930404195,0.0348780494381793,5.5112777025983686,3.0029697199707424,2.537250,-1.021528,-1.5157222512723,-0.5918712636610,0,7.7e-13
0.9877584157319553,0.0,-0.0000000000000047,0.0000000000000000,-0.0172056952346406,0.0350585851159078,5.5188487622156028,3.0029638975751189,2.546106,-0.967319,-1.5787871939231,-0.4628973652624,0,3.5e-12
0.9877845266973238,0.0,0.0000000000000033,0.0000000000000000,-0.0171978055903016,0.0352475687781205,5.5267977088767983,3.0029578118556954,2.555330,-0.908886,-1.6464444016320,-0.3225043619587,0,1.7e-12
0.9878121265566543,0.0,0.0000000000000002,0.0000000000000000,-0.0171903490820298,0.0354454208420607,5.5351437076317271,3.0029514521564855,2.564934,-0.845852,-1.7190816898486,-0.1695543741615,0,1.7e-12
0.9878413228753926,0.0,0.0000000000000009,0.0000000000000000,-0.0171834773339964,0.0356525931163141,5.5439069737411568,3.0029448075109668,2.574929,-0.777803,-1.7971258058156,-0.0027873659392,0,1.1e-12
0.9878722354681712,0.0,-0.0000000000000018,0.0000000000000000,-0.0171773747166084,0.0358695737882348,5.5531088494707861,3.0029378666488582,2.585332,-0.704284,-1.8810477745156,0.1791928145194,0,8.4e-13
0.9879049987014504,0.0,0.0000000000000034,0.0000000000000000,-0.0171722661457615,0.0360968936866067,5.5627718915761228,3.0029306180069653,2.596163,-0.624793,-1.9713692979494,0.3779347580346,0,3.4e-12
0.9879440401007823,0.0,-0.0000000000000014,0.0000000000000000,-0.0171680702838846,0.0363642234035594,5.5741602936128940,3.0029221278477842,2.608825,-0.528088,-2.0807369926111,0.6223093082530,0,1.2e-12
0.9879773158451260,0.0,0.0000000000000004,0.0000000000000000,-0.0171661768152039,0.0365890346284080,5.5837533296986601,3.0029150205368320,2.619431,-0.444082,-2.1753489468655,0.8367586383218,0,4.4e-12
0.9880126835953225,0.0,-0.0000000000000000,0.0000000000000000,-0.0171659250808094,0.0368249189062842,5.5938295841867580,3.0029075991056371,2.630544,-0.353326,-2.2772179473026,1.0705611670773,0,2.3e-12
0.9880503347409610,0.0,-0.0000000000000010,0.0000000000000000,-0.0171677240918569,0.0370725694237066,5.6044145544816422,3.0028998517148358,2.642238,-0.255201,-2.3870371147712,1.3256976290127,0,2.4e-12
0.9880701121803943,0.0,-0.0000000000000008,0.0000000000000000,-0.0171695501879511,0.0372012251295192,5.6099138415469607,3.0028958464999276,2.648345,-0.203093,-2.4452521711894,1.4621409764384,0,2.1e-12
0.9880904544811643,0.0,0.0000000000000020,0.0000000000000000,-0.0171720783884017,0.0373325270528059,5.6155251658438727,3.0028917737745320,2.654613,-0.149125,-2.5054877564196,1.6041297554088,0,4.2e-12
0.9881113890185942,0.0,-0.0000000000000016,0.0000000000000000,-0.0171753826845528,0.0374665621398807,5.6212510610068618,3.0028876326599594,2.661064,-0.093226,-2.5678380609102,1.7519185270090,0,9.6e-13
0.9881329456160951,0.0,0.0000000000000017,0.0000000000000000,-0.0171795457660991,0.0376034239932037,5.6270941487527413,3.0028834222861813,2.667724,-0.035319,-2.6324049554820,1.9057781104726,0,1.3e-12
0.9881551568799053,0.0,-0.0000000000000021,0.0000000000000000,-0.0171846603379539,0.0377432137387726,5.6330571462804180,3.0028791417956433,2.674624,0.024675,-2.6992993335794,2.0659975407742,0,2.4e-12
0.9881780585967320,0.0,0.0000000000000024,0.0000000000000000,-0.0171908306949485,0.0378860410541938,5.6391428748631949,3.0028747903477075,2.681803,0.086840,-2.7686425365778,2.2328867539449,0,2.0e-12
0.9882016902070559,0.0,-0.0000000000000004,0.0000000000000000,-0.0171981746182933,0.0380320253799376,5.6453542699271022,3.0028703671243506,2.689310,0.151258,-2.8405681619118,2.4067798753960,0,3.2e-12
0.9882260953733135,0.0,-0.0000000000000003,0.0000000000000000,-0.0172068256754718,0.0381812973615133,5.6516943929539494,3.0028658713373186,2.697207,0.218018,-2.9152243937218,2.5880392697235,0,3.1e-12
0.9882513226671591,0.0,0.0000000000000009,0.0000000000000000,-0.0172169360335112,0.0383340005771421,5.6581664456570513,3.0028613022372350,2.705569,0.287208,-2.9927768168807,2.7770608138823,0,3.1e-12
0.9882774264077437,0.0,-0.0000000000000003,0.0000000000000000,-0.0172286799304784,0.0384902936230895,5.6647737870120656,3.0028566591253152,2.714494,0.358918,-3.0734120661516,2.9742805755279,0,4.9e-12
0.9883044676936654,0.0,-0.0000000000000020,0.0000000000000000,-0.0172422580006586,0.0386503526517644,5.6715199539097236,3.0028519413685753,2.724105,0.433237,-3.1573425032736,3.1801834774148,0,4.3e-12
0.9883325156862057,0.0,0.0000000000000025,0.0000000000000000,-0.0172579027225512,0.0388143744881146,5.6784086864512169,3.0028471484198289,2.734560,0.510252,-3.2448121706154,3.3953147456110,0,5.6e-12
0.9883616492229814,0.0,-0.0000000000000025,0.0000000000000000,-0.0172758853613434,0.0389825804946484,5.6854439592648562,3.0028422798443146,2.746062,0.590043,-3.3361047685308,3.6202949464042,0,5.2e-12
0.9883919588722380,0.0,-0.0000000000000004,0.0000000000000000,-0.0172965249343599,0.0391552214163082,5.6926300207303235,3.0028373353556725,2.758874,0.672680,-3.4315541001324,3.8558403214439,0,7.3e-13
0.9884235495855986,0.0,-0.0000000000000022,0.0000000000000000,-0.0173201999594976,0.0393325835338627,5.6999714427178709,3.0028323148651714,2.773343,0.758215,-3.5315581932752,4.1027904449273,0,1.3e-12
0.9884565441742881,0.0,-0.0000000000000018,0.0000000000000000,-0.0173473641048776,0.0395149965692547,5.7074731845738471,3.0028272185507516,2.789930,0.846669,-3.6365988414855,4.3621464439994,0,1.5e-12
0.9884910879496860,0.0,-0.0000000000000004,0.0000000000000000,-0.0173785674308560,0.0397028440217625,5.7151406766362305,3.0028220469550533,2.809252,0.938017,-3.7472686863240,4.6351250124692,0,2.6e-12
0.9885273550401019,0.0,0.0000000000000010,0.0000000000000000,-0.0174144858391209,0.0398965768981567,5.7229799311350087,3.0028168011284309,2.832148,1.032162,-3.8643101086902,4.9232360594625,0,2.9e-12
0.9885655571918479,0.0,-0.0000000000000019,0.0000000000000000,-0.0174559629139019,0.0400967323223812,5.7309976922226777,3.0028114828427896,2.859772,1.128900,-3.9886721638517,5.2283972386959,0,2.3e-12
0.9886059563657679,0.0,-0.0000000000000005,0.0000000000000000,-0.0175040710864814,0.0403039593375709,5.7392016432579629,3.0028060949211448,2.893734,1.227863,-4.1215965534601,5.5531076433855,0,4.5e-12
0.9886488833462077,0.0,0.0000000000000009,0.0000000000000000,-0.0175602040985056,0.0405190556349597,5.7476007000713007,3.0028006417639173,2.936308,1.328444,-4.2647520734186,5.9007203019118,0,3.0e-12
0.9886786328998078,0.0,-0.0000000000000008,0.0000000000000000,-0.0176022782939538,0.0406649802777137,5.7532243950889006,3.0027970303352158,2.970446,1.394904,-4.3653496523933,6.1434867066774,0,2.6e-12
0.9887097142024655,0.0,0.0000000000000015,0.0000000000000000,-0.0176491333777912,0.0408146322403623,5.7589237608551862,3.0027934068158433,3.010776,1.461114,-4.4718894593429,6.3990857344998,0,5.7e-12
0.9887423018715356,0.0,-0.0000000000000002,0.0000000000000000,-0.0177015711784818,0.0409683953195867,5.7647024823223205,3.0027897748282140,3.058814,1.526626,-4.5854400130048,6.6696656890160,0,7.5e-12
0.9887766135734561,0.0,0.0000000000000022,0.0000000000000000,-0.0177606142086774,0.0411267337512004,5.7705649404849408,3.0027861393132405,3.116502,1.590907,-4.7074090217177,6.9580643708289,0,3.6e-12
0.9888129265634407,0.0,0.0000000000000008,0.0000000000000000,-0.0178275974585813,0.0412902183782286,5.7765164330171483,3.0027825071711320,3.186364,1.653335,-4.8396989444590,7.2681269082034,0,7.3e-12
0.9888516034059849,0.0,-0.0000000000000024,0.0000000000000000,-0.0179043145285976,0.0414595649698518,5.7825634901220289,3.0027788883267803,3.271734,1.713228,-4.9849617214154,7.6052258806893,0,4.3e-12
0.9888931339869087,0.0,0.0000000000000025,0.0000000000000000,-0.0179932625233292,0.0416356924338966,5.7887143364610427,3.0027752975972053,3.377161,1.769876,-5.1470375526093,7.9771575240062,0,4.0e-12
0.9889382084513322,0.0,0.0000000000000013,0.0000000000000000,-0.0180980796385504,0.0418198150317683,5.7949795783872000,3.0027717581937887,3.509170,1.822595,-5.3317640676628,8.3957932580061,0,3.9e-12
0.9889878542447679,0.0,0.0000000000000012,0.0000000000000000,-0.0182243947263857,0.0420135959575428,5.8013732228916650,3.0027683088854933,3.677821,1.870780,-5.5486009336467,8.8803938929618,0,5.8e-12
0.9890437224192618,0.0,0.0000000000000006,0.0000000000000000,-0.0183816719129661,0.0422194176657171,5.8079140620699166,3.0027650204760441,3.900336,1.913958,-5.8142935954289,9.4650777735974,0,5.0e-12
0.9891087836277092,0.0,0.0000000000000002,0.0000000000000000,-0.0185879126671303,0.0424408795757032,5.8146265371515167,3.0027620406767075,4.210838,1.951796,-6.1626340778272,10.2186971074923,0,4.9e-12
0.9891894760470121,0.0,-0.0000000000000004,0.0000000000000000,-0.0188851195601642,0.0426836298622689,5.8215317302783065,3.0027597540358806,4.694337,1.984061,-6.6783981710219,11.3138518555379,0,6.3e-12
