x0,y0,z0,xd0,yd0,zd0,Tp,JC,stabilityIndex1,stabilityIndex2,alpha,beta,impactFlag,error
0.9882131404938789,0.0,-0.0002876390093571,0.0000000000000000,-0.0297689425538660,0.0000000000000000,5.3480414977040640,3.0037283815235947,2.000000,-1.198743,-0.8012568929102,-0.3974870390664,0,1.4e-13
0.9882137822359660,0.0,-0.0003035073570168,0.0000000000000000,-0.0297709862686920,0.0000000000000000,5.3481343036414382,3.0037282930138534,2.000000,-1.198303,-0.8016968953806,-0.3966072184126,0,1.0e-12
0.9882144612721223,0.0,-0.0003194374326972,0.0000000000000000,-0.0297731489452324,0.0000000000000000,5.3482324995322248,3.0037281993694118,2.000000,-1.197838,-0.8021626256226,-0.3956760152700,0,9.0e-13
0.9882151776154859,0.0,-0.0003354201980637,0.0000000000000000,-0.0297754306581832,0.0000000000000000,5.3483360866896614,3.0037281005899761,2.000000,-1.197346,-0.8026540958960,-0.3946933213329,0,1.1e-12
0.9882159312303294,0.0,-0.0003514471891928,0.0000000000000000,-0.0297778313284490,0.0000000000000000,5.3484450593450577,3.0037279966820680,2.000001,-1.196829,-0.8031713169572,-0.3936591551221,0,3.8e-12
0.9882167220392738,0.0,-0.0003675105466636,0.0000000000000000,-0.0297803507458578,0.0000000000000000,5.3485594056703638,3.0037278876580458,2.000001,-1.196286,-0.8037142808171,-0.3925736066387,0,2.5e-12
0.9882175499303627,0.0,-0.0003836030341839,0.0000000000000000,-0.0297829885919451,0.0000000000000000,5.3486791088129735,3.0037277735350925,2.000001,-1.195718,-0.8042829274777,-0.3914367517909,0,5.7e-13
0.9882184147640622,0.0,-0.0003997180473748,0.0000000000000000,-0.0297857444618944,0.0000000000000000,5.3488041479027979,3.0037276543342828,2.000001,-1.195124,-0.8048771934400,-0.3902487302504,0,2.7e-12
0.9882193163799204,0.0,-0.0004158496140349,0.0000000000000000,-0.0297886178858658,0.0000000000000000,5.3489344990091796,3.0037275300796389,2.000001,-1.194504,-0.8054969704881,-0.3890096444736,0,1.6e-12
0.9882202546028542,0.0,-0.0004319923852596,0.0000000000000000,-0.0297916083488367,0.0000000000000000,5.3490701360714690,3.0037274007972772,2.000001,-1.193859,-0.8061422136864,-0.3877197618395,0,8.4e-13
0.9882212292490067,0.0,-0.0004481416217480,0.0000000000000000,-0.0297947153093363,0.0000000000000000,5.3492110317265844,3.0037272665145820,2.000002,-1.193189,-0.8068128087134,-0.3863792283747,0,1.5e-12
0.9882222401311448,0.0,-0.0004642931731695,0.0000000000000000,-0.0297979382165888,0.0000000000000000,5.3493571580970656,3.0037271272594737,2.000002,-1.192493,-0.8075086714848,-0.3849882572921,0,4.1e-13
0.9882232870634788,0.0,-0.0004804434537615,0.0000000000000000,-0.0298012765257841,0.0000000000000000,5.3495084874924244,3.0037269830597375,2.000002,-1.191772,-0.8082297023146,-0.3835470214424,0,3.4e-13
0.9882243698660670,0.0,-0.0004965894148861,0.0000000000000000,-0.0298047297121915,0.0000000000000000,5.3496649930303946,3.0037268339424168,2.000002,-1.191026,-0.8089758092673,-0.3820556895924,0,1.5e-12
0.9882254883685431,0.0,-0.0005127285140430,0.0000000000000000,-0.0298082972829738,0.0000000000000000,5.3498266492061166,3.0037266799332953,2.000003,-1.190256,-0.8097469279782,-0.3805144558034,0,1.2e-12
0.9882266424135762,0.0,-0.0005288586841763,0.0000000000000000,-0.0298119787881726,0.0000000000000000,5.3499934323576674,3.0037265210564348,2.000003,-1.189460,-0.8105429795209,-0.3789234444245,0,1.5e-12
0.9882278318596470,0.0,-0.0005449783006556,0.0000000000000000,-0.0298157738297529,0.0000000000000000,5.3501653210897180,3.0037263573337731,2.000003,-1.188639,-0.8113639151196,-0.3772827932147,0,4.0e-13
0.9882290565835156,0.0,-0.0005610861488336,0.0000000000000000,-0.0298196820693723,0.0000000000000000,5.3503422966225012,3.0037261887847975,2.000004,-1.187794,-0.8122096801442,-0.3755925735598,0,2.0e-13
0.9882303164822618,0.0,-0.0005771813922838,0.0000000000000000,-0.0298237032348445,0.0000000000000000,5.3505243430767768,3.0037260154262668,2.000004,-1.186924,-0.8130802411972,-0.3738528383943,0,2.8e-12
0.9882316114749037,0.0,-0.0005932635402944,0.0000000000000000,-0.0298278371255434,0.0000000000000000,5.3507114477307285,3.0037258372719871,2.000005,-1.186029,-0.8139756166650,-0.3720636819754,0,8.4e-13
0.9882329415037783,0.0,-0.0006093324186885,0.0000000000000000,-0.0298320836167655,0.0000000000000000,5.3509036011944868,3.0037256543326190,2.000005,-1.185109,-0.8148957757635,-0.3702250283753,0,3.8e-13
0.9882343065355698,0.0,-0.0006253881402426,0.0000000000000000,-0.0298364426629697,0.0000000000000000,5.3511007975691953,3.0037254666155491,2.000006,-1.184165,-0.8158407521799,-0.3683368610229,0,2.0e-12
0.9882357065621109,0.0,-0.0006414310771899,0.0000000000000000,-0.0298409143006215,0.0000000000000000,5.3513030345615702,3.0037252741247764,2.000006,-1.183196,-0.8168106038284,-0.3663991378591,0,3.8e-13
0.9882371416009909,0.0,-0.0006574618358866,0.0000000000000000,-0.0298454986500321,0.0000000000000000,5.3515103135577036,3.0037250768608339,2.000007,-1.182202,-0.8178053708774,-0.3644117041886,0,5.7e-13
0.9882386116958830,0.0,-0.0006734812318987,0.0000000000000000,-0.0298501959166009,0.0000000000000000,5.3517226396888589,3.0037248748207448,2.000008,-1.181183,-0.8188251356168,-0.3623744129859,0,2.2e-12
0.9882401169168220,0.0,-0.0006894902679667,0.0000000000000000,-0.0298550063916616,0.0000000000000000,5.3519400218568203,3.0037246679979970,2.000009,-1.180139,-0.8198700071314,-0.3602870929677,0,2.3e-12
0.9882416573602938,0.0,-0.0007054901131951,0.0000000000000000,-0.0298599304530134,0.0000000000000000,5.3521624727474064,3.0037244563825229,2.000009,-1.179069,-0.8209401069692,-0.3581495192460,0,3.5e-13
0.9882432331492377,0.0,-0.0007214820838809,0.0000000000000000,-0.0298649685649818,0.0000000000000000,5.3523900088278360,3.0037242399607131,2.000010,-1.177975,-0.8220355521222,-0.3559613778187,0,2.2e-12
0.9882448444329315,0.0,-0.0007374676258970,0.0000000000000000,-0.0298701212781169,0.0000000000000000,5.3526226503316634,3.0037240187154328,2.000011,-1.176855,-0.8231565291880,-0.3537224162426,0,4.2e-13
0.9882464913868392,0.0,-0.0007534482986843,0.0000000000000000,-0.0298753892288550,0.0000000000000000,5.3528604212331103,3.0037237926260549,2.000012,-1.175709,-0.8243031925863,-0.3514322381793,0,1.0e-12
0.9882481742124226,0.0,-0.0007694257611763,0.0000000000000000,-0.0298807731390450,0.0000000000000000,5.3531033492070792,3.0037235616684783,2.000013,-1.174537,-0.8254757564778,-0.3490904883862,0,3.5e-13
0.9882498931368116,0.0,-0.0007854017576714,0.0000000000000000,-0.0298862738150696,0.0000000000000000,5.3533514656006602,3.0037233258151885,2.000014,-1.173340,-0.8266744278346,-0.3466967189048,0,5.9e-13
0.9882516484125973,0.0,-0.0008013781066297,0.0000000000000000,-0.0298918921471804,0.0000000000000000,5.3536048053815222,3.0037230850352965,2.000016,-1.172116,-0.8278994495570,-0.3442504758260,0,7.1e-13
0.9882534403174726,0.0,-0.0008173566894744,0.0000000000000000,-0.0298976291086073,0.0000000000000000,5.3538634070962958,3.0037228392945829,2.000017,-1.170866,-0.8291510740129,-0.3417512473577,0,1.6e-12
0.9882552691539986,0.0,-0.0008333394415601,0.0000000000000000,-0.0299034857549384,0.0000000000000000,5.3541273128157103,3.0037225885555441,2.000018,-1.169589,-0.8304295829114,-0.3391985026873,0,2.0e-12
0.9882571352492040,0.0,-0.0008493283426324,0.0000000000000000,-0.0299094632229317,0.0000000000000000,5.3543965680969947,3.0037223327774525,2.000020,-1.168284,-0.8317352725590,-0.3365916645645,0,8.2e-13
0.9882590389542893,0.0,-0.0008653254094990,0.0000000000000000,-0.0299155627298406,0.0000000000000000,5.3546712219315555,3.0037220719163940,2.000021,-1.166953,-0.8330684488780,-0.3339300983050,0,1.1e-12
0.9882609806444632,0.0,-0.0008813326895768,0.0000000000000000,-0.0299217855728337,0.0000000000000000,5.3549513266946054,3.0037218059253283,2.000023,-1.165593,-0.8344294522301,-0.3312131630152,0,5.5e-13
0.9882629607184602,0.0,-0.0008973522538677,0.0000000000000000,-0.0299281331279093,0.0000000000000000,5.3552369381097353,3.0037215347541188,2.000024,-1.164206,-0.8358186226232,-0.3284401413102,0,2.4e-12
0.9882649795983989,0.0,-0.0009133861919555,0.0000000000000000,-0.0299346068493350,0.0000000000000000,5.3555281152029757,3.0037212583496000,2.000026,-1.162790,-0.8372363470468,-0.3256103353084,0,2.3e-12
0.9882670377295391,0.0,-0.0009294366076286,0.0000000000000000,-0.0299412082691988,0.0000000000000000,5.3558249202585664,3.0037209766555932,2.000028,-1.161345,-0.8386830086799,-0.3227229642355,0,2.0e-12
0.9882691355799916,0.0,-0.0009455056137439,0.0000000000000000,-0.0299479389967347,0.0000000000000000,5.3561274187918846,3.0037206896129627,2.000030,-1.159871,-0.8401590174372,-0.3197772266174,0,9.5e-13
0.9882712736405089,0.0,-0.0009615953289412,0.0000000000000000,-0.0299548007175954,0.0000000000000000,5.3564356795118426,3.0037203971596553,2.000032,-1.158367,-0.8416647950193,-0.3167722697130,0,9.1e-13
0.9882734524244388,0.0,-0.0009777078748438,0.0000000000000000,-0.0299617951941671,0.0000000000000000,5.3567497742861709,3.0037200992307138,2.000034,-1.156834,-0.8432007856846,-0.3137072106067,0,2.2e-12
0.9882756724673784,0.0,-0.0009938453721346,0.0000000000000000,-0.0299689242644504,0.0000000000000000,5.3570697781255072,3.0037197957583368,2.000037,-1.155269,-0.8447674664590,-0.3105811585112,0,1.5e-12
0.9882779343272151,0.0,-0.0010100099392652,0.0000000000000000,-0.0299761898425985,0.0000000000000000,5.3573957691486527,3.0037194866718728,2.000039,-1.153674,-0.8463653138990,-0.3073931456514,0,5.1e-13
0.9882802385838589,0.0,-0.0010262036891266,0.0000000000000000,-0.0299835939181326,0.0000000000000000,5.3577278285743173,3.0037191718978775,2.000042,-1.152047,-0.8479948226403,-0.3041421653069,0,1.6e-12
0.9882825858393437,0.0,-0.0010424287283989,0.0000000000000000,-0.0299911385564906,0.0000000000000000,5.3580660406937186,3.0037188513601065,2.000045,-1.150388,-0.8496565276110,-0.3008272161041,0,1.0e-12
0.9882849767175969,0.0,-0.0010586871547481,0.0000000000000000,-0.0299988258986607,0.0000000000000000,5.3584104928692717,3.0037185249795568,2.000047,-1.148696,-0.8513509621372,-0.2974472170410,0,9.1e-13
0.9882874118645593,0.0,-0.0010749810566872,0.0000000000000000,-0.0300066581616700,0.0000000000000000,5.3587612755142429,3.0037181926744592,2.000050,-1.146972,-0.8530786905975,-0.2940010725062,0,5.3e-13
0.9882898919480431,0.0,-0.0010913125112369,0.0000000000000000,-0.0300146376384050,0.0000000000000000,5.3591184820977933,3.0037178543603176,2.000053,-1.145213,-0.8548402803729,-0.2904876157852,0,1.2e-12
0.9882924176579028,0.0,-0.0011076835841258,0.0000000000000000,-0.0300227666985684,0.0000000000000000,5.3594822091319632,3.0037175099498823,2.000057,-1.143420,-0.8566363440233,-0.2869056919896,0,1.3e-12
0.9882949897059128,0.0,-0.0011240963278643,0.0000000000000000,-0.0300310477882946,0.0000000000000000,5.3598525561828136,3.0037171593531955,2.000060,-1.141593,-0.8584674971613,-0.2832540738918,0,1.0e-12
0.9882976088260288,0.0,-0.0011405527822297,0.0000000000000000,-0.0300394834314893,0.0000000000000000,5.3602296258642079,3.0037168024775625,2.000064,-1.139729,-0.8603343777252,-0.2795314984544,0,8.0e-13
0.9883002757742516,0.0,-0.0011570549725329,0.0000000000000000,-0.0300480762296121,0.0000000000000000,5.3606135238553589,3.0037164392275733,2.000068,-1.137830,-0.8622376454586,-0.2757366661035,0,3.2e-13
0.9883029913289859,0.0,-0.0011736049105544,0.0000000000000000,-0.0300568288631123,0.0000000000000000,5.3610043588996605,3.0037160695050815,2.000071,-1.135894,-0.8641779766051,-0.2718682269488,0,7.9e-13
0.9883057562909586,0.0,-0.0011902045926778,0.0000000000000000,-0.0300657440915209,0.0000000000000000,5.3614022428308230,3.0037156932092297,2.000076,-1.133920,-0.8661560776622,-0.2679248096945,0,8.1e-13
0.9883085714835410,0.0,-0.0012068560011652,0.0000000000000000,-0.0300748247547673,0.0000000000000000,5.3618072905763032,3.0037153102364020,2.000080,-1.131907,-0.8681726660731,-0.2639049798422,0,1.4e-12
0.9883114377528768,0.0,-0.0012235611031506,0.0000000000000000,-0.0300840737739630,0.0000000000000000,5.3622196201831507,3.0037149204802458,2.000084,-1.129856,-0.8702284897649,-0.2598072774124,0,1.8e-12
0.9883143559680043,0.0,-0.0012403218502554,0.0000000000000000,-0.0300934941522174,0.0000000000000000,5.3626393528421668,3.0037145238316540,2.000089,-1.127765,-0.8723243204308,-0.2556302031221,0,5.1e-13
0.9883173270212526,0.0,-0.0012571401796279,0.0000000000000000,-0.0301030889760992,0.0000000000000000,5.3630666129033893,3.0037141201787354,2.000094,-1.125633,-0.8744609297440,-0.2513721680470,0,1.9e-12
0.9883203518282757,0.0,-0.0012740180125722,0.0000000000000000,-0.0301128614163139,0.0000000000000000,5.3635015279141838,3.0037137094068256,2.000099,-1.123460,-0.8766391499633,-0.2470316142405,0,3.5e-13
0.9883234313285298,0.0,-0.0012909572558617,0.0000000000000000,-0.0301228147295285,0.0000000000000000,5.3639442286388013,3.0037132913984381,2.000105,-1.121245,-0.8788597950537,-0.2426068542465,0,1.4e-12
0.9883265664854237,0.0,-0.0013079598009303,0.0000000000000000,-0.0301329522593322,0.0000000000000000,5.3643948490970992,3.0037128660332666,2.000110,-1.118986,-0.8811237401646,-0.2380962282630,0,8.0e-13
0.9883297582866940,0.0,-0.0013250275244668,0.0000000000000000,-0.0301432774378260,0.0000000000000000,5.3648535265956312,3.0037124331881477,2.000116,-1.116684,-0.8834318580956,-0.2334979759849,0,9.7e-13
0.9883330077446172,0.0,-0.0013421622877975,0.0000000000000000,-0.0301537937868707,0.0000000000000000,5.3653204017701661,3.0037119927370530,2.000122,-1.114337,-0.8857850574517,-0.2288103101230,0,1.9e-12
0.9883363158965610,0.0,-0.0013593659381614,0.0000000000000000,-0.0301645049200842,0.0000000000000000,5.3657956186165139,3.0037115445510456,2.000129,-1.111944,-0.8881842758348,-0.2240314000320,0,2.2e-12
0.9883396838051015,0.0,-0.0013766403074376,0.0000000000000000,-0.0301754145440086,0.0000000000000000,5.3662793245429556,3.0037110884982683,2.000135,-1.109505,-0.8906304739346,-0.2191593594837,0,9.8e-13
0.9883431125586478,0.0,-0.0013939872136131,0.0000000000000000,-0.0301865264604230,0.0000000000000000,5.3667716704045976,3.0037106244438951,2.000142,-1.107017,-0.8931246270563,-0.2141922251301,0,1.6e-12
0.9883466032717356,0.0,-0.0014114084602565,0.0000000000000000,-0.0301978445679017,0.0000000000000000,5.3672728105545167,3.0037101522501120,2.000149,-1.104482,-0.8956677533232,-0.2091280116556,0,2.4e-12
0.9883501570853329,0.0,-0.0014289058361601,0.0000000000000000,-0.0302093728633532,0.0000000000000000,5.3677829028964590,3.0037096717760905,2.000157,-1.101896,-0.8982608994654,-0.2039646809522,0,1.5e-12
0.9883537751675403,0.0,-0.0014464811166221,0.0000000000000000,-0.0302211154448092,0.0000000000000000,5.3683021089275424,3.0037091828779343,2.000165,-1.099260,-0.9009051275517,-0.1987001119972,0,8.7e-13
0.9883574587138840,0.0,-0.0014641360627400,0.0000000000000000,-0.0302330765130670,0.0000000000000000,5.3688305937973979,3.0037086854086557,2.000173,-1.096571,-0.9036015318293,-0.1933321326456,0,1.6e-12
0.9883612089478553,0.0,-0.0014818724219498,0.0000000000000000,-0.0302452603739099,0.0000000000000000,5.3693685263604713,3.0037081792181284,2.000181,-1.093830,-0.9063512483140,-0.1878585347767,0,1.4e-12
0.9883650271213256,0.0,-0.0014996919274251,0.0000000000000000,-0.0302576714402296,0.0000000000000000,5.3699160792391876,3.0037076641530724,2.000190,-1.091035,-0.9091554375904,-0.1822770379608,0,3.6e-13
0.9883689145152232,0.0,-0.0015175962992162,0.0000000000000000,-0.0302703142348894,0.0000000000000000,5.3704734288760259,3.0037071400569739,2.000199,-1.088184,-0.9120152780265,-0.1765852722299,0,5.4e-13
0.9883728724399917,0.0,-0.0015355872436605,0.0000000000000000,-0.0302831933927582,0.0000000000000000,5.3710407556005846,3.0037066067700762,2.000209,-1.085277,-0.9149320057211,-0.1707808540872,0,8.2e-13
0.9883769022361709,0.0,-0.0015536664537076,0.0000000000000000,-0.0302963136635664,0.0000000000000000,5.3716182436914668,3.0037060641293118,2.000219,-1.082312,-0.9179068584491,-0.1648612723257,0,1.7e-12
0.9883810052749055,0.0,-0.0015718356084171,0.0000000000000000,-0.0303096799141573,0.0000000000000000,5.3722060814470805,3.0037055119682865,2.000229,-1.079288,-0.9209411487709,-0.1588240293278,0,9.0e-13
0.9883851829587202,0.0,-0.0015900963739439,0.0000000000000000,-0.0303232971318569,0.0000000000000000,5.3728044612473580,3.0037049501172004,2.000240,-1.076204,-0.9240361888296,-0.1526664874885,0,1.0e-12
0.9883894367220183,0.0,-0.0016084504028867,0.0000000000000000,-0.0303371704268817,0.0000000000000000,5.3734135796289495,3.0037043784028201,2.000251,-1.073058,-0.9271933471154,-0.1463859793304,0,6.4e-13
0.9883937680318072,0.0,-0.0016268993345579,0.0000000000000000,-0.0303513050357038,0.0000000000000000,5.3740336373561650,3.0037037966484159,2.000263,-1.069849,-0.9304140039254,-0.1399797139834,0,2.0e-12
0.9883981783882241,0.0,-0.0016454447944444,0.0000000000000000,-0.0303657063234686,0.0000000000000000,5.3746648394997569,3.0037032046737373,2.000275,-1.066576,-0.9336996198617,-0.1334449094058,0,1.3e-12
0.9884026693254839,0.0,-0.0016640883950395,0.0000000000000000,-0.0303803797882398,0.0000000000000000,5.3753073955083011,3.0037026022949256,2.000288,-1.063236,-0.9370516547485,-0.1267786279053,0,1.8e-12
0.9884072424123854,0.0,-0.0016828317350950,0.0000000000000000,-0.0303953310634859,0.0000000000000000,5.3759615192918409,3.0037019893244845,2.000301,-1.059829,-0.9404716332989,-0.1199779004746,0,9.5e-13
0.9884118992532103,0.0,-0.0017016763999852,0.0000000000000000,-0.0304105659220961,0.0000000000000000,5.3766274293010738,3.0037013655712124,2.000315,-1.056354,-0.9439610995595,-0.1130396334356,0,2.2e-12
0.9884166414882681,0.0,-0.0017206239607411,0.0000000000000000,-0.0304260902792960,0.0000000000000000,5.3773053486164724,3.0037007308401718,2.000329,-1.052807,-0.9475216688661,-0.1059607054329,0,1.4e-12
0.9884214707949766,0.0,-0.0017396759751190,0.0000000000000000,-0.0304419101971646,0.0000000000000000,5.3779955050269335,3.0037000849325963,2.000344,-1.049189,-0.9511549735044,-0.0987378558689,0,1.7e-12
0.9884263888885101,0.0,-0.0017588339866157,0.0000000000000000,-0.0304580318881162,0.0000000000000000,5.3786981311235920,3.0036994276458548,2.000359,-1.045496,-0.9548627108090,-0.0913677741865,0,5.3e-13
0.9884313975226685,0.0,-0.0017780995244262,0.0000000000000000,-0.0304744617188496,0.0000000000000000,5.3794134643893843,3.0036987587733885,2.000375,-1.041728,-0.9586465988849,-0.0838470077022,0,2.8e-12
0.9884364984908162,0.0,-0.0017974741035256,0.0000000000000000,-0.0304912062146555,0.0000000000000000,5.3801417472908328,3.0036980781046476,2.000391,-1.037883,-0.9625084502563,-0.0761721003041,0,4.5e-13
0.9884416936266016,0.0,-0.0018169592236175,0.0000000000000000,-0.0305082720633277,0.0000000000000000,5.3808832273783898,3.0036973854250402,2.000409,-1.033958,-0.9664500587851,-0.0683393664056,0,2.6e-12
0.9884469848051759,0.0,-0.0018365563699344,0.0000000000000000,-0.0305256661203607,0.0000000000000000,5.3816381573780063,3.0036966805158514,2.000426,-1.029953,-0.9704733440535,-0.0603451656520,0,1.1e-12
0.9884523739439426,0.0,-0.0018562670122057,0.0000000000000000,-0.0305433954129944,0.0000000000000000,5.3824067952957719,3.0036959631541893,2.000445,-1.025865,-0.9745802245841,-0.0521856507973,0,4.5e-13
0.9884578630036145,0.0,-0.0018760926044890,0.0000000000000000,-0.0305614671452076,0.0000000000000000,5.3831894045201176,3.0036952331129196,2.000464,-1.021691,-0.9787726833955,-0.0438568886748,0,4.3e-13
0.9884634539892623,0.0,-0.0018960345848446,0.0000000000000000,-0.0305798887026921,0.0000000000000000,5.3839862539272323,3.0036944901606004,2.000484,-1.017431,-0.9830527789985,-0.0353548748662,0,9.9e-13
0.9884691489513733,0.0,-0.0019160943749953,0.0000000000000000,-0.0305986676581405,0.0000000000000000,5.3847976179882266,3.0036937340614069,2.000505,-1.013082,-0.9874225964371,-0.0266754321265,0,8.2e-13
0.9884749499868096,0.0,-0.0019362733793327,0.0000000000000000,-0.0306178117761235,0.0000000000000000,5.3856237768839650,3.0036929645750821,2.000526,-1.008642,-0.9918843154482,-0.0178143359085,0,3.7e-13
0.9884808592401927,0.0,-0.0019565729853805,0.0000000000000000,-0.0306373290194418,0.0000000000000000,5.3864650166125720,3.0036921814568407,2.000548,-1.004108,-0.9964401448559,-0.0087671790828,0,7.7e-13
0.9884868789048948,0.0,-0.0019769945626070,0.0000000000000000,-0.0306572275543774,0.0000000000000000,5.3873216291096133,3.0036913844573143,2.000572,-0.999479,-1.0010923748191,0.0004705338362,0,1.2e-12
0.9884930112242937,0.0,-0.0019975394620145,0.0000000000000000,-0.0306775157568740,0.0000000000000000,5.3881939123663587,3.0036905733224790,2.000595,-0.994752,-1.0058433643676,0.0099034187952,0,1.2e-12
0.9884992584929939,0.0,-0.0020182090156233,0.0000000000000000,-0.0306982022187125,0.0000000000000000,5.3890821705511867,3.0036897477935707,2.000620,-0.989925,-1.0106955037885,0.0195362919587,0,1.1e-12
0.9885056230581971,0.0,-0.0020390045359172,0.0000000000000000,-0.0307192957541280,0.0000000000000000,5.3899867141337321,3.0036889076070241,2.000646,-0.984995,-1.0156513026757,0.0293740104148,0,1.0e-12
0.9885121073208676,0.0,-0.0020599273146521,0.0000000000000000,-0.0307408054061495,0.0000000000000000,5.3909078600162026,3.0036880524944065,2.000673,-0.979960,-1.0207133073134,0.0394216374350,0,1.6e-12
0.9885187137373306,0.0,-0.0020809786229428,0.0000000000000000,-0.0307627404543037,0.0000000000000000,5.3918459316588665,3.0036871821823063,2.000701,-0.974816,-1.0258841559319,0.0496843471789,0,5.4e-13
0.9885254448205508,0.0,-0.0021021597100186,0.0000000000000000,-0.0307851104213210,0.0000000000000000,5.3928012592171024,3.0036862963922863,2.000729,-0.969563,-1.0311665333502,0.0601675197853,0,3.6e-12
0.9885323031416665,0.0,-0.0021234718024646,0.0000000000000000,-0.0308079250810189,0.0000000000000000,5.3937741796781662,3.0036853948407951,2.000759,-0.964196,-1.0365632599229,0.0708765817104,0,4.7e-13
0.9885392913315013,0.0,-0.0021449161034067,0.0000000000000000,-0.0308311944661520,0.0000000000000000,5.3947650370011138,3.0036844772390840,2.000790,-0.958713,-1.0420771686336,0.0818172499033,0,3.3e-13
0.9885464120821321,0.0,-0.0021664937916534,0.0000000000000000,-0.0308549288764444,0.0000000000000000,5.3957741822602792,3.0036835432931350,2.000822,-0.953111,-1.0477112167945,0.0929953295577,0,5.0e-13
0.9885536681486148,0.0,-0.0021882060208510,0.0000000000000000,-0.0308791388875278,0.0000000000000000,5.3968019737918489,3.0036825927035653,2.000855,-0.947387,-1.0534684437486,0.1044168050165,0,6.9e-13
0.9885610623504568,0.0,-0.0022100539178616,0.0000000000000000,-0.0309038353591772,0.0000000000000000,5.3978487773476811,3.0036816251655729,2.000889,-0.941537,-1.0593519609247,0.1160878696688,0,1.8e-12
0.9885685975736982,0.0,-0.0022320385827442,0.0000000000000000,-0.0309290294455065,0.0000000000000000,5.3989149662440248,3.0036806403688092,2.000925,-0.935560,-1.0653649949904,0.1280148566498,0,2.8e-12
0.9885762767725280,0.0,-0.0022541610868352,0.0000000000000000,-0.0309547326040635,0.0000000000000000,5.4000009215232145,3.0036796379973305,2.000962,-0.929451,-1.0715108622166,0.1402042986737,0,1.6e-12
0.9885841029712158,0.0,-0.0022764224718728,0.0000000000000000,-0.0309809566060530,0.0000000000000000,5.4011070321140258,3.0036786177294932,2.001000,-0.923207,-1.0777929598099,0.1526629569100,0,1.4e-12
0.9885920792661117,0.0,-0.0022988237486990,0.0000000000000000,-0.0310077135470249,0.0000000000000000,5.4022336949973555,3.0036775792378743,2.001039,-0.916825,-1.0842148006174,0.1653977686621,0,1.6e-12
0.9886002088276588,0.0,-0.0023213658960105,0.0000000000000000,-0.0310350158576497,0.0000000000000000,5.4033813153754187,3.0036765221891821,2.001080,-0.910300,-1.0907800048054,0.1784158761893,0,7.2e-13
0.9886084949025213,0.0,-0.0023440498589529,0.0000000000000000,-0.0310628763154255,0.0000000000000000,5.4045503068455201,3.0036754462441628,2.001123,-0.903630,-1.0974922876982,0.1917246635821,0,1.2e-12
0.9886169408158739,0.0,-0.0023668765478326,0.0000000000000000,-0.0310913080568270,0.0000000000000000,5.4057410915769832,3.0036743510575126,2.001167,-0.896811,-1.1043554881477,0.2053317184677,0,2.4e-12
0.9886255499734367,0.0,-0.0023898468360863,0.0000000000000000,-0.0311203245890913,0.0000000000000000,5.4069541004963879,3.0036732362778014,2.001212,-0.889838,-1.1113735710771,0.2192448410648,0,4.8e-13
0.9886343258642143,0.0,-0.0024129615595555,0.0000000000000000,-0.0311499398044881,0.0000000000000000,5.4081897734692390,3.0036721015473486,2.001259,-0.882708,-1.1185505915764,0.2334721286041,0,5.0e-13
0.9886432720627495,0.0,-0.0024362215141283,0.0000000000000000,-0.0311801679934092,0.0000000000000000,5.4094485594948489,3.0036709465021540,2.001308,-0.875417,-1.1258907519608,0.2480218835201,0,5.3e-13
0.9886523922317741,0.0,-0.0024596274543635,0.0000000000000000,-0.0312110238588386,0.0000000000000000,5.4107309169006559,3.0036697707717921,2.001358,-0.867959,-1.1333983689960,0.2629026920727,0,3.2e-12
0.9886616901249001,0.0,-0.0024831800914440,0.0000000000000000,-0.0312425225314745,0.0000000000000000,5.4120373135440092,3.0036685739793296,2.001410,-0.860332,-1.1410779235072,0.2781233491937,0,1.3e-12
0.9886711695894292,0.0,-0.0025068800914172,0.0000000000000000,-0.0312746795855839,0.0000000000000000,5.4133682270172097,3.0036673557412121,2.001464,-0.852530,-1.1489339945819,0.2936929996379,0,2.7e-13
0.9886808345692933,0.0,-0.0025307280730696,0.0000000000000000,-0.0313075110555393,0.0000000000000000,5.4147241448594228,3.0036661156671798,2.001519,-0.844548,-1.1569713153686,0.3096210518099,0,7.4e-13
0.9886906891081110,0.0,-0.0025547246059030,0.0000000000000000,-0.0313410334532278,0.0000000000000000,5.4161055647726277,3.0036648533601600,2.001577,-0.836382,-1.1651947846303,0.3259171777682,0,9.5e-13
0.9887007373524006,0.0,-0.0025788702078385,0.0000000000000000,-0.0313752637863549,0.0000000000000000,5.4175129948443086,3.0036635684161750,2.001636,-0.828027,-1.1736094239570,0.3425914111510,0,2.3e-13
0.9887109835548917,0.0,-0.0026031653429626,0.0000000000000000,-0.0314102195775261,0.0000000000000000,5.4189469537749479,3.0036622604242309,2.001698,-0.819477,-1.1822204380802,0.3596540579895,0,5.5e-13
0.9887214320781157,0.0,-0.0026276104191242,0.0000000000000000,-0.0314459188847035,0.0000000000000000,5.4204079711116311,3.0036609289662217,2.001761,-0.810728,-1.1910331877574,0.3771157684612,0,7.1e-13
0.9887320873978385,0.0,-0.0026522057849592,0.0000000000000000,-0.0314823803216787,0.0000000000000000,5.4218965874909726,3.0036595736168414,2.001827,-0.801774,-1.2000532009924,0.3949875387325,0,5.6e-13
0.9887429541072125,0.0,-0.0026769517278930,0.0000000000000000,-0.0315196230814098,0.0000000000000000,5.4234133548815846,3.0036581939434459,2.001895,-0.792609,-1.2092861821750,0.4132807189972,0,4.5e-13
0.9887540369206023,0.0,-0.0027018484707992,0.0000000000000000,-0.0315576669589877,0.0000000000000000,5.4249588368403971,3.0036567895059711,2.001965,-0.783227,-1.2187380023954,0.4320070538426,0,3.6e-12
0.9887653406778374,0.0,-0.0027268961691828,0.0000000000000000,-0.0315965323763573,0.0000000000000000,5.4265336087721137,3.0036553598568263,2.002037,-0.773623,-1.2284147698532,0.4511785829573,0,1.8e-12
0.9887768703486675,0.0,-0.0027520949080491,0.0000000000000000,-0.0316362404087127,0.0000000000000000,5.4281382581972935,3.0036539045407755,2.002112,-0.763789,-1.2383227318881,0.4708078423410,0,9.2e-13
0.9887886310373855,0.0,-0.0027774446986047,0.0000000000000000,-0.0316768128118454,0.0000000000000000,5.4297733850272474,3.0036524230948363,2.002189,-0.753721,-1.2484683635357,0.4909077340204,0,7.0e-13
0.9888006279877467,0.0,-0.0028029454747824,0.0000000000000000,-0.0317182720514566,0.0000000000000000,5.4314396018476030,3.0036509150481669,2.002269,-0.743411,-1.2588583523248,0.5114915815327,0,6.4e-13
0.9888128665881253,0.0,-0.0028285970896834,0.0000000000000000,-0.0317606413338938,0.0000000000000000,5.4331375342095267,3.0036493799219519,2.002351,-0.732852,-1.2694995858261,0.5325731818663,0,1.3e-12
0.9888253523769268,0.0,-0.0028543993116588,0.0000000000000000,-0.0318039446386763,0.0000000000000000,5.4348678209299823,3.0036478172292949,2.002436,-0.722037,-1.2803992092234,0.5541667349903,0,3.1e-13
0.9888380910483290,0.0,-0.0028803518203495,0.0000000000000000,-0.0318482067530839,0.0000000000000000,5.4366311144009059,3.0036462264750949,2.002524,-0.710959,-1.2915645728900,0.5762869690222,0,4.4e-13
0.9888510884582991,0.0,-0.0029064542024101,0.0000000000000000,-0.0318934533085669,0.0000000000000000,5.4384280809078254,3.0036446071559366,2.002614,-0.699611,-1.3030032706827,0.5989491051993,0,1.9e-12
0.9888643506310165,0.0,-0.0029327059470342,0.0000000000000000,-0.0319397108196399,0.0000000000000000,5.4402594009586283,3.0036429587599716,2.002707,-0.687984,-1.3147231846289,0.6221688163182,0,6.4e-13
0.9888778837655480,0.0,-0.0029591064412335,0.0000000000000000,-0.0319870067248003,0.0000000000000000,5.4421257696223613,3.0036412807667916,2.002804,-0.676071,-1.3267324045917,0.6459624019034,0,2.8e-13
0.9888916942430712,0.0,-0.0029856549649002,0.0000000000000000,-0.0320353694303842,0.0000000000000000,5.4440278968797307,3.0036395726473142,2.002903,-0.663863,-1.3390393319056,0.6703466471376,0,5.5e-13
0.9889057886344294,0.0,-0.0030123506856050,0.0000000000000000,-0.0320848283570763,0.0000000000000000,5.4459665079837221,3.0036378338636447,2.003005,-0.651352,-1.3516526289896,0.6953389488494,0,5.9e-13
0.9889201737079558,0.0,-0.0030391926526588,0.0000000000000000,-0.0321354139884960,0.0000000000000000,5.4479423438363819,3.0036360638689841,2.003110,-0.638529,-1.3645812655739,0.7209572768825,0,6.3e-13
0.9889348564383352,0.0,-0.0030661797918198,0.0000000000000000,-0.0321871579252086,0.0000000000000000,5.4499561613720360,3.0036342621074494,2.003218,-0.625384,-1.3778345037469,0.7472202432969,0,6.5e-13
0.9889498440154089,0.0,-0.0030933108987362,0.0000000000000000,-0.0322400929397862,0.0000000000000000,5.4520087339599339,3.0036324280139781,2.003330,-0.611908,-1.3914219264577,0.7741470979598,0,5.0e-13
0.9889651438538712,0.0,-0.0031205846324080,0.0000000000000000,-0.0322942530369873,0.0000000000000000,5.4541008518191143,3.0036305610141820,2.003444,-0.598091,-1.4053534419225,0.8017577672574,0,5.4e-13
0.9889807636035194,0.0,-0.0031479995081843,0.0000000000000000,-0.0323496735178366,0.0000000000000000,5.4562333224489343,3.0036286605242064,2.003563,-0.583923,-1.4196392931581,0.8300728859322,0,1.1e-12
0.9889967111602054,0.0,-0.0031755538904525,0.0000000000000000,-0.0324063910479026,0.0000000000000000,5.4584069710757452,3.0036267259505913,2.003684,-0.569394,-1.4342900962596,0.8591137842978,0,5.9e-13
0.9890129946775054,0.0,-0.0032032459846976,0.0000000000000000,-0.0324644437306027,0.0000000000000000,5.4606226411177028,3.0036247566901277,2.003809,-0.554493,-1.4493168091520,0.8889025921186,0,8.5e-13
0.9890296225792141,0.0,-0.0032310738292132,0.0000000000000000,-0.0325238711857952,0.0000000000000000,5.4628811946677089,3.0036227521297012,2.003938,-0.539207,-1.4647307791659,0.9194622136853,0,1.1e-12
0.9890466035726991,0.0,-0.0032590352861299,0.0000000000000000,-0.0325847146340139,0.0000000000000000,5.4651835129966981,3.0036207116461404,2.004070,-0.523526,-1.4805437676821,0.9508163451817,0,1.4e-12
0.9890639466632407,0.0,-0.0032871280320312,0.0000000000000000,-0.0326470169870349,0.0000000000000000,5.4675304970782790,3.0036186346060556,2.004206,-0.507438,-1.4967679325376,0.9829895625781,0,1.4e-12
0.9890816611694038,0.0,-0.0033153495478034,0.0000000000000000,-0.0327108229453500,0.0000000000000000,5.4699230681363291,3.0036165203656728,2.004346,-0.490930,-1.5134158663755,1.0160073213051,0,7.0e-13
0.9890997567395682,0.0,-0.0033436971078853,0.0000000000000000,-0.0327761791031178,0.0000000000000000,5.4723621682174972,3.0036143682706560,2.004489,-0.473988,-1.5305006035772,1.0498960082271,0,2.7e-13
0.9891182433697084,0.0,-0.0033721677687698,0.0000000000000000,-0.0328431340613171,0.0000000000000000,5.4748487607903424,3.0036121776559295,2.004636,-0.456600,-1.5480356476151,1.0846829662081,0,7.3e-13
0.9891371314225615,0.0,-0.0034007583565858,0.0000000000000000,-0.0329117385501032,0.0000000000000000,5.4773838313737944,3.0036099478454905,2.004787,-0.438752,-1.5660349763168,1.1203965552430,0,7.6e-13
0.9891564316483791,0.0,-0.0034294654540058,0.0000000000000000,-0.0329820455611644,0.0000000000000000,5.4799683881964683,3.0036076781522056,2.004941,-0.420428,-1.5845130924738,1.1570661460129,0,6.1e-13
0.9891761552072369,0.0,-0.0034582853859748,0.0000000000000000,-0.0330541104909130,0.0000000000000000,5.4826034628903564,3.0036053678776011,2.005100,-0.401615,-1.6034850044514,1.1947222266859,0,3.6e-13
0.9891963136933125,0.0,-0.0034872142045040,0.0000000000000000,-0.0331279912959930,0.0000000000000000,5.4852901112215067,3.0036030163116449,2.005262,-0.382296,-1.6229662685265,1.2333964158153,0,8.9e-13
0.9892169191612055,0.0,-0.0035162476722698,0.0000000000000000,-0.0332037486624258,0.0000000000000000,5.4880294138614349,3.0036006227325069,2.005428,-0.362455,-1.6429730232433,1.2731214937555,0,7.9e-13
0.9892379841544701,0.0,-0.0035453812448888,0.0000000000000000,-0.0332814461892974,0.0000000000000000,5.4908224772024257,3.0035981864063150,2.005599,-0.342077,-1.6635219673597,1.3139315215998,0,2.2e-12
0.9892595217367660,0.0,-0.0035746100518718,0.0000000000000000,-0.0333611505894973,0.0000000000000000,5.4936704342217109,3.0035957065868808,2.005773,-0.321142,-1.6846304725923,1.3558617635922,0,3.8e-13
0.9892815455257621,0.0,-0.0036039288758770,0.0000000000000000,-0.0334429319086829,0.0000000000000000,5.4965744453992222,3.0035931825154156,2.005951,-0.299634,-1.7063164894569,1.3989489202313,0,1.3e-12
0.9893040697302519,0.0,-0.0036333321303371,0.0000000000000000,-0.0335268637650993,0.0000000000000000,5.4995356996940075,3.0035906134202275,2.006132,-0.277534,-1.7285986930916,1.4432310131228,0,8.9e-13
0.9893271091907025,0.0,-0.0036628138350893,0.0000000000000000,-0.0336130236123013,0.0000000000000000,5.5025554155858591,3.0035879985163754,2.006318,-0.254821,-1.7514964312888,1.4887475638849,0,4.0e-13
0.9893506794238826,0.0,-0.0036923675899437,0.0000000000000000,-0.0337014930280406,0.0000000000000000,5.5056348421895454,3.0035853370053198,2.006507,-0.231477,-1.7750297931392,1.5355396034651,0,1.0e-12
0.9893747966717792,0.0,-0.0037219865457116,0.0000000000000000,-0.0337923580320804,0.0000000000000000,5.5087752604489104,3.0035826280745237,2.006700,-0.207480,-1.7992196150637,1.5836497750038,0,6.6e-13
0.9893994779556120,0.0,-0.0037516633726281,0.0000000000000000,-0.0338857094370034,0.0000000000000000,5.5119779844211036,3.0035798708970241,2.006896,-0.182808,-1.8240875604028,1.6331223431746,0,6.4e-13
0.9894247411354842,0.0,-0.0037813902257761,0.0000000000000000,-0.0339816432360893,0.0000000000000000,5.5152443626608179,3.0035770646309596,2.007096,-0.157440,-1.8496561043772,1.6840033376244,0,3.9e-13
0.9894506049763591,0.0,-0.0038111587069950,0.0000000000000000,-0.0340802610331956,0.0000000000000000,5.5185757797169677,3.0035742084190504,2.007299,-0.131350,-1.8759485998125,1.7363405930588,0,7.0e-13
0.9894770892214102,0.0,-0.0038409598230680,0.0000000000000000,-0.0341816705205199,0.0000000000000000,5.5219736577562113,3.0035713013880292,2.007505,-0.104516,-1.9029892930186,1.7901838634719,0,2.5e-12
0.9895042146735771,0.0,-0.0038707839394176,0.0000000000000000,-0.0342859860108510,0.0000000000000000,5.5254394583294122,3.0035683426480042,2.007714,-0.076911,-1.9308034332481,1.8455848248769,0,3.2e-13
0.9895320032866154,0.0,-0.0039006207289193,0.0000000000000000,-0.0343933290321915,0.0000000000000000,5.5289746843000316,3.0035653312917474,2.007926,-0.048509,-1.9594172095462,1.9025973026106,0,2.4e-13
0.9895604782670234,0.0,-0.0039304591149370,0.0000000000000000,-0.0345038289939226,0.0000000000000000,5.5325808819570890,3.0035622663939114,2.008141,-0.019283,-1.9888578870307,1.9612772587018,0,3.0e-13
0.9895896641884619,0.0,-0.0039602872080025,0.0000000000000000,-0.0346176239352471,0.0000000000000000,5.5362596433376794,3.0035591470101446,2.008357,0.010796,-2.0191538253544,2.0216829352007,0,8.0e-13
0.9896195871206149,0.0,-0.0039900922347803,0.0000000000000000,-0.0347348613691734,0.0000000000000000,5.5400126087911206,3.0035559721760912,2.008576,0.041758,-2.0503345365230,2.0838749599801,0,6.9e-13
0.9896502747748691,0.0,-0.0040198604585952,0.0000000000000000,-0.0348556992368732,0.0000000000000000,5.5438414698190552,3.0035527409062759,2.008796,0.073634,-2.0824307343786,2.1479164728317,0,1.2e-12
0.9896817566694613,0.0,-0.0040495770897722,0.0000000000000000,-0.0349803069909903,0.0000000000000000,5.5477479722354071,3.0035494521928277,2.009018,0.106457,-2.1154744179758,2.2138732257963,0,4.2e-13
0.9897140643174818,0.0,-0.0040792261842348,0.0000000000000000,-0.0351088668298002,0.0000000000000000,5.5517339196964173,3.0035461050040397,2.009240,0.140259,-2.1494988955532,2.2818137621043,0,1.3e-12
0.9897472314417962,0.0,-0.0041087905284698,0.0000000000000000,-0.0352415751088443,0.0000000000000000,5.5558011776612064,3.0035426982827280,2.009463,0.175076,-2.1845389257019,2.3518094857881,0,3.6e-13
0.9897812942215906,0.0,-0.0041382515082641,0.0000000000000000,-0.0353786439621876,0.0000000000000000,5.5599516778559899,3.0035392309443334,2.009685,0.210946,-2.2206307138465,2.4239348972815,0,8.0e-13
0.9898162915766294,0.0,-0.0041675889581873,0.0000000000000000,-0.0355203031728601,0.0000000000000000,5.5641874233298170,3.0035357018747786,2.009906,0.247906,-2.2578120602690,2.4982676950171,0,2.1e-12
0.9898522654964437,0.0,-0.0041967809883936,0.0000000000000000,-0.0356668023409044,0.0000000000000000,5.5685104942077022,3.0035321099279639,2.010126,0.285996,-2.2961224337401,2.5748889728840,0,1.0e-12
0.9898892614234728,0.0,-0.0042258037839384,0.0000000000000000,-0.0358184134091178,0.0000000000000000,5.5729230542715991,3.0035284539228826,2.010343,0.325260,-2.3356030372869,2.6538834440141,0,2.0e-12
0.9899273287014592,0.0,-0.0042546313711505,0.0000000000000000,-0.0359754336213533,0.0000000000000000,5.5774273585281131,3.0035247326402810,2.010558,0.365739,-2.3762969740842,2.7353396045488,0,2.8e-12
0.9899665211030503,0.0,-0.0042832353437546,0.0000000000000000,-0.0361381890072212,0.0000000000000000,5.5820257619600842,3.0035209448187552,2.010768,0.407481,-2.4182493418067,2.8193499926907,0,6.0e-13
0.9900068974549546,0.0,-0.0043115845402330,0.0000000000000000,-0.0363070385141387,0.0000000000000000,5.5867207297013071,3.0035170891501490,2.010974,0.450534,-2.4615073408833,2.9060114639829,0,5.6e-13
0.9900485223824176,0.0,-0.0043396446599434,0.0000000000000000,-0.0364823789350618,0.0000000000000000,5.5915148489499487,3.0035131642742217,2.011173,0.494948,-2.5061204808588,2.9954254383921,0,3.4e-13
0.9900914672037286,0.0,-0.0043673778042721,0.0000000000000000,-0.0366646508341279,0.0000000000000000,5.5964108429902568,3.0035091687722790,2.011364,0.540776,-2.5521407072187,3.0876982532462,0,6.6e-13
0.9901358110121077,0.0,-0.0043947419226910,0.0000000000000000,-0.0368543457228875,0.0000000000000000,5.6014115878184390,3.0035051011596412,2.011547,0.588075,-2.5996226197506,3.1829415100936,0,1.8e-12
0.9901816419956425,0.0,-0.0044216901382562,0.0000000000000000,-0.0370520148268386,0.0000000000000000,5.6065201319901350,3.0035009598766833,2.011720,0.636904,-2.6486236895260,3.2812724934386,0,1.5e-12
0.9902290590624669,0.0,-0.0044481699184096,0.0000000000000000,-0.0372582798938417,0.0000000000000000,5.6117397204895632,3.0034967432780930,2.011880,0.687325,-2.6992044971031,3.3828146550224,0,1.2e-12
0.9902781738616071,0.0,-0.0044741220444300,0.0000000000000000,-0.0374738466547591,0.0000000000000000,5.6170738236607995,3.0034924496199786,2.012026,0.739403,-2.7514290432787,3.4876981599717,0,1.9e-12
0.9903291133241545,0.0,-0.0044994793161140,0.0000000000000000,-0.0376995217762079,0.0000000000000000,5.6225261725555509,3.0034880770442576,2.012156,0.793209,-2.8053651143632,3.5960605327027,0,6.5e-13
0.9903820228960526,0.0,-0.0045241649014792,0.0000000000000000,-0.0379362344683737,0.0000000000000000,5.6281008025094819,3.0034836235598328,2.012267,0.848817,-2.8610846524425,3.7080474416009,0,1.5e-12
0.9904370707082306,0.0,-0.0045480902052713,0.0000000000000000,-0.0381850644110937,0.0000000000000000,5.6338021073278606,3.0034790870196337,2.012357,0.906307,-2.9186643173422,3.8238136084654,0,1.7e-13
0.9904944530356706,0.0,-0.0045711520707688,0.0000000000000000,-0.0384472783922718,0.0000000000000000,5.6396349073070269,3.0034744650927028,2.012423,0.965763,-2.9781860202916,3.9435239433959,0,1.5e-12
0.9905451480125080,0.0,-0.0045899545251648,0.0000000000000000,-0.0386813924721759,0.0000000000000000,5.6446915062687193,3.0034704742257121,2.012457,1.017826,-3.0302825665393,4.0483304830160,0,3.7e-13
0.9905956941767347,0.0,-0.0046072529755813,0.0000000000000000,-0.0389171664351605,0.0000000000000000,5.6496405937694618,3.0034665828478433,2.012468,1.069242,-3.0817105043273,4.1518161859211,0,1.9e-12
0.9906484667914537,0.0,-0.0046237878205912,0.0000000000000000,-0.0391658810186283,0.0000000000000000,5.6547061972160089,3.0034626151427113,2.012456,1.122335,-3.1347915807937,4.2586505352385,0,7.6e-13
0.9907036936117116,0.0,-0.0046394412815764,0.0000000000000000,-0.0394290210502198,0.0000000000000000,5.6598931967054771,3.0034585687459092,2.012419,1.177181,-3.1895995403753,4.3689806790699,0,1.3e-12
0.9907616478492260,0.0,-0.0046540720064907,0.0000000000000000,-0.0397083766118870,0.0000000000000000,5.6652070451884935,3.0034544410703043,2.012352,1.233863,-3.2462141908589,4.4829652991378,0,5.7e-13
0.9908226621502928,0.0,-0.0046675076853739,0.0000000000000000,-0.0400061382307458,0.0000000000000000,5.6706538935646806,3.0034502292736662,2.012251,1.292471,-3.3047223579102,4.6007764654117,0,6.9e-13
0.9908871485610257,0.0,-0.0046795343851669,0.0000000000000000,-0.0403250333967268,0.0000000000000000,5.6762407493428206,3.0034459302289394,2.012114,1.353105,-3.3652191518010,4.7226019475821,0,2.2e-12
0.9909556278967425,0.0,-0.0046898806500870,0.0000000000000000,-0.0406685283221310,0.0000000000000000,5.6819756758661741,3.0034415405087977,2.011934,1.415875,-3.4278095031222,4.8486480381488,0,1.3e-12
0.9910287744647939,0.0,-0.0046981928935244,0.0000000000000000,-0.0410411368550129,0.0000000000000000,5.6878680346135377,3.0034370564132162,2.011707,1.480903,-3.4926099524990,4.9791428553735,0,1.3e-12
0.9911074870249261,0.0,-0.0047039955636881,0.0000000000000000,-0.0414489138227739,0.0000000000000000,5.6939287542852703,3.0034324741111273,2.011427,1.548323,-3.5597507532688,5.1143400121147,0,1.4e-12
0.9911930071436864,0.0,-0.0047066230360564,0.0000000000000000,-0.0419002844001625,0.0000000000000000,5.7001705458256042,3.0034277900770889,2.011092,1.618286,-3.6293777794229,5.2545217277243,0,1.1e-12
0.9912871291458057,0.0,-0.0047050949345937,0.0000000000000000,-0.0424075299543586,0.0000000000000000,5.7066077673350062,3.0034230023156923,2.010702,1.690951,-3.7016531487360,5.3999989023695,0,2.5e-12
0.9913926027950728,0.0,-0.0046978669477816,0.0000000000000000,-0.0429896747684557,0.0000000000000000,5.7132548863967214,3.0034181138454761,2.010283,1.766468,-3.7767515370414,5.5511016465124,0,1.3e-12
0.9915139883949541,0.0,-0.0046822706993348,0.0000000000000000,-0.0436787264205469,0.0000000000000000,5.7201195205539319,3.0034131434769442,2.009961,1.844886,-3.8548466814234,5.7081483412226,0,1.8e-12
0.9915165348177807,0.0,-0.0046818592262353,0.0000000000000000,-0.0436934104133489,0.0000000000000000,5.7202541420885229,3.0034130470144693,2.009958,1.846427,-3.8563851735200,5.7112411024033,0,1.8e-12
0.9915191408880247,0.0,-0.0046814344991403,0.0000000000000000,-0.0437084483794615,0.0000000000000000,5.7203915082269337,3.0034129486321022,2.009955,1.848000,-3.8579553783411,5.7143975649688,0,1.7e-12
0.9915218082414536,0.0,-0.0046809959946114,0.0000000000000000,-0.0437238504815240,0.0000000000000000,5.7205316757746445,3.0034128482925269,2.009953,1.849605,-3.8595579746167,5.7176190890864,0,1.0e-12
0.9915245385716436,0.0,-0.0046805431638509,0.0000000000000000,-0.0437396272616730,0.0000000000000000,5.7206747027192231,3.0034127459577813,2.009951,1.851243,-3.8611936472467,5.7209070511080,0,1.6e-12
0.9915273336323640,0.0,-0.0046800754312859,0.0000000000000000,-0.0437557896583027,0.0000000000000000,5.7208206482602275,3.0034126415892755,2.009949,1.852914,-3.8628631127426,5.7242628841646,0,1.4e-12
0.9915301952407577,0.0,-0.0046795921929195,0.0000000000000000,-0.0437723490277917,0.0000000000000000,5.7209695728256245,3.0034125351477781,2.009947,1.854620,-3.8645670904507,5.7276880326881,0,2.0e-12
0.9915331252803730,0.0,-0.0046790928146916,0.0000000000000000,-0.0437893171653947,0.0000000000000000,5.7211215380952227,3.0034124265934170,2.009946,1.856360,-3.8663063278862,5.7311839926952,0,1.9e-12
0.9915361257044665,0.0,-0.0046785766305874,0.0000000000000000,-0.0438067063282834,0.0000000000000000,5.7212766070218608,3.0034123158856896,2.009945,1.858136,-3.8680815793438,5.7347522780586,0,2.3e-12
0.9915391985394675,0.0,-0.0046780429406978,0.0000000000000000,-0.0438245292596211,0.0000000000000000,5.7214348438540821,3.0034122029834633,2.009945,1.859949,-3.8698936322487,5.7383944628368,0,1.0e-12
0.9915423458889783,0.0,-0.0046774910091417,0.0000000000000000,-0.0438427992159807,0.0000000000000000,5.7215963141510500,3.0034120878449695,2.009945,1.861798,-3.8717432662883,5.7421121156707,0,1.6e-12
0.9915455699374105,0.0,-0.0046769200617119,0.0000000000000000,-0.0438615299933963,0.0000000000000000,5.7217610848104963,3.0034119704278406,2.009946,1.863686,-3.8736313112228,5.7459068932336,0,8.2e-13
0.9915488729545270,0.0,-0.0046763292835839,0.0000000000000000,-0.0438807359584405,0.0000000000000000,5.7219292240824551,3.0034118506890883,2.009947,1.865612,-3.8755585863309,5.7497804426473,0,1.9e-12
0.9915522572999289,0.0,-0.0046757178164753,0.0000000000000000,-0.0439004320801779,0.0000000000000000,5.7221008015878070,3.0034117285851467,2.009949,1.867577,-3.8775259583934,5.7537344954829,0,2.3e-12
0.9915557254279961,0.0,-0.0046750847559870,0.0000000000000000,-0.0439206339643986,0.0000000000000000,5.7222758883352514,3.0034116040718706,2.009951,1.869583,-3.8795343015855,5.7577708030823,0,2.1e-12
0.9915592798930637,0.0,-0.0046744291484964,0.0000000000000000,-0.0439413578902502,0.0000000000000000,5.7224545567371523,3.0034114771045615,2.009955,1.871630,-3.8815845131002,5.7618911620469,0,1.3e-12
0.9915629233553014,0.0,-0.0046737499877278,0.0000000000000000,-0.0439626208515228,0.0000000000000000,5.7226368806161529,3.0034113476379911,2.009959,1.873719,-3.8836775029515,5.7660973978415,0,2.0e-12
0.9915666585864235,0.0,-0.0046730462113207,0.0000000000000000,-0.0439844405971870,0.0000000000000000,5.7228229352241566,3.0034112156264401,2.009964,1.875850,-3.8858142256589,5.7703914168406,0,1.4e-12
0.9915704884764144,0.0,-0.0046723166968246,0.0000000000000000,-0.0440068356789397,0.0000000000000000,5.7230127972439897,3.0034110810237280,2.009970,1.878025,-3.8879956347448,5.7747751321885,0,2.2e-12
0.9915744160404322,0.0,-0.0046715602575764,0.0000000000000000,-0.0440298255001200,0.0000000000000000,5.7232065447960085,3.0034109437832557,2.009978,1.880245,-3.8902227358285,5.7792505510539,0,8.9e-13
0.9915784444266019,0.0,-0.0046707756379966,0.0000000000000000,-0.0440534303710550,0.0000000000000000,5.7234042574318806,3.0034108038580474,2.009987,1.882510,-3.8924965255004,5.7838196744375,0,1.9e-12
0.9915825769238158,0.0,-0.0046699615087595,0.0000000000000000,-0.0440776715648515,0.0000000000000000,5.7236060161381221,3.0034106612008218,2.009998,1.884821,-3.8948180619536,5.7884846138382,0,1.4e-12
0.9915868169707411,0.0,-0.0046691164611971,0.0000000000000000,-0.0441025713818713,0.0000000000000000,5.7238119033195387,3.0034105157640552,2.010010,1.887179,-3.8971884018436,5.7932474874154,0,2.4e-12
0.9915911681652381,0.0,-0.0046682390015140,0.0000000000000000,-0.0441281532170471,0.0000000000000000,5.7240220027848947,3.0034103675000532,2.010024,1.889585,-3.8996086563658,5.7981105130994,0,1.7e-12
0.9915956342749174,0.0,-0.0046673275441455,0.0000000000000000,-0.0441544416356869,0.0000000000000000,5.7242363997148633,3.0034102163610457,2.010040,1.892040,-3.9020799449465,5.8030759321189,0,1.3e-12
0.9916002192479462,0.0,-0.0046663804049386,0.0000000000000000,-0.0441814624513964,0.0000000000000000,5.7244551806368582,3.0034100622992890,2.010059,1.894544,-3.9046034200714,5.8081460504016,0,2.4e-12
0.9916049272254055,0.0,-0.0046653957931131,0.0000000000000000,-0.0442092428156237,0.0000000000000000,5.7246784333729916,3.0034099052671941,2.010081,1.897100,-3.9071802824542,5.8133232648172,0,2.6e-12
0.9916097625543966,0.0,-0.0046643718029436,0.0000000000000000,-0.0442378113122774,0.0000000000000000,5.7249062469850340,3.0034097452174580,2.010105,1.899707,-3.9098117591780,5.8186100268760,0,1.3e-12
0.9916147298026196,0.0,-0.0046633064042408,0.0000000000000000,-0.0442671980636572,0.0000000000000000,5.7251387116941688,3.0034095821032283,2.010133,1.902366,-3.9124990974311,5.8240088323670,0,1.4e-12
0.9916198337736896,0.0,-0.0046621974322624,0.0000000000000000,-0.0442974348422526,0.0000000000000000,5.7253759187996129,3.0034094158782869,2.010165,1.905078,-3.9152435984373,5.8295222791724,0,1.8e-12
0.9916250795244012,0.0,-0.0046610425761609,0.0000000000000000,-0.0443285551970216,0.0000000000000000,5.7256179605614754,3.0034092464972746,2.010202,1.907845,-3.9180466046609,5.8351530465537,0,8.8e-13
0.9916304723835933,0.0,-0.0046598393663918,0.0000000000000000,-0.0443605945915889,0.0000000000000000,5.7258649300591440,3.0034090739159316,2.010244,1.910666,-3.9209094813905,5.8409038640415,0,1.6e-12
0.9916360179723188,0.0,-0.0046585851610158,0.0000000000000000,-0.0443935905527380,0.0000000000000000,5.7261169210352270,3.0034088980913913,2.010291,1.913543,-3.9238336571787,5.8467775811538,0,2.2e-12
0.9916417222263814,0.0,-0.0046572771300804,0.0000000000000000,-0.0444275828372437,0.0000000000000000,5.7263740276908779,3.0034087189825143,2.010345,1.916475,-3.9268206002554,5.8527771280398,0,2.7e-12
0.9916475914212904,0.0,-0.0046559122384729,0.0000000000000000,-0.0444626136162076,0.0000000000000000,5.7266363444397426,3.0034085365502738,2.010407,1.919465,-3.9298718364171,5.8589055468399,0,1.5e-12
0.9916536321988857,0.0,-0.0046544872268890,0.0000000000000000,-0.0444987276742137,0.0000000000000000,5.7269039656310774,3.0034083507582152,2.010478,1.922511,-3.9329889249078,5.8651659510862,0,1.4e-12
0.9916598515977956,0.0,-0.0046529985904062,0.0000000000000000,-0.0445359726359233,0.0000000000000000,5.7271769851908445,3.0034081615729709,2.010559,1.925615,-3.9361735004247,5.8715615991249,0,1.4e-12
0.9916662570859224,0.0,-0.0046514425546027,0.0000000000000000,-0.0445743992112133,0.0000000000000000,5.7274554962201414,3.0034079689648836,2.010652,1.928776,-3.9394272524596,5.8780958598877,0,2.3e-12
0.9916728565974199,0.0,-0.0046498150487300,0.0000000000000000,-0.0446140614729676,0.0000000000000000,5.7277395904884880,3.0034077729087163,2.010758,1.931994,-3.9427519576915,5.8847722706316,0,1.2e-12
0.9916796585726665,0.0,-0.0046481116756126,0.0000000000000000,-0.0446550171610851,0.0000000000000000,5.7280293578534724,3.0034075733844934,2.010882,1.935268,-3.9461494370142,5.8915944632232,0,1.6e-12
0.9916866720035084,0.0,-0.0046463276775287,0.0000000000000000,-0.0446973280265744,0.0000000000000000,5.7283248855410660,3.0034073703784792,2.011025,1.938597,-3.9496216201247,5.8985662793110,0,2.3e-12
0.9916939064826629,0.0,-0.0046444578978926,0.0000000000000000,-0.0447410602108641,0.0000000000000000,5.7286262573092444,3.0034071638843440,2.011191,1.941979,-3.9531705274823,5.9056917410659,0,2.0e-12
0.9917013722595083,0.0,-0.0046424967374020,0.0000000000000000,-0.0447862846758254,0.0000000000000000,5.7289335524194911,3.0034069539045301,2.011385,1.945413,-3.9567982756204,5.9129750628527,0,2.5e-12
0.9917090803014873,0.0,-0.0046404381046724,0.0000000000000000,-0.0448330776808271,0.0000000000000000,5.7292468444284053,3.0034067404518647,2.011613,1.948894,-3.9605071099736,5.9204207125977,0,3.0e-12
0.9917170423633836,0.0,-0.0046382753594063,0.0000000000000000,-0.0448815213243043,0.0000000000000000,5.7295661997079410,3.0034065235514906,2.011882,1.952417,-3.9642994176573,5.9280334384314,0,2.5e-12
0.9917252710639441,0.0,-0.0046360012476639,0.0000000000000000,-0.0449317041488679,0.0000000000000000,5.7298916756878544,3.0034063032431595,2.012202,1.955976,-3.9681777363634,5.9358182888361,0,1.8e-12
0.9917337799724666,0.0,-0.0046336078273823,0.0000000000000000,-0.0449837218291925,0.0000000000000000,5.7302233187061304,3.0034060795839661,2.012584,1.959561,-3.9721447923394,5.9437806859138,0,1.8e-12
0.9917425837050211,0.0,-0.0046310863825323,0.0000000000000000,-0.0450376779460702,0.0000000000000000,5.7305611614255207,3.0034058526516594,2.013045,1.963159,-3.9762035421288,5.9519265075087,0,1.7e-12
0.9917515149763660,0.0,-0.0046284812189109,0.0000000000000000,-0.0450925585136833,0.0000000000000000,5.7308983667846327,3.0034056271214373,2.013591,1.966683,-3.9802742543410,5.9600956943824,0,2.6e-12
0.9917607644002222,0.0,-0.0046257327731356,0.0000000000000000,-0.0451495472134464,0.0000000000000000,5.7312416750839681,3.0034053985787983,2.014257,1.970184,-3.9844411464324,5.9684572093951,0,2.2e-12
0.9917703496497100,0.0,-0.0046228298928631,0.0000000000000000,-0.0452087712814995,0.0000000000000000,5.7315910630434175,3.0034051671786730,2.015074,1.973634,-3.9887079954184,5.9770185627456,0,1.9e-12
0.9917802898731040,0.0,-0.0046197602234611,0.0000000000000000,-0.0452703694488910,0.0000000000000000,5.7319464785816727,3.0034049331155472,2.016081,1.976998,-3.9930790402434,5.9857881827001,0,1.8e-12
0.9917906058521944,0.0,-0.0046165100362619,0.0000000000000000,-0.0453344933087819,0.0000000000000000,5.7323078342911229,3.0034046966316112,2.017328,1.980231,-3.9975590921996,5.9947756365460,0,1.7e-12
0.9917944973163713,0.0,-0.0046152667693293,0.0000000000000000,-0.0453587352823503,0.0000000000000000,5.7324421524559437,3.0034046091392712,2.017857,1.981377,-3.9992346181415,5.9981366861491,0,1.7e-12
0.9917984938080058,0.0,-0.0046139800675184,0.0000000000000000,-0.0453836618454013,0.0000000000000000,5.7325789530907008,3.0034045202706947,2.018437,1.982510,-4.0009473024357,6.0015721419572,0,2.2e-12
0.9918025989905707,0.0,-0.0046126478985848,0.0000000000000000,-0.0454092984932700,0.0000000000000000,5.7327182650096544,3.0034044300294207,2.019072,1.983626,-4.0026982065662,6.0050841220014,0,1.9e-12
0.9918068167023364,0.0,-0.0046112681034069,0.0000000000000000,-0.0454356720323586,0.0000000000000000,5.7328601153371306,3.0034043384220865,2.019768,1.984721,-4.0044884357779,6.0086748327430,0,2.2e-12
0.9918111509673685,0.0,-0.0046098383855858,0.0000000000000000,-0.0454628106701225,0.0000000000000000,5.7330045291948295,3.0034042454588437,2.020529,1.985790,-4.0063191712192,6.0123466305241,0,1.9e-12
0.9918156060069152,0.0,-0.0046083563004123,0.0000000000000000,-0.0454907441091505,0.0000000000000000,5.7331515293671220,3.0034041511538216,2.021361,1.986830,-4.0081916567780,6.0161019974234,0,8.5e-13
0.9918201862522390,0.0,-0.0046068192422534,0.0000000000000000,-0.0455195036536305,0.0000000000000000,5.7333011358891692,3.0034040555256514,2.022270,1.987837,-4.0101072013684,6.0199435461882,0,2.1e-12
0.9918248963577255,0.0,-0.0046052244310154,0.0000000000000000,-0.0455491223201210,0.0000000000000000,5.7334533656087636,3.0034039585980730,2.023260,1.988807,-4.0120672356227,6.0238741292202,0,1.5e-12
0.9918297412156288,0.0,-0.0046035688969482,0.0000000000000000,-0.0455796349621068,0.0000000000000000,5.7336082316543617,3.0034038604006046,2.024337,1.989737,-4.0140732523436,6.0278967259826,0,2.5e-12
0.9918347259710919,0.0,-0.0046018494639530,0.0000000000000000,-0.0456110784004417,0.0000000000000000,5.7337657428565203,3.0034037609693325,2.025505,1.990622,-4.0161268875518,6.0320145989737,0,2.3e-12
0.9918398560390129,0.0,-0.0046000627308022,0.0000000000000000,-0.0456434915699203,0.0000000000000000,5.7339259030544429,3.0034036603477992,2.026768,1.991462,-4.0182298848787,6.0362312269380,0,2.5e-12
0.9918451371212517,0.0,-0.0045982050505815,0.0000000000000000,-0.0456769156730820,0.0000000000000000,5.7340887103310632,3.0034035585880310,2.028130,1.992254,-4.0203841447919,6.0405504006752,0,2.5e-12
0.9918505752257062,0.0,-0.0045962725073336,0.0000000000000000,-0.0457113943521928,0.0000000000000000,5.7342541561024616,3.0034034557517226,2.029594,1.992998,-4.0225917346478,6.0449762441233,0,2.5e-12
0.9918561766861651,0.0,-0.0045942608905012,0.0000000000000000,-0.0457469738721978,0.0000000000000000,5.7344222240920910,3.0034033519115790,2.031163,1.993692,-4.0248549207063,6.0495132778455,0,2.3e-12
0.9918619481832390,0.0,-0.0045921656656268,0.0000000000000000,-0.0457837033202622,0.0000000000000000,5.7345928891403553,3.0034032471529200,2.032838,1.994338,-4.0271761968852,6.0541664768907,0,1.7e-12
0.9918678967669373,0.0,-0.0045899819418873,0.0000000000000000,-0.0458216348237143,0.0000000000000000,5.7347661158155248,3.0034031415754878,2.034622,1.994937,-4.0295583192806,6.0589413397879,0,1.8e-12
0.9918740298798825,0.0,-0.0045877044352142,0.0000000000000000,-0.0458608237842566,0.0000000000000000,5.7349418568177528,3.0034030352955985,2.036515,1.995489,-4.0320043641554,6.0638440039392,0,3.0e-12
0.9918802285001928,0.0,-0.0045853753890738,0.0000000000000000,-0.0459005157696393,0.0000000000000000,5.7351165074378336,3.0034029305640124,2.038480,1.995987,-4.0344674646718,6.0687805116434,0,2.0e-12
0.9918866223161981,0.0,-0.0045829439353922,0.0000000000000000,-0.0459415478712451,0.0000000000000000,5.7352935122816424,3.0034028253945784,2.040555,1.996445,-4.0369999628230,6.0738557441278,0,1.8e-12
0.9918932197638797,0.0,-0.0045804036341850,0.0000000000000000,-0.0459839842557917,0.0000000000000000,5.7354727832798309,3.0034027199593338,2.042742,1.996864,-4.0396060794010,6.0790781247707,0,2.4e-12
0.9919000297486784,0.0,-0.0045777474824192,0.0000000000000000,-0.0460278932786756,0.0000000000000000,5.7356542124031584,3.0034026144579196,2.045043,1.997247,-4.0422906437395,6.0844572922249,0,1.7e-12
0.9919070616687254,0.0,-0.0045749678482114,0.0000000000000000,-0.0460733478020433,0.0000000000000000,5.7358376684463837,3.0034025091220711,2.047463,1.997596,-4.0450591840781,6.0900042821368,0,2.7e-12
0.9919143254368268,0.0,-0.0045720563948611,0.0000000000000000,-0.0461204255349905,0.0000000000000000,5.7360229932211126,3.0034024042209873,2.050005,1.997914,-4.0479181348611,6.0957319402164,0,2.7e-12
0.9919218314992924,0.0,-0.0045690039928645,0.0000000000000000,-0.0461692093909187,0.0000000000000000,5.7362099970651750,3.0034023000677670,2.052674,1.998201,-4.0508749942636,6.1016552382648,0,1.8e-12
0.9919295908495588,0.0,-0.0045658006171510,0.0000000000000000,-0.0462197878582450,0.0000000000000000,5.7363984535245560,3.0034021970272109,2.055477,1.998461,-4.0539385770493,6.1077917794510,0,2.4e-12
0.9919376150349708,0.0,-0.0045624352260043,0.0000000000000000,-0.0462722553851334,0.0000000000000000,5.7365880929728021,3.0034020955253040,2.058424,1.998695,-4.0571193700490,6.1141625089681,0,2.4e-12
0.9919459161519433,0.0,-0.0045588956178844,0.0000000000000000,-0.0463267127624681,0.0000000000000000,5.7367785949874079,3.0034019960608460,2.061525,1.998905,-4.0604299146790,6.1207924792405,0,2.5e-12
0.9919545068249156,0.0,-0.0045551682598077,0.0000000000000000,-0.0463832674968418,0.0000000000000000,5.7369695791349598,3.0034018992198486,2.064792,1.999093,-4.0638853655314,6.1277119669777,0,2.2e-12
0.9919632216448534,0.0,-0.0045513177053532,0.0000000000000000,-0.0464408522742156,0.0000000000000000,5.7371568272252684,3.0034018075021400,2.068174,1.999257,-4.0674310620264,6.1348114567908,0,2.2e-12
0.9919722435825610,0.0,-0.0045472547758648,0.0000000000000000,-0.0465007009182949,0.0000000000000000,5.7373436726972988,3.0034017197061438,2.071755,1.999402,-4.0711565957729,6.1422702724322,0,3.1e-12
0.9919815859253368,0.0,-0.0045429614212334,0.0000000000000000,-0.0465629374649154,0.0000000000000000,5.7375295143752609,3.0034016367530953,2.075559,1.999529,-4.0750886745126,6.1501417925058,0,1.9e-12
0.9919912620593385,0.0,-0.0045384172529847,0.0000000000000000,-0.0466276931194005,0.0000000000000000,5.7377136366066779,3.0034015597447907,2.079620,1.999641,-4.0792607022564,6.1584927851104,0,2.4e-12
0.9920012851945861,0.0,-0.0045335990811326,0.0000000000000000,-0.0466951060182746,0.0000000000000000,5.7378951847632171,3.0034014900085033,2.083979,1.999736,-4.0837149973190,6.1674078456483,0,2.7e-12
0.9920116679506842,0.0,-0.0045284803127848,0.0000000000000000,-0.0467653205895726,0.0000000000000000,5.7380731338244146,3.0034014291567108,2.088688,1.999817,-4.0885057664036,6.1769953441493,0,2.5e-12
0.9920222059739258,0.0,-0.0045231410819533,0.0000000000000000,-0.0468370136375875,0.0000000000000000,5.7382428888754395,3.0034013800340311,2.093713,1.999884,-4.0935963502455,6.1871818157977,0,1.7e-12
0.9920331135561121,0.0,-0.0045174472551908,0.0000000000000000,-0.0469117151763313,0.0000000000000000,5.7384066485127114,3.0034013436447951,2.099229,1.999938,-4.0991669293441,6.1983277007974,0,2.1e-12
0.9920443964657998,0.0,-0.0045113583247652,0.0000000000000000,-0.0469895702119419,0.0000000000000000,5.7385626781626042,3.0034013228985255,2.105353,1.999981,-4.1053335870360,6.2106651191664,0,2.4e-12
0.9920560551002693,0.0,-0.0045048256732332,0.0000000000000000,-0.0470707161700222,0.0000000000000000,5.7387088344189987,3.0034013214972086,2.112241,2.000012,-4.1122530012625,6.2245073779070,0,2.1e-12
0.9920678404996012,0.0,-0.0044979340845183,0.0000000000000000,-0.0471535698100886,0.0000000000000000,5.7388399385415765,3.0034013435143234,2.119940,2.000034,-4.1199735782232,6.2399511911981,0,2.7e-12
0.9920799628389542,0.0,-0.0044904870020738,0.0000000000000000,-0.0472398079932796,0.0000000000000000,5.7389558060132364,3.0034013946865423,2.128864,2.000046,-4.1289097616691,6.2578254707053,0,2.0e-12
0.9920921325260208,0.0,-0.0044825634496207,0.0000000000000000,-0.0473276355504770,0.0000000000000000,5.7390505806870493,3.0034014808441931,2.139184,2.000051,-4.1392349331341,6.2784769061656,0,2.7e-12
0.9921042713576183,0.0,-0.0044740930439634,0.0000000000000000,-0.0474168084395576,0.0000000000000000,5.7391204402518019,3.0034016098548411,2.151339,2.000048,-4.1513873179889,6.3027819362384,0,1.0e-12
0.9921162589251187,0.0,-0.0044649910655933,0.0000000000000000,-0.0475068847062584,0.0000000000000000,5.7391605204243215,3.0034017920221050,2.165924,2.000040,-4.1659641275484,6.3319349579936,0,1.7e-12
0.9921279085256756,0.0,-0.0044551628113639,0.0000000000000000,-0.0475970778437069,0.0000000000000000,5.7391646965534724,3.0034020405832988,2.183735,2.000028,-4.1837634419679,6.3675321016322,0,1.4e-12
0.9921391511502244,0.0,-0.0044442963100454,0.0000000000000000,-0.0476878164183480,0.0000000000000000,5.7391243802067029,3.0034023791762379,2.206277,2.000013,-4.2062902074710,6.4125831634732,0,2.5e-12
0.9921494986542732,0.0,-0.0044323122513716,0.0000000000000000,-0.0477765887159457,0.0000000000000000,5.7390288753868024,3.0034028303006033,2.234990,2.000000,-4.2349869288013,6.4699730605774,0,2.8e-12
0.9921582954819541,0.0,-0.0044193203701484,0.0000000000000000,-0.0478594397539590,0.0000000000000000,5.7388706156238225,3.0034034086832224,2.270980,2.000000,-4.2709599337946,6.5419144448579,0,3.2e-12
0.9921647110254055,0.0,-0.0044062947672938,0.0000000000000000,-0.0479291609635319,0.0000000000000000,5.7386622026050755,3.0034040751420692,2.312175,2.000000,-4.3121409424321,6.6242711647616,0,9.9e-13
0.9921689601523948,0.0,-0.0043932384841255,0.0000000000000000,-0.0479868922462718,0.0000000000000000,5.7384115433873939,3.0034048200025381,2.358344,2.000000,-4.3582979900474,6.7165794314914,0,2.3e-12
0.9921712869619698,0.0,-0.0043805034972173,0.0000000000000000,-0.0480330379363883,0.0000000000000000,5.7381344948820923,3.0034056092383987,2.407628,2.000000,-4.4075723934659,6.8151221559351,0,2.2e-12
0.9921721083216610,0.0,-0.0043681706077500,0.0000000000000000,-0.0480696876576605,0.0000000000000000,5.7378419748161642,3.0034064219508014,2.458853,2.000000,-4.4587903793017,6.9175519553614,0,2.5e-12
0.9921717954230922,0.0,-0.0043561679331623,0.0000000000000000,-0.0480990852762761,0.0000000000000000,5.7375394077960884,3.0034072497008495,2.511545,1.999932,-4.5114769243163,7.0229188385019,0,1.8e-12
0.9921706181671264,0.0,-0.0043443861493376,0.0000000000000000,-0.0481230126665238,0.0000000000000000,5.7372290681667293,3.0034080903415519,2.565593,1.999927,-4.5655200756994,7.1309989177233,0,2.3e-12
0.9921687627155827,0.0,-0.0043327256403305,0.0000000000000000,-0.0481427615016582,0.0000000000000000,5.7369118188580792,3.0034089440586205,2.621023,1.999924,-4.6209460598200,7.2418446368987,0,2.0e-12
0.9921663580803407,0.0,-0.0043211065330696,0.0000000000000000,-0.0481592539931701,0.0000000000000000,5.7365879423581383,3.0034098117049970,2.677902,1.999921,-4.6778230542720,7.3555923511335,0,2.6e-12
0.9921634957406105,0.0,-0.0043094668115780,0.0000000000000000,-0.0481731566322457,0.0000000000000000,5.7362574858123745,3.0034106942248848,2.736309,1.999918,-4.7362274632181,7.4723948586001,0,2.6e-12
0.9921602422481057,0.0,-0.0042977581829367,0.0000000000000000,-0.0481849610107831,0.0000000000000000,5.7359203991558179,3.0034115924883991,2.796318,1.999917,-4.7962341493487,7.5924018825598,0,2.4e-12
0.9921566471524044,0.0,-0.0042859423896165,0.0000000000000000,-0.0481950375107984,0.0000000000000000,5.7355765905355218,3.0034125072637425,2.858000,1.999915,-4.8579146964892,7.7157565932741,0,3.1e-12
0.9921527480643514,0.0,-0.0042739884222941,0.0000000000000000,-0.0482036707408501,0.0000000000000000,5.7352259489605206,3.0034134392295879,2.921424,1.999914,-4.9213380435161,7.8425968592945,0,2.4e-12
0.9921485739801227,0.0,-0.0042618705172324,0.0000000000000000,-0.0482110832518070,0.0000000000000000,5.7348683537453793,3.0034143889952940,2.986659,1.999913,-4.9865716557048,7.9730576182826,0,2.0e-12
0.9921441475286892,0.0,-0.0042495667329972,0.0000000000000000,-0.0482174517496958,0.0000000000000000,5.7345036785466075,3.0034153571193816,3.053770,1.999913,-5.0536825537654,8.1072729169819,0,2.4e-12
0.9921394865333388,0.0,-0.0042370579348307,0.0000000000000000,-0.0482229184256193,0.0000000000000000,5.7341317931263696,3.0034163441241759,3.122826,1.999912,-5.1227381526635,8.2453775794749,0,2.1e-12
0.9921346051240721,0.0,-0.0042243270615046,0.0000000000000000,-0.0482275990466363,0.0000000000000000,5.7337525641464264,3.0034173505068216,3.193895,1.999912,-5.1938069437046,8.3875086020215,0,3.0e-12
0.9921295145462460,0.0,-0.0042113585888578,0.0000000000000000,-0.0482315888403459,0.0000000000000000,5.7333658555396152,3.0034183767474052,3.267047,1.999912,-5.2669589545069,8.5338060343371,0,3.4e-12
0.9921242237616007,0.0,-0.0041981381303764,0.0000000000000000,-0.0482349668638848,0.0000000000000000,5.7329715286977816,3.0034194233149001,3.342354,1.999912,-5.3422661563315,8.6844138158563,0,2.3e-12
0.9921187399000098,0.0,-0.0041846521359278,0.0000000000000000,-0.0482377992833241,0.0000000000000000,5.7325694425766649,3.0034204906715543,3.419891,1.999912,-5.4198027884016,8.8394804469015,0,2.5e-12
0.9921130686058868,0.0,-0.0041708876601808,0.0000000000000000,-0.0482401418826257,0.0000000000000000,5.7321594537649609,3.0034215792761034,3.499733,1.999912,-5.4996455665865,8.9991593527768,0,2.2e-12
0.9921072143063541,0.0,-0.0041568321816900,0.0000000000000000,-0.0482420420022780,0.0000000000000000,5.7317414165467060,3.0034226895861909,3.581961,1.999912,-5.5818739375534,9.1636094363973,0,2.1e-12
0.9921011804216970,0.0,-0.0041424734600243,0.0000000000000000,-0.0482435400550926,0.0000000000000000,5.7313151829418274,3.0034238220601295,3.666657,1.999913,-5.6665702513463,9.3329954021080,0,1.9e-12
0.9920949695319309,0.0,-0.0041277994200395,0.0000000000000000,-0.0482446707242789,0.0000000000000000,5.7308806027633734,3.0034249771582613,3.753906,1.999913,-5.7538199514747,9.5074881548923,0,2.9e-12
0.9920885835103668,0.0,-0.0041127980572610,0.0000000000000000,-0.0482454639202149,0.0000000000000000,5.7304375236676384,3.0034261553439556,3.843798,1.999914,-5.8437117071158,9.6872650121921,0,2.2e-12
0.9920820236312854,0.0,-0.0040974573586812,0.0000000000000000,-0.0482459455501096,0.0000000000000000,5.7299857912178780,3.0034273570843775,3.936423,1.999915,-5.9363376315543,9.8725102313778,0,2.2e-12
0.9920752906576725,0.0,-0.0040817652361581,0.0000000000000000,-0.0482461381411424,0.0000000000000000,5.7295252489376187,3.0034285828510181,4.031878,1.999916,-6.0317933867541,10.0634151378499,0,2.4e-12
0.9920683849135173,0.0,-0.0040657094681401,0.0000000000000000,-0.0482460613528863,0.0000000000000000,5.7290557383867391,3.0034298331201099,4.130262,1.999916,-6.1301783618903,10.2601785145288,0,2.4e-12
0.9920613063433977,0.0,-0.0040492776488595,0.0000000000000000,-0.0482457323964882,0.0000000000000000,5.7285770992360794,3.0034311083728880,4.231679,1.999917,-6.2315958309336,10.4630069190131,0,2.2e-12
0.9920540545621799,0.0,-0.0040324571424231,0.0000000000000000,-0.0482451663826050,0.0000000000000000,5.7280891693607057,3.0034324090957805,4.336235,1.999918,-6.3361531107226,10.6721149954002,0,2.1e-12
0.9920466288971372,0.0,-0.0040152350414130,0.0000000000000000,-0.0482443766120887,0.0000000000000000,5.7275917849282116,3.0034337357804541,4.444043,1.999919,-6.4439617187306,10.8877257869252,0,2.0e-12
0.9920390284233563,0.0,-0.0039975981279680,0.0000000000000000,-0.0482433748189672,0.0000000000000000,5.7270847805144047,3.0034350889238262,4.555217,1.999920,-6.5551375412529,11.1100710774413,0,2.0e-12
0.9920312519941663,0.0,-0.0039795328372739,0.0000000000000000,-0.0482421713754886,0.0000000000000000,5.7265679892250425,3.0034364690279820,4.669880,1.999921,-6.6698009984038,11.3393917178143,0,1.9e-12
0.9920232982674935,0.0,-0.0039610252225503,0.0000000000000000,-0.0482407754663609,0.0000000000000000,5.7260412428323226,3.0034378766000205,4.788155,1.999922,-6.7880772095342,11.5759379468347,0,1.1e-12
0.9920151657285579,0.0,-0.0039420609207457,0.0000000000000000,-0.0482391952360866,0.0000000000000000,5.7255043719375482,3.0034393121518477,4.910173,1.999924,-6.9100961935593,11.8199698580398,0,2.6e-12
0.9920068527101957,0.0,-0.0039226251193417,0.0000000000000000,-0.0482374379155122,0.0000000000000000,5.7249572061350262,3.0034407761998594,5.036068,1.999925,-7.0359929822059,12.0717574758195,0,2.8e-12
0.9919983574109502,0.0,-0.0039027025226089,0.0000000000000000,-0.0482355099318243,0.0000000000000000,5.7243995742144351,3.0034422692645939,5.165982,2.000000,-7.1659078643210,12.3315814135929,0,3.3e-12
0.9919896779111224,0.0,-0.0038822773182090,0.0000000000000000,-0.0482334170008071,0.0000000000000000,5.7238313043765299,3.0034437918702817,5.300059,1.999927,-7.2999865107378,12.5997329846685,0,1.6e-12
0.9919808121877989,0.0,-0.0038613331427206,0.0000000000000000,-0.0482311642098923,0.0000000000000000,5.7232522244861519,3.0034453445443399,5.438452,1.999929,-7.4383802190607,12.8765148809291,0,2.5e-12
0.9919717581288096,0.0,-0.0038398530472018,0.0000000000000000,-0.0482287560887872,0.0000000000000000,5.7226621623353875,3.0034469278167339,5.581316,1.999930,-7.5812459962495,13.1622410681852,0,2.4e-12
0.9919625135457413,0.0,-0.0038178194611872,0.0000000000000000,-0.0482261966715528,0.0000000000000000,5.7220609459556311,3.0034485422192803,5.728815,1.999931,-7.7287468120878,13.4572375230768,0,2.4e-12
0.9919530761865728,0.0,-0.0037952141554032,0.0000000000000000,-0.0482234895522344,0.0000000000000000,5.7214484039660487,3.0034501882848526,5.881119,2.000000,-7.8810517390696,13.7618424175881,0,3.1e-12
0.9919434437480849,0.0,-0.0037720182038078,0.0000000000000000,-0.0482206379328220,0.0000000000000000,5.7208243659427662,3.0034518665464245,6.038402,1.999934,-8.0383361002043,14.0764063606096,0,1.9e-12
0.9919336138879067,0.0,-0.0037482119430606,0.0000000000000000,-0.0482176446665893,0.0000000000000000,5.7201886628597505,3.0034535775360438,6.200846,1.999936,-8.2007816773161,14.4012929813734,0,1.2e-12
0.9919235842371217,0.0,-0.0037237749310397,0.0000000000000000,-0.0482145122975147,0.0000000000000000,5.7195411275522039,3.0034553217836151,6.368640,2.000000,-8.3685768227772,14.7368790482209,0,2.8e-12
0.9919133524127456,0.0,-0.0036986859028859,0.0000000000000000,-0.0482112430946882,0.0000000000000000,5.7188815952512408,3.0034570998155625,6.541978,2.000000,-8.5419165591412,15.0835545245417,0,2.4e-12
0.9919029160306805,0.0,-0.0036729227248371,0.0000000000000000,-0.0482078390835789,0.0000000000000000,5.7182099041800969,3.0034589121533144,6.721063,2.000000,-8.7210027794371,15.4417232914119,0,3.2e-12
0.9918922727198308,0.0,-0.0036464623461237,0.0000000000000000,-0.0482043020766581,0.0000000000000000,5.7175258962004412,3.0034607593115714,6.906102,2.000000,-8.9060442553091,15.8118028338223,0,2.1e-12
0.9918814201363478,0.0,-0.0036192807479474,0.0000000000000000,-0.0482006336985834,0.0000000000000000,5.7168294175507661,3.0034626417963857,7.097313,1.999943,-9.0972567782141,16.1942248185315,0,1.5e-12
0.9918703559793253,0.0,-0.0035913528895797,0.0000000000000000,-0.0481968354123310,0.0000000000000000,5.7161203196666657,3.0034645601030090,7.294918,2.000000,-9.2948631516622,16.5894348944462,0,2.3e-12
0.9918590780076623,0.0,-0.0035626526521609,0.0000000000000000,-0.0481929085422072,0.0000000000000000,5.7153984600765915,3.0034665147134305,7.499147,2.000000,-9.4990931764299,16.9978926117582,0,1.7e-12
0.9918475840581460,0.0,-0.0035331527784774,0.0000000000000000,-0.0481888542964132,0.0000000000000000,5.7146637034273295,3.0034685060936832,7.710235,2.000000,-9.7101836599988,17.4200717048810,0,3.2e-12
0.9918358720654984,0.0,-0.0035028248102347,0.0000000000000000,-0.0481846737888417,0.0000000000000000,5.7139159225975460,3.0034705346907518,7.928428,2.000000,-9.9283782282823,17.8564593289577,0,2.7e-12
0.9918239400840853,0.0,-0.0034716390212785,0.0000000000000000,-0.0481803680599724,0.0000000000000000,5.7131549999567408,3.0034726009291575,8.153976,2.000000,-10.1539272333624,18.3075562591796,0,2.0e-12
0.9918117863117184,0.0,-0.0034395643470524,0.0000000000000000,-0.0481759380971425,0.0000000000000000,5.7123808287685272,3.0034747052071236,8.387134,2.000000,-10.3870874692370,18.7738761495343,0,2.5e-12
0.9917994091163569,0.0,-0.0034065683106724,0.0000000000000000,-0.0481713848561958,0.0000000000000000,5.7115933147331965,3.0034768478922365,8.628167,2.000000,-10.6281218100986,19.2559447139837,0,2.3e-12
0.9917868070650553,0.0,-0.0033726169441041,0.0000000000000000,-0.0481667092816909,0.0000000000000000,5.7107923777373744,3.0034790293166567,8.877342,2.000000,-10.8772987963815,19.7542990765532,0,2.1e-12
0.9917739789565300,0.0,-0.0033376747059381,0.0000000000000000,-0.0481619123285537,0.0000000000000000,5.7099779537719844,3.0034812497716747,9.134934,2.000000,-11.1348920400123,20.2694865139938,0,2.9e-12
0.9917609238569542,0.0,-0.0033017043938891,0.0000000000000000,-0.0481569949842433,0.0000000000000000,5.7091499971010098,3.0034835095016756,9.401219,2.000000,-11.4011794759559,20.8020627955585,0,1.3e-12
0.9917476411399782,0.0,-0.0032646670533569,0.0000000000000000,-0.0481519582917450,0.0000000000000000,5.7083084826587811,3.0034858086973490,9.676481,2.000000,-11.6764425402797,21.3525910491171,0,3.6e-12
0.9917341305312363,0.0,-0.0032265218812747,0.0000000000000000,-0.0481468033739962,0.0000000000000000,5.7074534087272912,3.0034881474880630,9.961002,2.000000,-11.9609649272442,21.9216383687980,0,1.9e-12
0.9917203921578177,0.0,-0.0031872261248503,0.0000000000000000,-0.0481415314598411,0.0000000000000000,5.7065847999398400,3.0034905259333708,10.255066,2.000000,-12.2550314288795,22.5097746515823,0,3.3e-12
0.9917064266036428,0.0,-0.0031467349763962,0.0000000000000000,-0.0481361439117104,0.0000000000000000,5.7057027106072553,3.0034929440134306,10.558959,2.000000,-12.5589261538506,23.1175679031895,0,2.6e-12
0.9916922349710167,0.0,-0.0031050014628673,0.0000000000000000,-0.0481306422555156,0.0000000000000000,5.7048072284610116,3.0034954016183324,10.872962,2.000000,-12.8729307324263,23.7455815434821,0,3.1e-12
0.9916778189496990,0.0,-0.0030619763319076,0.0000000000000000,-0.0481250282135077,0.0000000000000000,5.7038984788015492,3.0034978985360734,11.197352,2.000000,-13.1973219259814,24.3943689524755,0,1.6e-12
0.9916631808936821,0.0,-0.0030176079332360,0.0000000000000000,-0.0481193037392969,0.0000000000000000,5.7029766291627002,3.0035004344391449,11.532397,2.000000,-13.5323690020484,25.0644688894090,0,2.6e-12
0.9916483239072684,0.0,-0.0029718420972125,0.0000000000000000,-0.0481134710567949,0.0000000000000000,5.7020418944987306,3.0035030088694525,11.878357,2.000000,-13.8783304339882,25.7563981467769,0,2.9e-12
0.9916332519412197,0.0,-0.0029246220107782,0.0000000000000000,-0.0481075327026815,0.0000000000000000,5.7010945429813331,3.0035056212214379,12.235475,2.000000,-14.2354502033837,26.4706446913647,0,2.5e-12
0.9916179699001544,0.0,-0.0028758880914524,0.0000000000000000,-0.0481014915735860,0.0000000000000000,5.7001349024902588,3.0035082707231888,12.603977,2.000000,-14.6039533796132,27.2076587185663,0,2.7e-12
0.9916024837626591,0.0,-0.0028255778617158,0.0000000000000000,-0.0480953509776981,0.0000000000000000,5.6991633678411233,3.0035109564152558,12.984063,2.000000,-14.9840409478049,27.9678420940369,0,1.9e-12
0.9915868007154708,0.0,-0.0027736258248790,0.0000000000000000,-0.0480891146921394,0.0000000000000000,5.6981804088641139,3.0035136771269650,13.375904,2.000000,-15.3758838577234,28.7515367852847,0,1.6e-12
0.9915709293032754,0.0,-0.0027199633450584,0.0000000000000000,-0.0480827870262341,0.0000000000000000,5.6971865794168641,3.0035164314499139,13.779635,2.000000,-15.7796160515000,29.5590107194923,0,2.7e-12
0.9915548795960120,0.0,-0.0026645185345092,0.0000000000000000,-0.0480763728920234,0.0000000000000000,5.6961825274229838,3.0035192177083450,14.195344,2.000000,-16.1953263981125,30.3904413913365,0,1.8e-12
0.9915386633751532,0.0,-0.0026072161515264,0.0000000000000000,-0.0480698778816311,0.0000000000000000,5.6951690060717777,3.0035220339260955,14.623065,2.000000,-16.6230494956528,31.2458981990607,0,2.7e-12
0.9915222943413707,0.0,-0.0025479775144978,0.0000000000000000,-0.0480633083538921,0.0000000000000000,5.6941468862551767,3.0035248777897334,15.062769,2.000000,-17.0627549223923,32.1253200562903,0,2.5e-12
0.9915057883451722,0.0,-0.0024867204375010,0.0000000000000000,-0.0480566715294818,0.0000000000000000,5.6931171703885406,3.0035277466075505,15.514348,2.000000,-17.5143350862868,33.0284917237981,0,1.3e-12
0.9914891636427151,0.0,-0.0024233591950558,0.0000000000000000,-0.0480499755960173,0.0000000000000000,5.6920810077222246,3.0035306372640318,15.977603,2.000000,-17.9775912855536,33.9550159501683,0,1.8e-12
0.9914724411788413,0.0,-0.0023578045249104,0.0000000000000000,-0.0480432298245427,0.0000000000000000,5.6910397112637856,3.0035335461694532,16.452229,2.000000,-18.4522178244487,34.9042812223654,0,3.6e-12
0.9914556448989891,0.0,-0.0022899636801530,0.0000000000000000,-0.0480364446967909,0.0000000000000000,5.6899947764070209,3.0035364692042616,16.937794,2.000000,-18.9377840976856,35.8754259179745,0,2.3e-12
0.9914388020915882,0.0,-0.0022197405432585,0.0000000000000000,-0.0480296320449880,0.0000000000000000,5.6889479013836786,3.0035394016579957,17.433723,2.000000,-19.4337145309125,36.8672993069926,0,4.3e-12
0.9914219437619953,0.0,-0.0021470358186972,0.0000000000000000,-0.0480228052040342,0.0000000000000000,5.6879010095611093,3.0035423381625086,17.939273,2.000000,-19.9392659078266,37.8784143237959,0,3.1e-12
0.9914051050381568,0.0,-0.0020717473223802,0.0000000000000000,-0.0480159791760932,0.0000000000000000,5.6868562736251462,3.0035452726194882,18.453509,2.000000,-20.4535025464213,38.9068997766636,0,2.1e-12
0.9913883256072427,0.0,-0.0019937703898645,0.0000000000000000,-0.0480091708079773,0.0000000000000000,5.6858161416009114,3.0035481981224086,18.975274,2.000000,-20.9752687791498,39.9504442501000,0,1.9e-12
0.9913716501807889,0.0,-0.0019129984295808,0.0000000000000000,-0.0480023989788319,0.0000000000000000,5.6847833645282630,3.0035511068733012,19.503164,2.000000,-21.5031591593185,41.0062367263763,0,1.9e-12
0.9913551289838927,0.0,-0.0018293236484530,0.0000000000000000,-0.0479956847982701,0.0000000000000000,5.6837610256069357,3.0035539900952326,20.035490,2.000000,-22.0354865395418,42.0709028870233,0,3.5e-12
0.9913388182612897,0.0,-0.0017426379838970,0.0000000000000000,-0.0479890518103080,0.0000000000000000,5.6827525702841593,3.0035568379416815,20.570252,2.000000,-22.5702484163552,43.1404372886649,0,3.4e-12
0.9913227807893482,0.0,-0.0016528342756667,0.0000000000000000,-0.0479825261993424,0.0000000000000000,5.6817618367285716,3.0035596394048509,21.105095,2.000000,-23.1050923987086,44.2101350864154,0,1.9e-12
0.9913070863789595,0.0,-0.0015598077146474,0.0000000000000000,-0.0479761369926940,0.0000000000000000,5.6807930857463909,3.0035623822255939,21.637284,2.000000,-23.6372816905953,45.2745229077784,0,2.4e-12
0.9912918123484192,0.0,-0.0014634576044917,0.0000000000000000,-0.0479699162500652,0.0000000000000000,5.6798510289347872,3.0035650528087081,22.163664,2.000000,-24.1636620807679,46.3272920026756,0,2.5e-12
0.9912770439394142,0.0,-0.0013636894689091,0.0000000000000000,-0.0479638992298594,0.0000000000000000,5.6789408534767913,3.0035676361484507,22.680634,2.000000,-24.6806325495591,47.3612401952396,0,1.8e-12
0.9912628746418701,0.0,-0.0012604175300208,0.0000000000000000,-0.0479581245185294,0.0000000000000000,5.6780682415645227,3.0035701157704335,23.184123,2.000000,-25.1841218849940,48.3682252976752,0,2.7e-12
0.9912494063858327,0.0,-0.0011535675705581,0.0000000000000000,-0.0479526341056818,0.0000000000000000,5.6772393819746805,3.0035724736974365,23.669575,2.000000,-25.6695744204334,49.3391356301929,0,2.5e-12
0.9912367495511041,0.0,-0.0010430801723215,0.0000000000000000,-0.0479474733853418,0.0000000000000000,5.6764609709258993,3.0035746904480156,24.131949,2.000000,-26.1319488239348,50.2638887516413,0,2.7e-12
0.9912250227391642,0.0,-0.0009289142959635,0.0000000000000000,-0.0479426910612430,0.0000000000000000,5.6757401989045295,3.0035767450778974,24.565734,2.000000,-26.5657339253577,51.1314621464276,0,1.7e-12
0.9912143522479427,0.0,-0.0008110511294023,0.0000000000000000,-0.0479383389314111,0.0000000000000000,5.6750847199966117,3.0035786152748649,24.964987,2.000000,-26.9649863651825,51.9299694173570,0,1.6e-12
0.9912048711908042,0.0,-0.0006894980867217,0.0000000000000000,-0.0479344715291443,0.0000000000000000,5.6745026002566084,3.0035802775177021,25.323394,2.000000,-27.3233943519756,52.6467870663032,0,1.7e-12
0.9911967182078332,0.0,-0.0005642927870793,0.0000000000000000,-0.0479311455990945,0.0000000000000000,5.6740022420312863,3.0035817073085314,25.634372,2.000000,-27.6343716081733,53.2687427123441,0,2.7e-12
0.9911900357326570,0.0,-0.0004355067877073,0.0000000000000000,-0.0479284193930304,0.0000000000000000,5.6735922821378102,3.0035828794851471,25.891184,2.000000,-27.8911840837741,53.7823681279069,0,2.1e-12
0.9911849678032663,0.0,-0.0003032487960320,0.0000000000000000,-0.0479263517809728,0.0000000000000000,5.6732814630956332,3.0035837686154032,26.087110,2.000000,-28.0871101556339,54.1742205580198,0,2.4e-12
0.9911816574402598,0.0,-0.0001676670489572,0.0000000000000000,-0.0479250011861843,0.0000000000000000,5.6730784788909627,3.0035843494693664,26.215632,2.000000,-28.2156318818399,54.4312640950978,0,2.6e-12
0.9911802436599190,0.0,-0.0000289505379219,0.0000000000000000,-0.0479244243704539,0.0000000000000000,5.6729917991521184,3.0035845975570252,26.270652,2.000000,-28.2706516796586,54.5413035391763,0,1.4e-12
