x0,y0,z0,xd0,yd0,zd0,Tp,JC,stabilityIndex1,stabilityIndex2,alpha,beta,impactFlag,error
1.0139782785473355,0.0,-0.0000000000000000,-0.0011904693623146,-0.0590000148950198,0.0000000000000000,6.5937736039267714,3.0006098696516168,2.0000,0.4219,-2.42189494,2.84378713,0,1.7e-13
1.0139965465684875,0.0,0.0000000000000000,-0.0012940716719354,-0.0589684365712845,0.0000000000000000,6.5930508281143352,3.0006101483407579,2.0000,0.4207,-2.42072409,2.84144430,0,2.9e-13
1.0140149963875711,0.0,-0.0000000000000000,-0.0013993390418928,-0.0589362114710730,0.0000000000000000,6.5922485347203503,3.0006104578122974,2.0000,0.4194,-2.41942480,2.83884425,0,1.6e-14
1.0140327027357030,0.0,-0.0000000000000000,-0.0015009843419859,-0.0589049584144335,0.0000000000000000,6.5914079525996927,3.0006107821907548,2.0000,0.4181,-2.41806394,2.83612069,0,2.4e-13
1.0140498630597337,0.0,-0.0000000000000000,-0.0016000941423633,-0.0588743521410374,0.0000000000000000,6.5905251123851158,3.0006111230283072,2.0000,0.4166,-2.41663512,2.83326086,0,2.5e-14
1.0140664919547222,0.0,0.0000000000000000,-0.0016967159704970,-0.0588443847524093,0.0000000000000000,6.5896035120290390,3.0006114789960443,2.0000,0.4151,-2.41514409,2.83027618,0,1.7e-13
1.0140826054402705,0.0,-0.0000000000000000,-0.0017909068216774,-0.0588150453420691,0.0000000000000000,6.5886464314822977,3.0006118488477282,2.0000,0.4136,-2.41359621,2.82717736,0,8.9e-14
1.0140982205225710,0.0,0.0000000000000000,-0.0018827308028125,-0.0587863206297002,0.0000000000000000,6.5876569270774343,3.0006122314219423,2.0000,0.4120,-2.41199648,2.82397437,0,3.2e-13
1.0141133548137156,0.0,-0.0000000000000000,-0.0019722571154577,-0.0587581955341643,0.0000000000000000,6.5866378321452475,3.0006126256418448,2.0000,0.4103,-2.41034955,2.82067646,0,2.1e-13
1.0141280262116423,0.0,0.0000000000000000,-0.0020595583680986,-0.0587306536739818,0.0000000000000000,6.5855917624670841,3.0006130305131027,2.0000,0.4086,-2.40865969,2.81729217,0,1.6e-14
1.0141425372869517,0.0,0.0000000000000000,-0.0021464179413180,-0.0587031352847200,0.0000000000000000,6.5844991269341691,3.0006134536418112,2.0000,0.4069,-2.40689534,2.81375822,0,4.8e-14
1.0141571512582936,0.0,0.0000000000000000,-0.0022344242030830,-0.0586751332284636,0.0000000000000000,6.5833386959762619,3.0006139032874102,2.0000,0.4050,-2.40502231,2.81000610,0,2.8e-14
1.0141715840567795,0.0,-0.0000000000000000,-0.0023218785789653,-0.0586471842400679,0.0000000000000000,6.5821317089453304,3.0006143712601525,2.0000,0.4030,-2.40307503,2.80610465,0,3.7e-14
1.0141852822450381,0.0,-0.0000000000000000,-0.0024053926063526,-0.0586203781670384,0.0000000000000000,6.5809284431398574,3.0006148380822912,2.0000,0.4011,-2.40113466,2.80221645,0,7.2e-15
1.0141985600035961,0.0,0.0000000000000000,-0.0024868328267964,-0.0585941260899525,0.0000000000000000,6.5797068670654122,3.0006153123069406,2.0000,0.3991,-2.39916567,2.79827033,0,6.4e-14
1.0142114361985779,0.0,0.0000000000000000,-0.0025662839132495,-0.0585684069433361,0.0000000000000000,6.5784687873775889,3.0006157932460011,2.0000,0.3971,-2.39717104,2.79427217,0,1.9e-14
1.0142239289450881,0.0,-0.0000000000000000,-0.0026438280015588,-0.0585432000972027,0.0000000000000000,6.5772158389567670,3.0006162802765712,2.0000,0.3951,-2.39515342,2.79022730,0,2.1e-14
1.0142360555671983,0.0,0.0000000000000000,-0.0027195443945998,-0.0585184854797964,0.0000000000000000,6.5759495006993127,3.0006167728349555,2.0001,0.3931,-2.39311523,2.78614054,0,3.7e-13
1.0142475994560645,0.0,-0.0000000000000000,-0.0027920409655076,-0.0584947258709725,0.0000000000000000,6.5746968893204896,3.0006172603740562,2.0001,0.3910,-2.39110013,2.78209940,0,2.3e-13
1.0142590446300879,0.0,-0.0000000000000000,-0.0028643319013390,-0.0584709385955137,0.0000000000000000,6.5734083819011957,3.0006177622170225,2.0001,0.3890,-2.38902830,2.77794382,0,1.8e-13
1.0142703910612132,0.0,0.0000000000000000,-0.0029364175476502,-0.0584471227993496,0.0000000000000000,6.5720839515230125,3.0006182784030044,2.0001,0.3868,-2.38689980,2.77367382,0,1.6e-13
1.0142809880791175,0.0,0.0000000000000000,-0.0030041284718439,-0.0584246635611682,0.0000000000000000,6.5708035795064133,3.0006187777571762,2.0001,0.3848,-2.38484314,2.76954726,0,7.4e-14
1.0142913055416620,0.0,0.0000000000000000,-0.0030704212317406,-0.0584025901224994,0.0000000000000000,6.5695156490134243,3.0006192803964651,2.0001,0.3827,-2.38277539,2.76539771,0,4.5e-13
1.0143013554036457,0.0,0.0000000000000000,-0.0031353527518130,-0.0583808875952193,0.0000000000000000,6.5682209240290561,3.0006197860288308,2.0001,0.3806,-2.38069778,2.76122766,0,3.0e-13
1.0143113430052222,0.0,-0.0000000000000000,-0.0032002411525516,-0.0583591168893897,0.0000000000000000,6.5668939323433664,3.0006203046180833,2.0001,0.3785,-2.37856948,2.75695512,0,8.2e-14
1.0143212680980598,0.0,-0.0000000000000000,-0.0032650872032241,-0.0583372767280324,0.0000000000000000,6.5655344621952363,3.0006208362738573,2.0001,0.3763,-2.37639025,2.75257952,0,1.1e-13
1.0143311305126068,0.0,0.0000000000000000,-0.0033298922010660,-0.0583153656428730,0.0000000000000000,6.5641422893047672,3.0006213811116491,2.0001,0.3740,-2.37415980,2.74810025,0,3.9e-13
1.0143409301491300,0.0,0.0000000000000000,-0.0033946579303848,-0.0582933819852828,0.0000000000000000,6.5627171764398238,3.0006219392530191,2.0001,0.3717,-2.37187785,2.74351664,0,1.2e-13
1.0143504778589596,0.0,-0.0000000000000000,-0.0034581258062550,-0.0582717544335700,0.0000000000000000,6.5612876049487356,3.0006224995602673,2.0002,0.3694,-2.36959005,2.73892038,0,8.5e-15
1.0143597844579928,0.0,-0.0000000000000000,-0.0035203486527790,-0.0582504688907089,0.0000000000000000,6.5598541106648947,3.0006230618277150,2.0002,0.3671,-2.36729727,2.73431318,0,2.4e-13
1.0143688601466496,0.0,-0.0000000000000000,-0.0035813764726768,-0.0582295119784330,0.0000000000000000,6.5584171783256080,3.0006236258691406,2.0002,0.3648,-2.36500030,2.72969663,0,8.3e-14
1.0143777145493531,0.0,0.0000000000000000,-0.0036412566032226,-0.0582088709992723,0.0000000000000000,6.5569772467664347,3.0006241915158021,2.0002,0.3625,-2.36269986,2.72507214,0,1.3e-13
1.0143863533248714,0.0,-0.0000000000000000,-0.0037000105035265,-0.0581885420007591,0.0000000000000000,6.5555352928117143,3.0006247583868739,2.0002,0.3602,-2.36039750,2.72044285,0,2.3e-14
1.0143949558362879,0.0,-0.0000000000000000,-0.0037588516791201,-0.0581681061630972,0.0000000000000000,6.5540621066970495,3.0006253379811763,2.0002,0.3578,-2.35804665,2.71571504,0,3.2e-14
1.0144033552172724,0.0,-0.0000000000000000,-0.0038166328967032,-0.0581479628898802,0.0000000000000000,6.5525869386628246,3.0006259188066258,2.0002,0.3554,-2.35569402,2.71098264,0,1.7e-13
1.0144115595810199,0.0,-0.0000000000000000,-0.0038733945404310,-0.0581281012513606,0.0000000000000000,6.5511101025422489,3.0006265007420474,2.0003,0.3531,-2.35334013,2.70624666,0,7.0e-14
1.0144194176017323,0.0,-0.0000000000000000,-0.0039280655686249,-0.0581089011669416,0.0000000000000000,6.5496615413436983,3.0006270719771568,2.0003,0.3508,-2.35103266,2.70160308,0,2.6e-13
1.0144272549473108,0.0,-0.0000000000000000,-0.0039828976513205,-0.0580895747449036,0.0000000000000000,6.5481828100970603,3.0006276555611051,2.0003,0.3484,-2.34867852,2.69686453,0,2.5e-14
1.0144347670215672,0.0,0.0000000000000000,-0.0040357465893306,-0.0580708804310047,0.0000000000000000,6.5467328624348990,3.0006282282290573,2.0003,0.3461,-2.34637156,2.69221993,0,1.2e-14
1.0144422646829656,0.0,0.0000000000000000,-0.0040887863281358,-0.0580520518764299,0.0000000000000000,6.5452531601241288,3.0006288131022996,2.0003,0.3437,-2.34401866,2.68748176,0,8.8e-14
1.0144494533247979,0.0,0.0000000000000000,-0.0041399204566774,-0.0580338357957874,0.0000000000000000,6.5438032305562919,3.0006293866524758,2.0004,0.3414,-2.34171446,2.68284064,0,3.9e-13
1.0144560797857749,0.0,0.0000000000000000,-0.0041873043070809,-0.0580168990427428,0.0000000000000000,6.5424390307336679,3.0006299266932754,2.0004,0.3392,-2.33954775,2.67847547,0,2.4e-13
1.0144625791156032,0.0,-0.0000000000000000,-0.0042340157729446,-0.0580001487275371,0.0000000000000000,6.5410746809047504,3.0006304671846604,2.0004,0.3370,-2.33738199,2.67411132,0,2.3e-13
1.0144689554493118,0.0,0.0000000000000000,-0.0042800758187989,-0.0579835791017936,0.0000000000000000,6.5397102967464669,3.0006310080814629,2.0004,0.3348,-2.33521739,2.66974855,0,1.0e-14
1.0144750884607183,0.0,0.0000000000000000,-0.0043246000247722,-0.0579675115729700,0.0000000000000000,6.5383733278002332,3.0006315384904148,2.0004,0.3327,-2.33309744,2.66547488,0,1.8e-14
1.0144812302877673,0.0,-0.0000000000000000,-0.0043694106738735,-0.0579512901792431,0.0000000000000000,6.5370097267756204,3.0006320798536570,2.0005,0.3305,-2.33093647,2.66111755,0,5.6e-14
1.0144872580404298,0.0,-0.0000000000000000,-0.0044136098973022,-0.0579352400447439,0.0000000000000000,6.5356469283118237,3.0006326212910137,2.0005,0.3283,-2.32877796,2.65676427,0,5.3e-14
1.0144930577357403,0.0,0.0000000000000000,-0.0044563475573175,-0.0579196729308471,0.0000000000000000,6.5343123030625616,3.0006331519162930,2.0005,0.3262,-2.32666526,2.65250241,0,1.8e-13
1.0144960598323234,0.0,0.0000000000000000,-0.0044785523826143,-0.0579115662066060,0.0000000000000000,6.5336123030625615,3.0006334303758488,2.0005,0.3251,-2.32555762,2.65026766,0,7.1e-14
1.0144990351457468,0.0,0.0000000000000000,-0.0045006154002101,-0.0579034985435342,0.0000000000000000,6.5329123030625613,3.0006337089393731,2.0005,0.3239,-2.32445031,2.64803330,0,9.6e-14
1.0145019841291862,0.0,0.0000000000000000,-0.0045225389488947,-0.0578954692535991,0.0000000000000000,6.5322123030625612,3.0006339876069426,2.0005,0.3228,-2.32334330,2.64579933,0,1.3e-12
1.0145049071916961,0.0,0.0000000000000000,-0.0045443254270926,-0.0578874777001163,0.0000000000000000,6.5315123030625619,3.0006342663786412,2.0005,0.3217,-2.32223663,2.64356575,0,2.8e-14
1.0145078047807856,0.0,0.0000000000000000,-0.0045659769791351,-0.0578795232128997,0.0000000000000000,6.5308123030625618,3.0006345452545413,2.0006,0.3206,-2.32113027,2.64133255,0,1.0e-13
1.0145106772982271,0.0,0.0000000000000000,-0.0045874958250788,-0.0578716051741358,0.0000000000000000,6.5301123030625616,3.0006348242347265,2.0006,0.3195,-2.32002423,2.63909974,0,9.3e-14
1.0145135251414847,0.0,0.0000000000000000,-0.0046088841013360,-0.0578637229760675,0.0000000000000000,6.5294123030625615,3.0006351033192722,2.0006,0.3183,-2.31891852,2.63686732,0,7.0e-14
1.0145163487058642,0.0,0.0000000000000000,-0.0046301438598784,-0.0578558760182555,0.0000000000000000,6.5287123030625613,3.0006353825082601,2.0006,0.3172,-2.31781312,2.63463528,0,3.2e-13
1.0145191483652967,0.0,0.0000000000000000,-0.0046512771429322,-0.0578480637272348,0.0000000000000000,6.5280123030625612,3.0006356618017676,2.0006,0.3161,-2.31670804,2.63240362,0,8.2e-14
1.0145219244952599,0.0,0.0000000000000000,-0.0046722858982504,-0.0578402855329565,0.0000000000000000,6.5273123030625619,3.0006359411998749,2.0006,0.3150,-2.31560328,2.63017236,0,2.4e-13
1.0145246774649035,0.0,0.0000000000000000,-0.0046931720132503,-0.0578325408766455,0.0000000000000000,6.5266123030625618,3.0006362207026607,2.0006,0.3139,-2.31449885,2.62794147,0,1.4e-12
1.0145274075936102,0.0,0.0000000000000000,-0.0047139374880646,-0.0578248292541205,0.0000000000000000,6.5259123030625616,3.0006365003102058,2.0006,0.3128,-2.31339473,2.62571098,0,4.3e-13
1.0145301152577826,0.0,0.0000000000000000,-0.0047345840177101,-0.0578171501087750,0.0000000000000000,6.5252123030625615,3.0006367800225870,2.0007,0.3116,-2.31229094,2.62348086,0,7.0e-14
1.0145328008096612,0.0,0.0000000000000000,-0.0047551133205020,-0.0578095029123118,0.0000000000000000,6.5245123030625614,3.0006370598398879,2.0007,0.3105,-2.31118746,2.62125113,0,1.4e-12
1.0145354644885130,0.0,0.0000000000000000,-0.0047755274670371,-0.0578018872546320,0.0000000000000000,6.5238123030625612,3.0006373397621826,2.0007,0.3094,-2.31008432,2.61902178,0,1.1e-13
1.0145381067028607,0.0,0.0000000000000000,-0.0047958278157969,-0.0577943025591643,0.0000000000000000,6.5231123030625620,3.0006376197895555,2.0007,0.3083,-2.30898149,2.61679281,0,1.3e-13
1.0145407277349379,0.0,0.0000000000000000,-0.0048160161348452,-0.0577867483805691,0.0000000000000000,6.5224123030625618,3.0006378999220860,2.0007,0.3072,-2.30787898,2.61456423,0,1.8e-13
1.0145433278868785,0.0,0.0000000000000000,-0.0048360940503103,-0.0577792242572611,0.0000000000000000,6.5217123030625617,3.0006381801598527,2.0007,0.3061,-2.30677680,2.61233603,0,8.0e-14
1.0145459074586822,0.0,0.0000000000000000,-0.0048560631337489,-0.0577717297333605,0.0000000000000000,6.5210123030625615,3.0006384605029397,2.0007,0.3049,-2.30567493,2.61010821,0,6.6e-13
1.0145484667380247,0.0,0.0000000000000000,-0.0048759249369312,-0.0577642643694189,0.0000000000000000,6.5203123030625614,3.0006387409514170,2.0007,0.3038,-2.30457339,2.60788077,0,7.6e-15
1.0145510060112617,0.0,0.0000000000000000,-0.0048956809615469,-0.0577568277302258,0.0000000000000000,6.5196123030625612,3.0006390215053753,2.0008,0.3027,-2.30347218,2.60565371,0,1.5e-13
1.0145535255542968,0.0,0.0000000000000000,-0.0049153326875770,-0.0577494193947606,0.0000000000000000,6.5189123030625620,3.0006393021648905,2.0008,0.3016,-2.30237129,2.60342703,0,5.1e-14
1.0145560256387698,0.0,0.0000000000000000,-0.0049348815551151,-0.0577420389495100,0.0000000000000000,6.5182123030625618,3.0006395829300443,2.0008,0.3005,-2.30127071,2.60120074,0,3.6e-13
1.0145585065302449,0.0,0.0000000000000000,-0.0049543289726236,-0.0577346859902039,0.0000000000000000,6.5175123030625617,3.0006398638009171,2.0008,0.2994,-2.30017047,2.59897482,0,1.6e-13
1.0145609684866013,0.0,0.0000000000000000,-0.0049736763244686,-0.0577273601233449,0.0000000000000000,6.5168123030625615,3.0006401447775879,2.0008,0.2983,-2.29907055,2.59674928,0,1.8e-13
1.0145634117628002,0.0,0.0000000000000000,-0.0049929249550094,-0.0577200609613292,0.0000000000000000,6.5161123030625614,3.0006404258601402,2.0008,0.2971,-2.29797095,2.59452412,0,1.3e-13
1.0145658366057988,0.0,0.0000000000000000,-0.0050120761880746,-0.0577127881275263,0.0000000000000000,6.5154123030625613,3.0006407070486523,2.0008,0.2960,-2.29687168,2.59229934,0,1.4e-13
1.0145682432595078,0.0,0.0000000000000000,-0.0050311313112947,-0.0577055412511307,0.0000000000000000,6.5147123030625620,3.0006409883432061,2.0009,0.2949,-2.29577273,2.59007493,0,4.1e-14
1.0145706319627235,0.0,0.0000000000000000,-0.0050500915847956,-0.0576983199691760,0.0000000000000000,6.5140123030625618,3.0006412697438836,2.0009,0.2938,-2.29467410,2.58785091,0,1.3e-14
1.0145730029461659,0.0,0.0000000000000000,-0.0050689582526835,-0.0576911239294604,0.0000000000000000,6.5133123030625617,3.0006415512507636,2.0009,0.2927,-2.29357580,2.58562726,0,3.3e-13
1.0145753564386117,0.0,0.0000000000000000,-0.0050877325238705,-0.0576839527841691,0.0000000000000000,6.5126123030625616,3.0006418328639297,2.0009,0.2916,-2.29247783,2.58340398,0,3.6e-14
1.0145776926617740,0.0,0.0000000000000000,-0.0051064155886535,-0.0576768061952528,0.0000000000000000,6.5119123030625614,3.0006421145834619,2.0009,0.2905,-2.29138018,2.58118109,0,2.0e-13
1.0145800118359614,0.0,0.0000000000000000,-0.0051250086028755,-0.0576696838283520,0.0000000000000000,6.5112123030625613,3.0006423964094409,2.0009,0.2893,-2.29028285,2.57895857,0,1.1e-13
1.0145823141748507,0.0,0.0000000000000000,-0.0051435127060814,-0.0576625853581275,0.0000000000000000,6.5105123030625620,3.0006426783419506,2.0010,0.2882,-2.28918585,2.57673642,0,2.8e-13
1.0145845998873040,0.0,0.0000000000000000,-0.0051619290163973,-0.0576555104663472,0.0000000000000000,6.5098123030625619,3.0006429603810698,2.0010,0.2871,-2.28808918,2.57451465,0,1.7e-13
1.0145868691805839,0.0,0.0000000000000000,-0.0051802586203786,-0.0576484588386055,0.0000000000000000,6.5091123030625617,3.0006432425268827,2.0010,0.2860,-2.28699283,2.57229325,0,3.3e-14
1.0145891222536720,0.0,0.0000000000000000,-0.0051985025974456,-0.0576414301709351,0.0000000000000000,6.5084123030625616,3.0006435247794685,2.0010,0.2849,-2.28589681,2.57007223,0,1.1e-13
1.0145913593046674,0.0,0.0000000000000000,-0.0052166619954485,-0.0576344241623039,0.0000000000000000,6.5077123030625614,3.0006438071389105,2.0010,0.2838,-2.28480112,2.56785159,0,2.3e-13
1.0145935805296085,0.0,0.0000000000000000,-0.0052347378339351,-0.0576274405159441,0.0000000000000000,6.5070123030625613,3.0006440896052919,2.0010,0.2827,-2.28370575,2.56563131,0,5.8e-15
1.0145957861139849,0.0,0.0000000000000000,-0.0052527311378124,-0.0576204789474019,0.0000000000000000,6.5063123030625620,3.0006443721786917,2.0011,0.2816,-2.28261071,2.56341141,0,7.4e-14
1.0145979762485184,0.0,0.0000000000000000,-0.0052706428807472,-0.0576135391690572,0.0000000000000000,6.5056123030625619,3.0006446548591961,2.0011,0.2804,-2.28151600,2.56119188,0,2.1e-13
1.0146001511114284,0.0,0.0000000000000000,-0.0052884740484240,-0.0576066209076067,0.0000000000000000,6.5049123030625617,3.0006449376468836,2.0011,0.2793,-2.28042161,2.55897273,0,2.9e-14
1.0146023108866298,0.0,0.0000000000000000,-0.0053062255753307,-0.0575997238860785,0.0000000000000000,6.5042123030625616,3.0006452205418381,2.0011,0.2782,-2.27932755,2.55675394,0,1.8e-13
1.0146044557457679,0.0,0.0000000000000000,-0.0053238984106583,-0.0575928478412384,0.0000000000000000,6.5035123030625615,3.0006455035441424,2.0011,0.2771,-2.27823382,2.55453553,0,2.8e-13
1.0146065858622473,0.0,0.0000000000000000,-0.0053414934672876,-0.0575859925100171,0.0000000000000000,6.5028123030625613,3.0006457866538780,2.0011,0.2760,-2.27714042,2.55231749,0,1.1e-13
1.0146087014046876,0.0,0.0000000000000000,-0.0053590116471116,-0.0575791576357324,0.0000000000000000,6.5021123030625620,3.0006460698711295,2.0012,0.2749,-2.27604735,2.55009982,0,2.2e-13
1.0146108025428888,0.0,0.0000000000000000,-0.0053764538191684,-0.0575723429624140,0.0000000000000000,6.5014123030625619,3.0006463531959771,2.0012,0.2738,-2.27495460,2.54788252,0,3.4e-13
1.0146128894345410,0.0,0.0000000000000000,-0.0053938208698347,-0.0575655482473563,0.0000000000000000,6.5007123030625618,3.0006466366285047,2.0012,0.2727,-2.27386218,2.54566559,0,1.4e-13
1.0146149622431566,0.0,0.0000000000000000,-0.0054111136373084,-0.0575587732439985,0.0000000000000000,6.5000123030625616,3.0006469201687955,2.0012,0.2716,-2.27277010,2.54344902,0,1.9e-13
1.0146170211247210,0.0,0.0000000000000000,-0.0054283329616942,-0.0575520177145902,0.0000000000000000,6.4993123030625615,3.0006472038169325,2.0012,0.2705,-2.27167834,2.54123283,0,2.0e-13
1.0146190662342518,0.0,0.0000000000000000,-0.0054454796608137,-0.0575452814239638,0.0000000000000000,6.4986123030625613,3.0006474875730000,2.0012,0.2693,-2.27058691,2.53901701,0,1.4e-13
1.0146210977209054,0.0,0.0000000000000000,-0.0054625545494137,-0.0575385641440959,0.0000000000000000,6.4979123030625612,3.0006477714370789,2.0013,0.2682,-2.26949580,2.53680155,0,1.4e-13
1.0146231157359573,0.0,0.0000000000000000,-0.0054795584105466,-0.0575318656464572,0.0000000000000000,6.4972123030625619,3.0006480554092536,2.0013,0.2671,-2.26840503,2.53458646,0,1.4e-13
1.0146251204259993,0.0,0.0000000000000000,-0.0054964920206407,-0.0575251857085134,0.0000000000000000,6.4965123030625618,3.0006483394896071,2.0013,0.2660,-2.26731459,2.53237174,0,2.3e-13
1.0146271119340806,0.0,0.0000000000000000,-0.0055133561465191,-0.0575185241125135,0.0000000000000000,6.4958123030625616,3.0006486236782250,2.0013,0.2649,-2.26622448,2.53015738,0,6.5e-14
1.0146290904009259,0.0,0.0000000000000000,-0.0055301515406288,-0.0575118806444107,0.0000000000000000,6.4951123030625615,3.0006489079751879,2.0013,0.2638,-2.26513470,2.52794339,0,2.0e-13
1.0146310559653846,0.0,0.0000000000000000,-0.0055468789409143,-0.0575052550932726,0.0000000000000000,6.4944123030625613,3.0006491923805814,2.0014,0.2627,-2.26404525,2.52572977,0,4.3e-14
1.0146330087644573,0.0,0.0000000000000000,-0.0055635390706319,-0.0574986472513074,0.0000000000000000,6.4937123030625612,3.0006494768944898,2.0014,0.2616,-2.26295613,2.52351652,0,2.5e-13
1.0146349489315944,0.0,0.0000000000000000,-0.0055801326446089,-0.0574920569154936,0.0000000000000000,6.4930123030625619,3.0006497615169945,2.0014,0.2605,-2.26186734,2.52130362,0,3.7e-14
1.0146368766214002,0.0,0.0000000000000000,-0.0055966602842455,-0.0574854838637412,0.0000000000000000,6.4923123030625618,3.0006500462482006,2.0014,0.2594,-2.26077889,2.51909110,0,4.6e-12
1.0146387918974493,0.0,0.0000000000000000,-0.0056131229102844,-0.0574789279624217,0.0000000000000000,6.4916123030625617,3.0006503310881349,2.0014,0.2583,-2.25969076,2.51687893,0,8.3e-14
1.0146406949510567,0.0,0.0000000000000000,-0.0056295209766073,-0.0574723889567748,0.0000000000000000,6.4909123030625615,3.0006506160369386,2.0015,0.2571,-2.25860296,2.51466713,0,2.4e-13
1.0146425858882728,0.0,0.0000000000000000,-0.0056458552171337,-0.0574658666749497,0.0000000000000000,6.4902123030625614,3.0006509010946760,2.0015,0.2560,-2.25751550,2.51245570,0,4.1e-13
1.0146444648309065,0.0,0.0000000000000000,-0.0056621262930812,-0.0574593609310585,0.0000000000000000,6.4895123030625612,3.0006511862614342,2.0015,0.2549,-2.25642837,2.51024462,0,3.6e-14
1.0146463319020433,0.0,0.0000000000000000,-0.0056783348412925,-0.0574528715394059,0.0000000000000000,6.4888123030625620,3.0006514715372936,2.0015,0.2538,-2.25534157,2.50803391,0,1.5e-13
1.0146481872180821,0.0,0.0000000000000000,-0.0056944815083606,-0.0574463983213146,0.0000000000000000,6.4881123030625618,3.0006517569223430,2.0015,0.2527,-2.25425510,2.50582356,0,1.8e-13
1.0146500308986883,0.0,0.0000000000000000,-0.0057105669090270,-0.0574399410965410,0.0000000000000000,6.4874123030625617,3.0006520424166654,2.0016,0.2516,-2.25316896,2.50361358,0,1.4e-13
1.0146518630601951,0.0,0.0000000000000000,-0.0057265916544660,-0.0574334996889245,0.0000000000000000,6.4867123030625615,3.0006523280203452,2.0016,0.2505,-2.25208316,2.50140395,0,6.7e-14
1.0146536838104916,0.0,0.0000000000000000,-0.0057425563694902,-0.0574270739312846,0.0000000000000000,6.4860123030625614,3.0006526137334659,2.0016,0.2494,-2.25099769,2.49919469,0,1.6e-14
1.0146554932687344,0.0,0.0000000000000000,-0.0057584616228632,-0.0574206636469441,0.0000000000000000,6.4853123030625612,3.0006528995561155,2.0016,0.2483,-2.24991256,2.49698578,0,4.6e-14
1.0146572915408945,0.0,0.0000000000000000,-0.0057743080145560,-0.0574142686726101,0.0000000000000000,6.4846123030625620,3.0006531854883778,2.0016,0.2472,-2.24882776,2.49477724,0,2.2e-14
1.0146590787369867,0.0,0.0000000000000000,-0.0057900961149628,-0.0574078888422008,0.0000000000000000,6.4839123030625618,3.0006534715303386,2.0017,0.2461,-2.24774329,2.49256905,0,1.2e-13
1.0146608549613878,0.0,0.0000000000000000,-0.0058058264992240,-0.0574015239959321,0.0000000000000000,6.4832123030625617,3.0006537576820826,2.0017,0.2450,-2.24665915,2.49036123,0,2.3e-13
1.0146626203216684,0.0,0.0000000000000000,-0.0058214997169379,-0.0573951739719654,0.0000000000000000,6.4825123030625615,3.0006540439436953,2.0017,0.2439,-2.24557535,2.48815376,0,3.3e-15
1.0146643749198161,0.0,0.0000000000000000,-0.0058371163230375,-0.0573888386146209,0.0000000000000000,6.4818123030625614,3.0006543303152617,2.0017,0.2428,-2.24449188,2.48594665,0,2.1e-14
1.0146661188588997,0.0,0.0000000000000000,-0.0058526768544429,-0.0573825177681844,0.0000000000000000,6.4811123030625613,3.0006546167968686,2.0018,0.2417,-2.24340875,2.48373990,0,1.1e-13
1.0146678522376207,0.0,0.0000000000000000,-0.0058681818503439,-0.0573762112818360,0.0000000000000000,6.4804123030625620,3.0006549033886012,2.0018,0.2406,-2.24232595,2.48153350,0,2.3e-13
1.0146695751560966,0.0,0.0000000000000000,-0.0058836318307382,-0.0573699190044423,0.0000000000000000,6.4797123030625619,3.0006551900905447,2.0018,0.2394,-2.24124349,2.47932746,0,5.9e-15
1.0146712877111130,0.0,0.0000000000000000,-0.0058990273151052,-0.0573636407887366,0.0000000000000000,6.4790123030625617,3.0006554769027862,2.0018,0.2383,-2.24016136,2.47712178,0,4.4e-15
1.0146729899975191,0.0,0.0000000000000000,-0.0059143688166074,-0.0573573764901297,0.0000000000000000,6.4783123030625616,3.0006557638254114,2.0018,0.2372,-2.23907957,2.47491646,0,1.5e-13
1.0146746821096619,0.0,0.0000000000000000,-0.0059296568371577,-0.0573511259654100,0.0000000000000000,6.4776123030625614,3.0006560508585061,2.0019,0.2361,-2.23799811,2.47271149,0,3.9e-13
1.0146763641454071,0.0,0.0000000000000000,-0.0059448918543463,-0.0573448890689192,0.0000000000000000,6.4769123030625613,3.0006563380021563,2.0019,0.2350,-2.23691699,2.47050687,0,1.2e-13
1.0146780361896355,0.0,0.0000000000000000,-0.0059600743799924,-0.0573386656676755,0.0000000000000000,6.4762123030625620,3.0006566252564491,2.0019,0.2339,-2.23583620,2.46830261,0,2.1e-14
1.0146796983351640,0.0,0.0000000000000000,-0.0059752048853186,-0.0573324556223158,0.0000000000000000,6.4755123030625619,3.0006569126214711,2.0019,0.2328,-2.23475575,2.46609871,0,1.5e-13
1.0146813506731625,0.0,0.0000000000000000,-0.0059902838358219,-0.0573262587957829,0.0000000000000000,6.4748123030625617,3.0006572000973075,2.0020,0.2317,-2.23367564,2.46389515,0,2.6e-13
1.0146829932887846,0.0,0.0000000000000000,-0.0060053117074326,-0.0573200750572122,0.0000000000000000,6.4741123030625616,3.0006574876840464,2.0020,0.2306,-2.23259586,2.46169195,0,3.9e-13
1.0146846262688278,0.0,0.0000000000000000,-0.0060202889586318,-0.0573139042750816,0.0000000000000000,6.4734123030625614,3.0006577753817720,2.0020,0.2295,-2.23151642,2.45948911,0,1.5e-13
1.0146862496993752,0.0,0.0000000000000000,-0.0060352160399723,-0.0573077463191781,0.0000000000000000,6.4727123030625613,3.0006580631905764,2.0020,0.2284,-2.23043732,2.45728661,0,1.0e-13
1.0146878636644543,0.0,0.0000000000000000,-0.0060500933981379,-0.0573016010619943,0.0000000000000000,6.4720123030625620,3.0006583511105416,2.0020,0.2273,-2.22935855,2.45508447,0,1.3e-13
1.0146894682463201,0.0,0.0000000000000000,-0.0060649214759355,-0.0572954683782775,0.0000000000000000,6.4713123030625619,3.0006586391417569,2.0021,0.2262,-2.22828012,2.45288268,0,6.1e-14
1.0146910635256678,0.0,0.0000000000000000,-0.0060797007106893,-0.0572893481450114,0.0000000000000000,6.4706123030625617,3.0006589272843072,2.0021,0.2251,-2.22720202,2.45068124,0,8.5e-13
1.0146926495847974,0.0,0.0000000000000000,-0.0060944315256084,-0.0572832402381643,0.0000000000000000,6.4699123030625616,3.0006592155382847,2.0021,0.2240,-2.22612427,2.44848015,0,1.8e-13
1.0146942265039656,0.0,0.0000000000000000,-0.0061091143394911,-0.0572771445365380,0.0000000000000000,6.4692123030625615,3.0006595039037731,2.0021,0.2229,-2.22504685,2.44627941,0,1.5e-14
1.0146957943589858,0.0,0.0000000000000000,-0.0061237495776995,-0.0572710609234986,0.0000000000000000,6.4685123030625613,3.0006597923808598,2.0022,0.2218,-2.22396978,2.44407902,0,3.1e-14
1.0146973532286223,0.0,0.0000000000000000,-0.0061383376459605,-0.0572649892803848,0.0000000000000000,6.4678123030625621,3.0006600809696335,2.0022,0.2207,-2.22289303,2.44187898,0,1.6e-13
1.0146989031888822,0.0,0.0000000000000000,-0.0061528789501679,-0.0572589294916923,0.0000000000000000,6.4671123030625619,3.0006603696701810,2.0022,0.2196,-2.22181663,2.43967929,0,2.5e-14
1.0147004443128504,0.0,0.0000000000000000,-0.0061673738977346,-0.0572528814451357,0.0000000000000000,6.4664123030625618,3.0006606584825914,2.0022,0.2185,-2.22074057,2.43747995,0,8.4e-14
1.0147019766781904,0.0,0.0000000000000000,-0.0061818228702065,-0.0572468450250523,0.0000000000000000,6.4657123030625616,3.0006609474069514,2.0023,0.2174,-2.21966484,2.43528095,0,4.0e-14
1.0147035003559608,0.0,0.0000000000000000,-0.0061962262642570,-0.0572408201222287,0.0000000000000000,6.4650123030625615,3.0006612364433494,2.0023,0.2163,-2.21858946,2.43308230,0,3.7e-13
1.0147050154191550,0.0,0.0000000000000000,-0.0062105844609181,-0.0572348066263458,0.0000000000000000,6.4643123030625613,3.0006615255918740,2.0023,0.2152,-2.21751441,2.43088400,0,6.2e-14
1.0147065219417009,0.0,0.0000000000000000,-0.0062248978299381,-0.0572288044267768,0.0000000000000000,6.4636123030625612,3.0006618148526170,2.0023,0.2141,-2.21643971,2.42868604,0,9.5e-13
1.0147080199840584,0.0,0.0000000000000000,-0.0062391667782078,-0.0572228134258274,0.0000000000000000,6.4629123030625619,3.0006621042256554,2.0024,0.2130,-2.21536534,2.42648844,0,2.9e-13
1.0147095096250212,0.0,0.0000000000000000,-0.0062533916425620,-0.0572168335095523,0.0000000000000000,6.4622123030625618,3.0006623937110879,2.0024,0.2119,-2.21429131,2.42429117,0,2.8e-14
1.0147109909313514,0.0,0.0000000000000000,-0.0062675727928310,-0.0572108645755627,0.0000000000000000,6.4615123030625616,3.0006626833090007,2.0024,0.2108,-2.21321762,2.42209425,0,6.4e-14
1.0147124639713780,0.0,0.0000000000000000,-0.0062817105858604,-0.0572049065205502,0.0000000000000000,6.4608123030625615,3.0006629730194856,2.0025,0.2097,-2.21214428,2.41989768,0,3.4e-13
1.0147139288023403,0.0,0.0000000000000000,-0.0062958054096564,-0.0571989592515836,0.0000000000000000,6.4601123030625613,3.0006632628426333,2.0025,0.2086,-2.21107128,2.41770145,0,4.0e-12
1.0147153855056801,0.0,0.0000000000000000,-0.0063098575559768,-0.0571930226554775,0.0000000000000000,6.4594123030625612,3.0006635527785055,2.0025,0.2075,-2.20999860,2.41550556,0,7.9e-14
1.0147168341361215,0.0,0.0000000000000000,-0.0063238674109755,-0.0571870966418483,0.0000000000000000,6.4587123030625619,3.0006638428272265,2.0025,0.2064,-2.20892628,2.41331002,0,2.6e-13
1.0147182747503813,0.0,0.0000000000000000,-0.0063378353400947,-0.0571811811201254,0.0000000000000000,6.4580123030625618,3.0006641329888728,2.0026,0.2053,-2.20785430,2.41111482,0,1.4e-12
1.0147197074396697,0.0,0.0000000000000000,-0.0063517615823818,-0.0571752759695527,0.0000000000000000,6.4573123030625617,3.0006644232635291,2.0026,0.2042,-2.20678265,2.40891996,0,8.3e-14
1.0147211322386398,0.0,0.0000000000000000,-0.0063656465681769,-0.0571693811197335,0.0000000000000000,6.4566123030625615,3.0006647136512896,2.0026,0.2031,-2.20571135,2.40672544,0,7.7e-14
1.0147225492187097,0.0,0.0000000000000000,-0.0063794905921538,-0.0571634964683319,0.0000000000000000,6.4559123030625614,3.0006650041522427,2.0026,0.2020,-2.20464039,2.40453127,0,8.4e-14
1.0147239584420027,0.0,0.0000000000000000,-0.0063932939742989,-0.0571576219217575,0.0000000000000000,6.4552123030625612,3.0006652947664776,2.0027,0.2009,-2.20356977,2.40233743,0,2.1e-13
1.0147253599662849,0.0,0.0000000000000000,-0.0064070570438143,-0.0571517573906556,0.0000000000000000,6.4545123030625620,3.0006655854940845,2.0027,0.1998,-2.20249950,2.40014394,0,4.8e-14
1.0147267538581581,0.0,0.0000000000000000,-0.0064207800918381,-0.0571459027784458,0.0000000000000000,6.4538123030625618,3.0006658763351526,2.0027,0.1987,-2.20142956,2.39795078,0,7.5e-14
1.0147281401600119,0.0,0.0000000000000000,-0.0064344634878050,-0.0571400580102639,0.0000000000000000,6.4531123030625617,3.0006661672897708,2.0028,0.1976,-2.20035997,2.39575797,0,5.1e-13
1.0147295189449823,0.0,0.0000000000000000,-0.0064481074873614,-0.0571342229847209,0.0000000000000000,6.4524123030625615,3.0006664583580283,2.0028,0.1965,-2.19929072,2.39356549,0,6.2e-14
1.0147308902653267,0.0,0.0000000000000000,-0.0064617124132524,-0.0571283976191167,0.0000000000000000,6.4517123030625614,3.0006667495400188,2.0028,0.1954,-2.19822182,2.39137335,0,1.2e-13
1.0147322541792514,0.0,0.0000000000000000,-0.0064752785609221,-0.0571225818260556,0.0000000000000000,6.4510123030625612,3.0006670408358307,2.0028,0.1943,-2.19715326,2.38918155,0,1.6e-13
1.0147336107655298,0.0,0.0000000000000000,-0.0064888061420083,-0.0571167755016046,0.0000000000000000,6.4503123030625620,3.0006673322455244,2.0029,0.1932,-2.19608503,2.38699009,0,5.3e-12
1.0147349600045084,0.0,0.0000000000000000,-0.0065022957297514,-0.0571109786242741,0.0000000000000000,6.4496123030625618,3.0006676237692784,2.0029,0.1921,-2.19501716,2.38479897,0,3.8e-14
1.0147363020287141,0.0,0.0000000000000000,-0.0065157473245960,-0.0571051910459803,0.0000000000000000,6.4489123030625617,3.0006679154070954,2.0029,0.1910,-2.19394963,2.38260818,0,1.5e-13
1.0147376368619510,0.0,0.0000000000000000,-0.0065291613245862,-0.0570994127100622,0.0000000000000000,6.4482123030625615,3.0006682071590967,2.0030,0.1899,-2.19288244,2.38041773,0,2.4e-13
1.0147389645618667,0.0,0.0000000000000000,-0.0065425379979264,-0.0570936435317476,0.0000000000000000,6.4475123030625614,3.0006684990253709,2.0030,0.1888,-2.19181560,2.37822761,0,3.1e-14
1.0147402851795624,0.0,0.0000000000000000,-0.0065558776301233,-0.0570878834323574,0.0000000000000000,6.4468123030625613,3.0006687910060084,2.0030,0.1877,-2.19074910,2.37603783,0,5.2e-13
1.0147415987671919,0.0,0.0000000000000000,-0.0065691804984136,-0.0570821323325427,0.0000000000000000,6.4461123030625620,3.0006690831011062,2.0030,0.1866,-2.18968294,2.37384838,0,2.5e-13
1.0147429053762029,0.0,0.0000000000000000,-0.0065824468750441,-0.0570763901543287,0.0000000000000000,6.4454123030625619,3.0006693753107450,2.0031,0.1855,-2.18861713,2.37165927,0,1.8e-13
1.0147442050574544,0.0,0.0000000000000000,-0.0065956770314242,-0.0570706568202168,0.0000000000000000,6.4447123030625617,3.0006696676350249,2.0031,0.1844,-2.18755166,2.36947049,0,1.5e-13
1.0147454978607868,0.0,0.0000000000000000,-0.0066088712358389,-0.0570649322542206,0.0000000000000000,6.4440123030625616,3.0006699600740330,2.0031,0.1834,-2.18648654,2.36728204,0,8.3e-14
1.0147467838370428,0.0,0.0000000000000000,-0.0066220297483646,-0.0570592163798098,0.0000000000000000,6.4433123030625614,3.0006702526278617,2.0032,0.1823,-2.18542177,2.36509393,0,3.7e-14
1.0147480630330181,0.0,0.0000000000000000,-0.0066351528382337,-0.0570535091242878,0.0000000000000000,6.4426123030625613,3.0006705452966025,2.0032,0.1812,-2.18435734,2.36290614,0,2.1e-13
1.0147493355007944,0.0,0.0000000000000000,-0.0066482407513809,-0.0570478104107628,0.0000000000000000,6.4419123030625620,3.0006708380803477,2.0032,0.1801,-2.18329325,2.36071869,0,2.3e-14
1.0147506012834340,0.0,0.0000000000000000,-0.0066612937599443,-0.0570421201705243,0.0000000000000000,6.4412123030625619,3.0006711309791876,2.0033,0.1790,-2.18222951,2.35853158,0,1.5e-13
1.0147518604325898,0.0,0.0000000000000000,-0.0066743121016488,-0.0570364383277702,0.0000000000000000,6.4405123030625617,3.0006714239932140,2.0033,0.1779,-2.18116612,2.35634479,0,7.9e-14
1.0147531129933058,0.0,0.0000000000000000,-0.0066872960325001,-0.0570307648127336,0.0000000000000000,6.4398123030625616,3.0006717171225206,2.0033,0.1768,-2.18010307,2.35415833,0,2.5e-13
1.0147543590118819,0.0,0.0000000000000000,-0.0067002457993248,-0.0570250995549332,0.0000000000000000,6.4391123030625614,3.0006720103671989,2.0033,0.1757,-2.17904037,2.35197220,0,1.5e-13
1.0147555985526338,0.0,0.0000000000000000,-0.0067131615801613,-0.0570194424690570,0.0000000000000000,6.4384123030625613,3.0006723037273377,2.0034,0.1746,-2.17797802,2.34978640,0,2.4e-12
1.0147568316076956,0.0,0.0000000000000000,-0.0067260438063504,-0.0570137935308559,0.0000000000000000,6.4377123030625620,3.0006725972030366,2.0034,0.1735,-2.17691601,2.34760093,0,2.3e-14
1.0147580582742302,0.0,0.0000000000000000,-0.0067388925291109,-0.0570081526281367,0.0000000000000000,6.4370123030625619,3.0006728907943803,2.0034,0.1724,-2.17585435,2.34541579,0,3.8e-13
1.0147592785799784,0.0,0.0000000000000000,-0.0067517080444546,-0.0570025197072190,0.0000000000000000,6.4363123030625617,3.0006731845014678,2.0035,0.1713,-2.17479304,2.34323098,0,3.1e-14
1.0147604925693341,0.0,0.0000000000000000,-0.0067644905836081,-0.0569968947009392,0.0000000000000000,6.4356123030625616,3.0006734783243902,2.0035,0.1702,-2.17373208,2.34104649,0,4.2e-13
1.0147617002820450,0.0,0.0000000000000000,-0.0067772403887763,-0.0569912775465313,0.0000000000000000,6.4349123030625615,3.0006737722632320,2.0035,0.1691,-2.17267146,2.33886233,0,1.5e-14
1.0147629017636577,0.0,0.0000000000000000,-0.0067899576802194,-0.0569856681762057,0.0000000000000000,6.4342123030625613,3.0006740663180969,2.0036,0.1680,-2.17161119,2.33667850,0,6.6e-15
1.0147640970568881,0.0,0.0000000000000000,-0.0068026426823517,-0.0569800665251744,0.0000000000000000,6.4335123030625621,3.0006743604890733,2.0036,0.1669,-2.17055126,2.33449499,0,1.1e-13
1.0147652862040943,0.0,0.0000000000000000,-0.0068152956171816,-0.0569744725291758,0.0000000000000000,6.4328123030625619,3.0006746547762551,2.0036,0.1659,-2.16949169,2.33231181,0,1.5e-13
1.0147664692446747,0.0,0.0000000000000000,-0.0068279167126257,-0.0569688861268284,0.0000000000000000,6.4321123030625618,3.0006749491797340,2.0037,0.1648,-2.16843246,2.33012895,0,2.7e-13
1.0147676462344264,0.0,0.0000000000000000,-0.0068405061368666,-0.0569633072429872,0.0000000000000000,6.4314123030625616,3.0006752436996087,2.0037,0.1637,-2.16737359,2.32794642,0,1.6e-12
1.0147688171735150,0.0,0.0000000000000000,-0.0068530642455903,-0.0569577358500982,0.0000000000000000,6.4307123030625615,3.0006755383359622,2.0037,0.1626,-2.16631506,2.32576421,0,2.0e-13
1.0147699821427698,0.0,0.0000000000000000,-0.0068655911122683,-0.0569521718524821,0.0000000000000000,6.4300123030625613,3.0006758330888972,2.0038,0.1615,-2.16525688,2.32358232,0,3.0e-14
1.0147711411676383,0.0,0.0000000000000000,-0.0068780869983348,-0.0569466152016172,0.0000000000000000,6.4293123030625612,3.0006761279585037,2.0038,0.1604,-2.16419905,2.32140076,0,3.6e-13
1.0147722942881512,0.0,0.0000000000000000,-0.0068905521108127,-0.0569410658369534,0.0000000000000000,6.4286123030625619,3.0006764229448781,2.0038,0.1593,-2.16314157,2.31921952,0,1.1e-13
1.0147734415423497,0.0,0.0000000000000000,-0.0069029866593846,-0.0569355236999855,0.0000000000000000,6.4279123030625618,3.0006767180481102,2.0039,0.1582,-2.16208444,2.31703860,0,6.0e-13
1.0147745829716233,0.0,0.0000000000000000,-0.0069153908403978,-0.0569299887294005,0.0000000000000000,6.4272123030625616,3.0006770132682976,2.0039,0.1571,-2.16102765,2.31485800,0,1.6e-14
1.0147757186102773,0.0,0.0000000000000000,-0.0069277648690221,-0.0569244608703919,0.0000000000000000,6.4265123030625615,3.0006773086055332,2.0039,0.1560,-2.15997122,2.31267773,0,1.8e-13
1.0147768484980824,0.0,0.0000000000000000,-0.0069401089394477,-0.0569189400636496,0.0000000000000000,6.4258123030625613,3.0006776040599110,2.0040,0.1549,-2.15891514,2.31049777,0,1.3e-13
1.0147779726714470,0.0,0.0000000000000000,-0.0069524232533178,-0.0569134262530503,0.0000000000000000,6.4251123030625612,3.0006778996315244,2.0040,0.1539,-2.15785941,2.30831813,0,2.3e-13
1.0147790911684689,0.0,0.0000000000000000,-0.0069647080037371,-0.0569079193812020,0.0000000000000000,6.4244123030625619,3.0006781953204702,2.0040,0.1528,-2.15680402,2.30613881,0,2.7e-13
1.0147802040258100,0.0,0.0000000000000000,-0.0069769633850776,-0.0569024193922313,0.0000000000000000,6.4237123030625618,3.0006784911268420,2.0041,0.1517,-2.15574899,2.30395982,0,2.8e-13
1.0147813112768480,0.0,0.0000000000000000,-0.0069891895992989,-0.0568969262333228,0.0000000000000000,6.4230123030625617,3.0006787870507332,2.0041,0.1506,-2.15469431,2.30178114,0,2.9e-14
1.0147824129611918,0.0,0.0000000000000000,-0.0070013868247335,-0.0568914398465443,0.0000000000000000,6.4223123030625615,3.0006790830922401,2.0041,0.1495,-2.15363998,2.29960277,0,6.1e-14
1.0147835091123860,0.0,0.0000000000000000,-0.0070135552564921,-0.0568859601794046,0.0000000000000000,6.4216123030625614,3.0006793792514577,2.0042,0.1484,-2.15258601,2.29742473,0,1.5e-13
1.0147845997657641,0.0,0.0000000000000000,-0.0070256950808698,-0.0568804871780869,0.0000000000000000,6.4209123030625612,3.0006796755284806,2.0042,0.1473,-2.15153238,2.29524700,0,1.6e-14
1.0147856849556907,0.0,0.0000000000000000,-0.0070378064840040,-0.0568750207898851,0.0000000000000000,6.4202123030625620,3.0006799719234039,2.0043,0.1462,-2.15047910,2.29306959,0,1.5e-13
1.0147867647170881,0.0,0.0000000000000000,-0.0070498896474740,-0.0568695609617906,0.0000000000000000,6.4195123030625618,3.0006802684363230,2.0043,0.1451,-2.14942618,2.29089249,0,3.0e-14
1.0147878390833243,0.0,0.0000000000000000,-0.0070619447549770,-0.0568641076423568,0.0000000000000000,6.4188123030625617,3.0006805650673338,2.0043,0.1440,-2.14837361,2.28871571,0,2.8e-14
1.0147889080894097,0.0,0.0000000000000000,-0.0070739719816628,-0.0568586607789905,0.0000000000000000,6.4181123030625615,3.0006808618165302,2.0044,0.1430,-2.14732139,2.28653924,0,2.3e-13
1.0147899717704600,0.0,0.0000000000000000,-0.0070859714995441,-0.0568532203192122,0.0000000000000000,6.4174123030625614,3.0006811586840110,2.0044,0.1419,-2.14626952,2.28436309,0,6.3e-14
1.0147910301514191,0.0,0.0000000000000000,-0.0070979435120956,-0.0568477862192880,0.0000000000000000,6.4167123030625612,3.0006814556698682,2.0044,0.1408,-2.14521801,2.28218725,0,2.0e-13
1.0147920832729327,0.0,0.0000000000000000,-0.0071098881668839,-0.0568423584225530,0.0000000000000000,6.4160123030625620,3.0006817527742005,2.0045,0.1397,-2.14416685,2.28001173,0,3.0e-13
1.0147931311660177,0.0,0.0000000000000000,-0.0071218056411081,-0.0568369368806510,0.0000000000000000,6.4153123030625618,3.0006820499971023,2.0045,0.1386,-2.14311604,2.27783652,0,1.1e-14
1.0147941738614685,0.0,0.0000000000000000,-0.0071336961102452,-0.0568315215455489,0.0000000000000000,6.4146123030625617,3.0006823473386710,2.0045,0.1375,-2.14206558,2.27566161,0,2.0e-13
1.0147952113911867,0.0,0.0000000000000000,-0.0071455597430031,-0.0568261123685693,0.0000000000000000,6.4139123030625615,3.0006826447990020,2.0046,0.1364,-2.14101548,2.27348703,0,3.6e-13
1.0147962437864082,0.0,0.0000000000000000,-0.0071573967079838,-0.0568207093017246,0.0000000000000000,6.4132123030625614,3.0006829423781927,2.0046,0.1353,-2.13996573,2.27131275,0,2.9e-14
1.0147972710792565,0.0,0.0000000000000000,-0.0071692071679090,-0.0568153122965480,0.0000000000000000,6.4125123030625613,3.0006832400763379,2.0047,0.1343,-2.13891633,2.26913878,0,2.5e-13
1.0147982933005990,0.0,0.0000000000000000,-0.0071809912872413,-0.0568099213057977,0.0000000000000000,6.4118123030625620,3.0006835378935350,2.0047,0.1332,-2.13786729,2.26696512,0,2.0e-13
1.0147993104798774,0.0,0.0000000000000000,-0.0071927492326183,-0.0568045362836099,0.0000000000000000,6.4111123030625619,3.0006838358298813,2.0047,0.1321,-2.13681860,2.26479178,0,4.8e-14
1.0148003226479994,0.0,0.0000000000000000,-0.0072044811632464,-0.0567991571831038,0.0000000000000000,6.4104123030625617,3.0006841338854731,2.0048,0.1310,-2.13577027,2.26261874,0,2.2e-13
1.0148013298347545,0.0,0.0000000000000000,-0.0072161872396589,-0.0567937839585080,0.0000000000000000,6.4097123030625616,3.0006844320604076,2.0048,0.1299,-2.13472229,2.26044601,0,3.7e-13
1.0148023320704818,0.0,0.0000000000000000,-0.0072278676179677,-0.0567884165638052,0.0000000000000000,6.4090123030625614,3.0006847303547821,2.0049,0.1288,-2.13367466,2.25827359,0,1.9e-13
1.0148033293844281,0.0,0.0000000000000000,-0.0072395224554771,-0.0567830549540766,0.0000000000000000,6.4083123030625613,3.0006850287686926,2.0049,0.1277,-2.13262739,2.25610147,0,3.6e-13
1.0148043218050535,0.0,0.0000000000000000,-0.0072511519100239,-0.0567776990851823,0.0000000000000000,6.4076123030625620,3.0006853273022380,2.0049,0.1267,-2.13158048,2.25392967,0,1.6e-13
1.0148053093615481,0.0,0.0000000000000000,-0.0072627561342383,-0.0567723489126406,0.0000000000000000,6.4069123030625619,3.0006856259555152,2.0050,0.1256,-2.13053392,2.25175816,0,1.1e-13
1.0148062920823930,0.0,0.0000000000000000,-0.0072743352811198,-0.0567670043926747,0.0000000000000000,6.4062123030625617,3.0006859247286219,2.0050,0.1245,-2.12948771,2.24958697,0,1.0e-13
1.0148072699962594,0.0,0.0000000000000000,-0.0072858895004692,-0.0567616654815761,0.0000000000000000,6.4055123030625616,3.0006862236216549,2.0050,0.1234,-2.12844186,2.24741608,0,1.2e-13
1.0148082431311618,0.0,0.0000000000000000,-0.0072974189422454,-0.0567563321363131,0.0000000000000000,6.4048123030625614,3.0006865226347132,2.0051,0.1223,-2.12739637,2.24524550,0,1.5e-13
1.0148092115151837,0.0,0.0000000000000000,-0.0073089237537156,-0.0567510043140058,0.0000000000000000,6.4041123030625613,3.0006868217678946,2.0051,0.1212,-2.12635123,2.24307522,0,2.9e-14
1.0148101751889080,0.0,0.0000000000000000,-0.0073204040375594,-0.0567456819617569,0.0000000000000000,6.4034123030625620,3.0006871210212980,2.0052,0.1201,-2.12530645,2.24090524,0,1.3e-12
1.0148111341389869,0.0,0.0000000000000000,-0.0073318600773336,-0.0567403650707776,0.0000000000000000,6.4027123030625619,3.0006874203950167,2.0052,0.1191,-2.12426202,2.23873557,0,1.2e-14
1.0148120884334091,0.0,0.0000000000000000,-0.0073432918783480,-0.0567350535661757,0.0000000000000000,6.4020123030625617,3.0006877198891555,2.0052,0.1180,-2.12321795,2.23656620,0,1.1e-13
1.0148130380857197,0.0,0.0000000000000000,-0.0073546996287571,-0.0567297474175623,0.0000000000000000,6.4013123030625616,3.0006880195038099,2.0053,0.1169,-2.12217424,2.23439713,0,1.9e-13
1.0148139831209595,0.0,0.0000000000000000,-0.0073660834747015,-0.0567244465854775,0.0000000000000000,6.4006123030625615,3.0006883192390772,2.0053,0.1158,-2.12113088,2.23222836,0,1.5e-13
1.0148149235687360,0.0,0.0000000000000000,-0.0073774435462234,-0.0567191510266810,0.0000000000000000,6.3999123030625613,3.0006886190950586,2.0054,0.1147,-2.12008788,2.23005990,0,2.6e-13
1.0148158594505809,0.0,0.0000000000000000,-0.0073887799973478,-0.0567138607048542,0.0000000000000000,6.3992123030625621,3.0006889190718522,2.0054,0.1136,-2.11904524,2.22789173,0,3.8e-14
1.0148167907963965,0.0,0.0000000000000000,-0.0074000929524490,-0.0567085755769475,0.0000000000000000,6.3985123030625619,3.0006892191695567,2.0054,0.1126,-2.11800295,2.22572387,0,1.5e-13
1.0148177176293631,0.0,0.0000000000000000,-0.0074113825562936,-0.0567032956055603,0.0000000000000000,6.3978123030625618,3.0006895193882706,2.0055,0.1115,-2.11696102,2.22355630,0,2.3e-13
1.0148186399758905,0.0,0.0000000000000000,-0.0074226489409229,-0.0566980207508068,0.0000000000000000,6.3971123030625616,3.0006898197280942,2.0055,0.1104,-2.11591945,2.22138904,0,8.6e-15
1.0148195578609216,0.0,0.0000000000000000,-0.0074338922412062,-0.0566927509741694,0.0000000000000000,6.3964123030625615,3.0006901201891254,2.0056,0.1093,-2.11487824,2.21922207,0,1.1e-13
1.0148204713095483,0.0,0.0000000000000000,-0.0074451125898258,-0.0566874862371210,0.0000000000000000,6.3957123030625613,3.0006904207714653,2.0056,0.1082,-2.11383739,2.21705540,0,3.7e-13
1.0148213803464421,0.0,0.0000000000000000,-0.0074563101186214,-0.0566822265016938,0.0000000000000000,6.3950123030625612,3.0006907214752117,2.0057,0.1071,-2.11279689,2.21488903,0,9.4e-14
1.0148222849958304,0.0,0.0000000000000000,-0.0074674849593803,-0.0566769717303522,0.0000000000000000,6.3943123030625619,3.0006910223004652,2.0057,0.1061,-2.11175675,2.21272295,0,1.7e-13
1.0148231852822924,0.0,0.0000000000000000,-0.0074786372407435,-0.0566717218854458,0.0000000000000000,6.3936123030625618,3.0006913232473260,2.0057,0.1050,-2.11071697,2.21055717,0,4.2e-14
1.0148240812295621,0.0,0.0000000000000000,-0.0074897670920438,-0.0566664769302128,0.0000000000000000,6.3929123030625616,3.0006916243158934,2.0058,0.1039,-2.10967755,2.20839169,0,6.5e-14
1.0148249728618637,0.0,0.0000000000000000,-0.0075008746397558,-0.0566612368275323,0.0000000000000000,6.3922123030625615,3.0006919255062678,2.0058,0.1028,-2.10863849,2.20622650,0,9.2e-14
1.0148258602030753,0.0,0.0000000000000000,-0.0075119600091208,-0.0566560015408030,0.0000000000000000,6.3915123030625614,3.0006922268185496,2.0059,0.1017,-2.10759978,2.20406161,0,1.9e-13
1.0148267432758926,0.0,0.0000000000000000,-0.0075230233279016,-0.0566507710344630,0.0000000000000000,6.3908123030625612,3.0006925282528383,2.0059,0.1007,-2.10656144,2.20189701,0,8.5e-14
1.0148276221041379,0.0,0.0000000000000000,-0.0075340647182920,-0.0566455452721882,0.0000000000000000,6.3901123030625619,3.0006928298092350,2.0060,0.0996,-2.10552345,2.19973271,0,3.2e-14
1.0148284967108498,0.0,0.0000000000000000,-0.0075450843032024,-0.0566403242184570,0.0000000000000000,6.3894123030625618,3.0006931314878402,2.0060,0.0985,-2.10448583,2.19756870,0,8.3e-14
1.0148293671187161,0.0,0.0000000000000000,-0.0075560822053188,-0.0566351078381087,0.0000000000000000,6.3887123030625617,3.0006934332887543,2.0060,0.0974,-2.10344856,2.19540498,0,1.3e-13
1.0148330504145289,0.0,0.0000000000000000,-0.0076029733271242,-0.0566128040306751,0.0000000000000000,6.3857123030625615,3.0006947281089764,2.0062,0.0928,-2.09900721,2.18613520,0,1.9e-13
1.0148366587442634,0.0,0.0000000000000000,-0.0076494776947530,-0.0565905827317778,0.0000000000000000,6.3827123030625614,3.0006960251855106,2.0064,0.0882,-2.09457249,2.17687074,0,1.6e-13
1.0148401937909894,0.0,0.0000000000000000,-0.0076956042870876,-0.0565684413386056,0.0000000000000000,6.3797123030625613,3.0006973245263651,2.0066,0.0835,-2.09014440,2.16761156,0,7.4e-14
1.0148436571798050,0.0,0.0000000000000000,-0.0077413617663684,-0.0565463773354444,0.0000000000000000,6.3767123030625621,3.0006986261395863,2.0068,0.0789,-2.08572296,2.15835761,0,4.2e-14
1.0148470504758191,0.0,0.0000000000000000,-0.0077867585113798,-0.0565243882927907,0.0000000000000000,6.3737123030625620,3.0006999300332717,2.0070,0.0743,-2.08130818,2.14910886,0,2.6e-13
1.0148503751940547,0.0,0.0000000000000000,-0.0078318026052774,-0.0565024718580307,0.0000000000000000,6.3707123030625619,3.0007012362155603,2.0072,0.0697,-2.07690008,2.13986526,0,1.2e-14
1.0148536327973936,0.0,0.0000000000000000,-0.0078765018651222,-0.0564806257550515,0.0000000000000000,6.3677123030625618,3.0007025446946343,2.0074,0.0651,-2.07249866,2.13062676,0,4.1e-14
1.0148568247004259,0.0,0.0000000000000000,-0.0079208638488081,-0.0564588477795944,0.0000000000000000,6.3647123030625616,3.0007038554787209,2.0076,0.0605,-2.06810395,2.12139332,0,3.3e-13
1.0148599522698913,0.0,0.0000000000000000,-0.0079648958732669,-0.0564371357971810,0.0000000000000000,6.3617123030625615,3.0007051685760961,2.0079,0.0559,-2.06371595,2.11216490,0,1.1e-13
1.0148630168313879,0.0,0.0000000000000000,-0.0080086050087249,-0.0564154877366624,0.0000000000000000,6.3587123030625614,3.0007064839950743,2.0081,0.0513,-2.05933467,2.10294145,0,5.1e-13
1.0148660196647361,0.0,0.0000000000000000,-0.0080519981152971,-0.0563939015915459,0.0000000000000000,6.3557123030625613,3.0007078017440323,2.0083,0.0467,-2.05496013,2.09372292,0,3.2e-13
1.0148689620115190,0.0,0.0000000000000000,-0.0080950818261434,-0.0563723754142781,0.0000000000000000,6.3527123030625621,3.0007091218313713,2.0085,0.0421,-2.05059234,2.08450928,0,2.3e-13
1.0148718450700487,0.0,0.0000000000000000,-0.0081378625859110,-0.0563509073175537,0.0000000000000000,6.3497123030625620,3.0007104442655472,2.0087,0.0375,-2.04623132,2.07530048,0,8.8e-13
1.0148746700158142,0.0,0.0000000000000000,-0.0081803465985679,-0.0563294954572569,0.0000000000000000,6.3467123030625618,3.0007117690550800,2.0090,0.0329,-2.04187706,2.06609647,0,1.9e-13
1.0148774379709713,0.0,0.0000000000000000,-0.0082225399350067,-0.0563081380555220,0.0000000000000000,6.3437123030625617,3.0007130962085542,2.0092,0.0283,-2.03752962,2.05689720,0,1.7e-11
1.0148801500220757,0.0,0.0000000000000000,-0.0082644484850677,-0.0562868333878907,0.0000000000000000,6.3407123030625616,3.0007144257344422,2.0094,0.0237,-2.03318892,2.04770264,0,2.7e-13
1.0148828072448335,0.0,0.0000000000000000,-0.0083060779069406,-0.0562655797571261,0.0000000000000000,6.3377123030625615,3.0007157576415233,2.0097,0.0192,-2.02885505,2.03851273,0,7.7e-14
1.0148854106645895,0.0,0.0000000000000000,-0.0083474337465315,-0.0562443755291985,0.0000000000000000,6.3347123030625614,3.0007170919384563,2.0099,0.0146,-2.02452800,2.02932743,0,4.6e-13
1.0148879612868971,0.0,0.0000000000000000,-0.0083885213571187,-0.0562232191060874,0.0000000000000000,6.3317123030625613,3.0007184286339741,2.0102,0.0100,-2.02020777,2.02014670,0,4.3e-13
1.0148904600809938,0.0,0.0000000000000000,-0.0084293459681967,-0.0562021089366330,0.0000000000000000,6.3287123030625621,3.0007197677368938,2.0104,0.0055,-2.01589439,2.01097048,0,1.9e-13
1.0148929079917723,0.0,0.0000000000000000,-0.0084699126457658,-0.0561810435087984,0.0000000000000000,6.3257123030625619,3.0007211092560437,2.0107,0.0009,-2.01158785,2.00179873,0,2.7e-14
1.0148953059360590,0.0,0.0000000000000000,-0.0085102263226530,-0.0561600213498311,0.0000000000000000,6.3227123030625618,3.0007224532003249,2.0110,-0.0037,-2.00728817,1.99263141,0,2.3e-13
1.0148976548080777,0.0,0.0000000000000000,-0.0085502917854834,-0.0561390410222204,0.0000000000000000,6.3197123030625617,3.0007237995786835,2.0112,-0.0082,-2.00299536,1.98346847,0,1.1e-13
1.0148999554752822,0.0,0.0000000000000000,-0.0085901136972581,-0.0561181011259564,0.0000000000000000,6.3167123030625616,3.0007251484001136,2.0115,-0.0128,-1.99870942,1.97430986,0,3.4e-13
1.0149022087968087,0.0,0.0000000000000000,-0.0086296965451369,-0.0560972002842541,0.0000000000000000,6.3137123030625615,3.0007264996736565,2.0118,-0.0173,-1.99443037,1.96515553,0,1.5e-12
1.0149044155708824,0.0,0.0000000000000000,-0.0086690448253799,-0.0560763371803980,0.0000000000000000,6.3107123030625614,3.0007278534084278,2.0120,-0.0219,-1.99015820,1.95600544,0,1.9e-11
1.0149065765694234,0.0,0.0000000000000000,-0.0087081629120355,-0.0560555105356608,0.0000000000000000,6.3077123030625613,3.0007292096135800,2.0123,-0.0264,-1.98589298,1.94685954,0,6.3e-13
1.0149086926348230,0.0,0.0000000000000000,-0.0087470547969297,-0.0560347190308737,0.0000000000000000,6.3047123030625620,3.0007305682982972,2.0126,-0.0309,-1.98163464,1.93771778,0,4.3e-14
1.0149107644807605,0.0,0.0000000000000000,-0.0087857247005358,-0.0560139614575922,0.0000000000000000,6.3017123030625619,3.0007319294718560,2.0129,-0.0355,-1.97738322,1.92858012,0,7.6e-12
1.0149127928816108,0.0,0.0000000000000000,-0.0088241764724534,-0.0559932365785170,0.0000000000000000,6.2987123030625618,3.0007332931435395,2.0132,-0.0400,-1.97313874,1.91944650,0,2.2e-14
1.0149147785241499,0.0,0.0000000000000000,-0.0088624141000668,-0.0559725432306397,0.0000000000000000,6.2957123030625617,3.0007346593227360,2.0134,-0.0445,-1.96890119,1.91031689,0,4.0e-13
1.0149167221180062,0.0,0.0000000000000000,-0.0089004413299396,-0.0559518802492861,0.0000000000000000,6.2927123030625616,3.0007360280188564,2.0137,-0.0491,-1.96467059,1.90119123,0,1.1e-13
1.0149186243438497,0.0,0.0000000000000000,-0.0089382618537458,-0.0559312465029484,0.0000000000000000,6.2897123030625615,3.0007373992413737,2.0140,-0.0536,-1.96044694,1.89206947,0,4.2e-12
1.0149198698504573,0.0,0.0000000000000000,-0.0089633624515786,-0.0559175063587322,0.0000000000000000,6.2877123030625617,3.0007383147979687,2.0142,-0.0566,-1.95763503,1.88599045,0,7.5e-13
1.0149210974570957,0.0,0.0000000000000000,-0.0089883738347806,-0.0559037783945230,0.0000000000000000,6.2857123030625619,3.0007392314844794,2.0144,-0.0596,-1.95482623,1.87991312,0,5.6e-13
1.0149223073598659,0.0,0.0000000000000000,-0.0090132970106335,-0.0558900622878631,0.0000000000000000,6.2837123030625612,3.0007401493037467,2.0146,-0.0626,-1.95202051,1.87383749,0,2.3e-13
1.0149234997441847,0.0,0.0000000000000000,-0.0090381329945435,-0.0558763577260150,0.0000000000000000,6.2817123030625615,3.0007410682586335,2.0148,-0.0656,-1.94921790,1.86776352,0,7.9e-15
1.0149246747946266,0.0,0.0000000000000000,-0.0090628827783100,-0.0558626643991556,0.0000000000000000,6.2797123030625617,3.0007419883520074,2.0151,-0.0686,-1.94641838,1.86169121,0,6.5e-14
1.0149258326911987,0.0,0.0000000000000000,-0.0090875473434214,-0.0558489820027464,0.0000000000000000,6.2777123030625619,3.0007429095867502,2.0153,-0.0716,-1.94362197,1.85562055,0,4.1e-14
1.0149269736135269,0.0,0.0000000000000000,-0.0091121276476418,-0.0558353102346472,0.0000000000000000,6.2757123030625612,3.0007438319657531,2.0155,-0.0746,-1.94082866,1.84955151,0,4.2e-13
1.0149280977364830,0.0,0.0000000000000000,-0.0091366246408011,-0.0558216487979331,0.0000000000000000,6.2737123030625614,3.0007447554919193,2.0157,-0.0776,-1.93803845,1.84348409,0,2.0e-12
1.0149292052296262,0.0,0.0000000000000000,-0.0091610392634587,-0.0558079974018827,0.0000000000000000,6.2717123030625617,3.0007456801681629,2.0159,-0.0806,-1.93525135,1.83741827,0,8.0e-14
1.0149302962661655,0.0,0.0000000000000000,-0.0091853724252552,-0.0557943557544284,0.0000000000000000,6.2697123030625619,3.0007466059974117,2.0161,-0.0836,-1.93246736,1.83135403,0,2.9e-13
1.0149313710111310,0.0,0.0000000000000000,-0.0092096250368307,-0.0557807235716429,0.0000000000000000,6.2677123030625612,3.0007475329826021,2.0163,-0.0866,-1.92968647,1.82529137,0,8.4e-14
1.0149324296312172,0.0,0.0000000000000000,-0.0092337979822481,-0.0557671005700843,0.0000000000000000,6.2657123030625614,3.0007484611266846,2.0166,-0.0896,-1.92690870,1.81923027,0,6.1e-13
1.0149334722825394,0.0,0.0000000000000000,-0.0092578921575540,-0.0557534864756500,0.0000000000000000,6.2637123030625617,3.0007493904326168,2.0168,-0.0926,-1.92413404,1.81317071,0,2.1e-13
1.0149344991301588,0.0,0.0000000000000000,-0.0092819084093210,-0.0557398810095687,0.0000000000000000,6.2617123030625619,3.0007503209033755,2.0170,-0.0956,-1.92136249,1.80711268,0,4.1e-14
1.0149355103302926,0.0,0.0000000000000000,-0.0093058475916140,-0.0557262839010676,0.0000000000000000,6.2597123030625612,3.0007512525419422,2.0172,-0.0986,-1.91859406,1.80105616,0,1.4e-12
1.0149365060363726,0.0,0.0000000000000000,-0.0093297105472305,-0.0557126948830187,0.0000000000000000,6.2577123030625614,3.0007521853513106,2.0174,-0.1016,-1.91582873,1.79500115,0,2.7e-13
1.0149374863966234,0.0,0.0000000000000000,-0.0093534981152965,-0.0556991136935463,0.0000000000000000,6.2557123030625617,3.0007531193344921,2.0177,-0.1046,-1.91306653,1.78894762,0,6.6e-14
1.0149384515702808,0.0,0.0000000000000000,-0.0093772110800846,-0.0556855400649891,0.0000000000000000,6.2537123030625619,3.0007540544944855,2.0179,-0.1076,-1.91030743,1.78289556,0,4.7e-12
1.0149394016925177,0.0,0.0000000000000000,-0.0094008502876470,-0.0556719737466227,0.0000000000000000,6.2517123030625612,3.0007549908343818,2.0181,-0.1106,-1.90755147,1.77684496,0,1.1e-13
1.0149403369186110,0.0,0.0000000000000000,-0.0094244164945204,-0.0556584144774575,0.0000000000000000,6.2497123030625614,3.0007559283571648,2.0184,-0.1136,-1.90479862,1.77079581,0,5.0e-14
1.0149412573890662,0.0,0.0000000000000000,-0.0094479104908312,-0.0556448620067783,0.0000000000000000,6.2477123030625616,3.0007568670659106,2.0186,-0.1165,-1.90204888,1.76474808,0,1.9e-13
1.0149421632412159,0.0,0.0000000000000000,-0.0094713330574922,-0.0556313160879672,0.0000000000000000,6.2457123030625619,3.0007578069636827,2.0188,-0.1195,-1.89930227,1.75870177,0,1.3e-12
1.0149430546224367,0.0,0.0000000000000000,-0.0094946849269208,-0.0556177764686095,0.0000000000000000,6.2437123030625612,3.0007587480535718,2.0191,-0.1225,-1.89655877,1.75265687,0,3.6e-13
1.0149439316644013,0.0,0.0000000000000000,-0.0095179668633063,-0.0556042429088867,0.0000000000000000,6.2417123030625614,3.0007596903386635,2.0193,-0.1255,-1.89381840,1.74661334,0,1.1e-13
1.0149447945014047,0.0,0.0000000000000000,-0.0095411796061017,-0.0555907151683936,0.0000000000000000,6.2397123030625616,3.0007606338220612,2.0195,-0.1285,-1.89108114,1.74057119,0,5.2e-14
1.0149456432677997,0.0,0.0000000000000000,-0.0095643238781819,-0.0555771930079922,0.0000000000000000,6.2377123030625619,3.0007615785068853,2.0198,-0.1314,-1.88834701,1.73453040,0,1.8e-13
1.0149464780944895,0.0,0.0000000000000000,-0.0095874003972525,-0.0555636761922548,0.0000000000000000,6.2357123030625612,3.0007625243962646,2.0200,-0.1344,-1.88561599,1.72849096,0,8.2e-13
1.0149472991114450,0.0,0.0000000000000000,-0.0096104098684109,-0.0555501644876294,0.0000000000000000,6.2337123030625614,3.0007634714933409,2.0203,-0.1374,-1.88288810,1.72245284,0,1.4e-13
1.0149481064455042,0.0,0.0000000000000000,-0.0096333529909128,-0.0555366576639337,0.0000000000000000,6.2317123030625616,3.0007644198012771,2.0205,-0.1404,-1.88016333,1.71641604,0,3.1e-12
1.0149489002222596,0.0,0.0000000000000000,-0.0096562304527425,-0.0555231554933349,0.0000000000000000,6.2297123030625619,3.0007653693232204,2.0208,-0.1433,-1.87744167,1.71038054,0,3.1e-13
1.0149496805652780,0.0,0.0000000000000000,-0.0096790429338632,-0.0555096577500918,0.0000000000000000,6.2277123030625612,3.0007663200623744,2.0210,-0.1463,-1.87472314,1.70434633,0,2.2e-12
1.0149504475983844,0.0,0.0000000000000000,-0.0097017910985711,-0.0554961642098713,0.0000000000000000,6.2257123030625614,3.0007672720219163,2.0213,-0.1493,-1.87200772,1.69831340,0,2.3e-13
1.0149512014406410,0.0,0.0000000000000000,-0.0097244756119149,-0.0554826746524835,0.0000000000000000,6.2237123030625616,3.0007682252050625,2.0215,-0.1522,-1.86929543,1.69228172,0,5.3e-14
1.0149519422111812,0.0,0.0000000000000000,-0.0097470971248773,-0.0554691888588932,0.0000000000000000,6.2217123030625618,3.0007691796150295,2.0218,-0.1552,-1.86658626,1.68625129,0,1.5e-13
1.0149526700270175,0.0,0.0000000000000000,-0.0097696562811595,-0.0554557066126262,0.0000000000000000,6.2197123030625612,3.0007701352550487,2.0220,-0.1581,-1.86388020,1.68022209,0,3.3e-13
1.0149533850040662,0.0,0.0000000000000000,-0.0097921537146401,-0.0554422276989578,0.0000000000000000,6.2177123030625614,3.0007710921283661,2.0223,-0.1611,-1.86117726,1.67419411,0,1.2e-13
1.0149540872557330,0.0,0.0000000000000000,-0.0098145900538336,-0.0554287519059265,0.0000000000000000,6.2157123030625616,3.0007720502382411,2.0225,-0.1641,-1.85847744,1.66816733,0,1.1e-13
1.0149547768949456,0.0,0.0000000000000000,-0.0098369659158121,-0.0554152790229253,0.0000000000000000,6.2137123030625618,3.0007730095879435,2.0228,-0.1670,-1.85578073,1.66214174,0,9.7e-13
1.0149554540341328,0.0,0.0000000000000000,-0.0098592819066132,-0.0554018088405751,0.0000000000000000,6.2117123030625612,3.0007739701807674,2.0231,-0.1700,-1.85308714,1.65611733,0,5.9e-13
1.0149561187792373,0.0,0.0000000000000000,-0.0098815386397650,-0.0553883411550973,0.0000000000000000,6.2097123030625614,3.0007749320199979,2.0233,-0.1729,-1.85039667,1.65009408,0,1.3e-13
1.0149567712410004,0.0,0.0000000000000000,-0.0099037367020035,-0.0553748757601467,0.0000000000000000,6.2077123030625616,3.0007758951089576,2.0236,-0.1759,-1.84770930,1.64407198,0,3.3e-13
1.0149574115248643,0.0,0.0000000000000000,-0.0099258766845326,-0.0553614124539517,0.0000000000000000,6.2057123030625618,3.0007768594509745,2.0239,-0.1788,-1.84502505,1.63805101,0,1.9e-12
1.0149580397359304,0.0,0.0000000000000000,-0.0099479591673654,-0.0553479510361287,0.0000000000000000,6.2037123030625612,3.0007778250493735,2.0241,-0.1818,-1.84234390,1.63203116,0,2.6e-13
1.0149586559784387,0.0,0.0000000000000000,-0.0099699847224106,-0.0553344913073403,0.0000000000000000,6.2017123030625614,3.0007787919075226,2.0244,-0.1847,-1.83966587,1.62601242,0,9.8e-14
1.0149592603551780,0.0,0.0000000000000000,-0.0099919539143635,-0.0553210330703137,0.0000000000000000,6.1997123030625616,3.0007797600287893,2.0247,-0.1877,-1.83699094,1.61999477,0,1.5e-12
1.0149598529653447,0.0,0.0000000000000000,-0.0100138673077358,-0.0553075761311651,0.0000000000000000,6.1977123030625618,3.0007807294165421,2.0250,-0.1906,-1.83431911,1.61397821,0,6.5e-14
1.0149604339107539,0.0,0.0000000000000000,-0.0100357254485372,-0.0552941202947430,0.0000000000000000,6.1957123030625612,3.0007817000741901,2.0252,-0.1936,-1.83165039,1.60796271,0,5.1e-13
1.0149610032883933,0.0,0.0000000000000000,-0.0100575288864936,-0.0552806653702551,0.0000000000000000,6.1937123030625614,3.0007826720051334,2.0255,-0.1965,-1.82898477,1.60194826,0,3.6e-13
1.0149615612018119,0.0,0.0000000000000000,-0.0100792781412477,-0.0552672111629495,0.0000000000000000,6.1917123030625616,3.0007836452128078,2.0258,-0.1995,-1.82632225,1.59593485,0,2.0e-12
1.0149621077292439,0.0,0.0000000000000000,-0.0101009737987667,-0.0552537574964411,0.0000000000000000,6.1897123030625618,3.0007846197006298,2.0261,-0.2024,-1.82366283,1.58992247,0,1.1e-12
1.0149626429832814,0.0,0.0000000000000000,-0.0101226163308251,-0.0552403041712815,0.0000000000000000,6.1877123030625611,3.0007855954720664,2.0263,-0.2053,-1.82100650,1.58391110,0,4.2e-13
1.0149631670510848,0.0,0.0000000000000000,-0.0101442062764368,-0.0552268510062072,0.0000000000000000,6.1857123030625614,3.0007865725305862,2.0266,-0.2083,-1.81835326,1.57790072,0,1.4e-12
1.0149636800254767,0.0,0.0000000000000000,-0.0101657441475375,-0.0552133978169490,0.0000000000000000,6.1837123030625616,3.0007875508796595,2.0269,-0.2112,-1.81570311,1.57189134,0,2.4e-13
1.0149641820064352,0.0,0.0000000000000000,-0.0101872304252314,-0.0551999444148287,0.0000000000000000,6.1817123030625618,3.0007885305227893,2.0272,-0.2141,-1.81305604,1.56588293,0,3.9e-12
1.0149646730569484,0.0,0.0000000000000000,-0.0102086656928992,-0.0551864906369508,0.0000000000000000,6.1797123030625611,3.0007895114634922,2.0275,-0.2171,-1.81041207,1.55987547,0,2.8e-12
1.0149651532926114,0.0,0.0000000000000000,-0.0102300503652127,-0.0551730362857559,0.0000000000000000,6.1777123030625614,3.0007904937052721,2.0278,-0.2200,-1.80777117,1.55386896,0,1.0e-12
1.0149656227925596,0.0,0.0000000000000000,-0.0102513849588303,-0.0551595811885402,0.0000000000000000,6.1757123030625616,3.0007914772516826,2.0281,-0.2229,-1.80513335,1.54786339,0,1.9e-13
1.0149660816437225,0.0,0.0000000000000000,-0.0102726699574730,-0.0551461251681539,0.0000000000000000,6.1737123030625618,3.0007924621062787,2.0284,-0.2259,-1.80249860,1.54185874,0,4.1e-14
1.0149665299306143,0.0,0.0000000000000000,-0.0102939058434011,-0.0551326680497065,0.0000000000000000,6.1717123030625611,3.0007934482726286,2.0287,-0.2288,-1.79986692,1.53585499,0,5.9e-13
1.0149669677389379,0.0,0.0000000000000000,-0.0103150930867080,-0.0551192096580805,0.0000000000000000,6.1697123030625614,3.0007944357543144,2.0290,-0.2317,-1.79723831,1.52985214,0,2.9e-13
1.0149673951520186,0.0,0.0000000000000000,-0.0103362321562809,-0.0551057498202908,0.0000000000000000,6.1677123030625616,3.0007954245549397,2.0293,-0.2346,-1.79461277,1.52385017,0,4.3e-14
1.0149678122521952,0.0,0.0000000000000000,-0.0103573235155445,-0.0550922883646341,0.0000000000000000,6.1657123030625618,3.0007964146781152,2.0296,-0.2376,-1.79199029,1.51784908,0,2.7e-13
1.0149682191214799,0.0,0.0000000000000000,-0.0103783676207988,-0.0550788251201441,0.0000000000000000,6.1637123030625611,3.0007974061274729,2.0299,-0.2405,-1.78937086,1.51184883,0,2.7e-13
1.0149686158387048,0.0,0.0000000000000000,-0.0103993649300682,-0.0550653599184609,0.0000000000000000,6.1617123030625613,3.0007983989066602,2.0302,-0.2434,-1.78675448,1.50584944,0,5.6e-13
1.0149690024859042,0.0,0.0000000000000000,-0.0104203158834103,-0.0550518925897341,0.0000000000000000,6.1597123030625616,3.0007993930193346,2.0305,-0.2463,-1.78414115,1.49985087,0,4.1e-13
1.0149691543426027,0.0,0.0000000000000000,-0.0104286833851698,-0.0550465050253099,0.0000000000000000,6.1589123030625617,3.0007997910386055,2.0306,-0.2475,-1.78309667,1.49745168,0,5.4e-13
1.0149693046222976,0.0,0.0000000000000000,-0.0104370435181523,-0.0550411170724382,0.0000000000000000,6.1581123030625617,3.0008001892720362,2.0307,-0.2487,-1.78205266,1.49505262,0,1.2e-11
1.0149694532788209,0.0,0.0000000000000000,-0.0104453964666876,-0.0550357287535377,0.0000000000000000,6.1573123030625618,3.0008005877199282,2.0308,-0.2498,-1.78100917,1.49265368,0,1.9e-13
1.0149696003697135,0.0,0.0000000000000000,-0.0104537420979753,-0.0550303400239793,0.0000000000000000,6.1565123030625619,3.0008009863824552,2.0310,-0.2510,-1.77996615,1.49025487,0,3.7e-13
1.0149697458796330,0.0,0.0000000000000000,-0.0104620805015623,-0.0550249508863610,0.0000000000000000,6.1557123030625620,3.0008013852598752,2.0311,-0.2522,-1.77892362,1.48785619,0,4.9e-13
1.0149698898164741,0.0,0.0000000000000000,-0.0104704116959848,-0.0550195613281624,0.0000000000000000,6.1549123030625612,3.0008017843524253,2.0312,-0.2533,-1.77788157,1.48545764,0,1.5e-13
1.0149700321844370,0.0,0.0000000000000000,-0.0104787357108272,-0.0550141713393300,0.0000000000000000,6.1541123030625613,3.0008021836603431,2.0313,-0.2545,-1.77684001,1.48305922,0,7.3e-13
1.0149701729873231,0.0,0.0000000000000000,-0.0104870525766806,-0.0550087809100470,0.0000000000000000,6.1533123030625614,3.0008025831838703,2.0314,-0.2556,-1.77579893,1.48066092,0,1.5e-13
1.0149703122313007,0.0,0.0000000000000000,-0.0104953623167167,-0.0550033900289970,0.0000000000000000,6.1525123030625615,3.0008029829232421,2.0316,-0.2568,-1.77475834,1.47826274,0,1.6e-13
1.0149704499201682,0.0,0.0000000000000000,-0.0105036649611709,-0.0549979986864164,0.0000000000000000,6.1517123030625616,3.0008033828786984,2.0317,-0.2580,-1.77371823,1.47586469,0,1.4e-13
1.0149705860590299,0.0,0.0000000000000000,-0.0105119605360818,-0.0549926068716933,0.0000000000000000,6.1509123030625616,3.0008037830504803,2.0318,-0.2591,-1.77267860,1.47346677,0,1.9e-13
1.0149707206527079,0.0,0.0000000000000000,-0.0105202490682479,-0.0549872145744042,0.0000000000000000,6.1501123030625617,3.0008041834388259,2.0319,-0.2603,-1.77163946,1.47106896,0,5.5e-13
1.0149708537088342,0.0,0.0000000000000000,-0.0105285305755379,-0.0549818217823418,0.0000000000000000,6.1493123030625618,3.0008045840439754,2.0321,-0.2615,-1.77060080,1.46867128,0,1.8e-12
1.0149709852240036,0.0,0.0000000000000000,-0.0105368051095155,-0.0549764284904171,0.0000000000000000,6.1485123030625619,3.0008049848661762,2.0322,-0.2626,-1.76956262,1.46627372,0,6.5e-14
1.0149711152104310,0.0,0.0000000000000000,-0.0105450726738064,-0.0549710346834749,0.0000000000000000,6.1477123030625620,3.0008053859056631,2.0323,-0.2638,-1.76852493,1.46387628,0,3.7e-13
1.0149712436710239,0.0,0.0000000000000000,-0.0105533333002529,-0.0549656403523969,0.0000000000000000,6.1469123030625612,3.0008057871626774,2.0324,-0.2650,-1.76748772,1.46147896,0,1.4e-13
1.0149713706093193,0.0,0.0000000000000000,-0.0105615870185484,-0.0549602454876571,0.0000000000000000,6.1461123030625613,3.0008061886374646,2.0326,-0.2661,-1.76645099,1.45908176,0,1.9e-13
1.0149714960393443,0.0,0.0000000000000000,-0.0105698338267778,-0.0549548500726402,0.0000000000000000,6.1453123030625614,3.0008065903302836,2.0327,-0.2673,-1.76541475,1.45668467,0,6.4e-12
1.0149716199393133,0.0,0.0000000000000000,-0.0105780738302931,-0.0549494541151244,0.0000000000000000,6.1445123030625615,3.0008069922413223,2.0328,-0.2684,-1.76437898,1.45428771,0,1.2e-13
1.0149717423408049,0.0,0.0000000000000000,-0.0105863069740005,-0.0549440575865822,0.0000000000000000,6.1437123030625616,3.0008073943708808,2.0330,-0.2696,-1.76334369,1.45189086,0,2.2e-13
1.0149718632379685,0.0,0.0000000000000000,-0.0105945333152713,-0.0549386604839022,0.0000000000000000,6.1429123030625616,3.0008077967191835,2.0331,-0.2708,-1.76230888,1.44949413,0,7.2e-13
1.0149719826381827,0.0,0.0000000000000000,-0.0106027528711499,-0.0549332627951538,0.0000000000000000,6.1421123030625617,3.0008081992864701,2.0332,-0.2719,-1.76127456,1.44709751,0,2.1e-12
1.0149721005415158,0.0,0.0000000000000000,-0.0106109656809233,-0.0549278645130382,0.0000000000000000,6.1413123030625618,3.0008086020729992,2.0333,-0.2731,-1.76024071,1.44470101,0,1.4e-13
1.0149722169558419,0.0,0.0000000000000000,-0.0106191717600509,-0.0549224656253570,0.0000000000000000,6.1405123030625619,3.0008090050790019,2.0335,-0.2743,-1.75920735,1.44230462,0,6.4e-14
1.0149723318851707,0.0,0.0000000000000000,-0.0106273711352596,-0.0549170661223747,0.0000000000000000,6.1397123030625620,3.0008094083047285,2.0336,-0.2754,-1.75817446,1.43990834,0,5.5e-14
1.0149724453339426,0.0,0.0000000000000000,-0.0106355638321533,-0.0549116659940385,0.0000000000000000,6.1389123030625612,3.0008098117504249,2.0337,-0.2766,-1.75714205,1.43751218,0,8.3e-14
1.0149725573056481,0.0,0.0000000000000000,-0.0106437498788178,-0.0549062652309673,0.0000000000000000,6.1381123030625613,3.0008102154163381,2.0339,-0.2777,-1.75611012,1.43511612,0,2.9e-13
1.0149726678037387,0.0,0.0000000000000000,-0.0106519293033053,-0.0549008638238647,0.0000000000000000,6.1373123030625614,3.0008106193027104,2.0340,-0.2789,-1.75507867,1.43272018,0,1.2e-12
1.0149727768387133,0.0,0.0000000000000000,-0.0106601021124059,-0.0548954617586367,0.0000000000000000,6.1365123030625615,3.0008110234098009,2.0341,-0.2801,-1.75404770,1.43032435,0,9.0e-14
1.0149728844077335,0.0,0.0000000000000000,-0.0106682683526399,-0.0548900590302405,0.0000000000000000,6.1357123030625615,3.0008114277378439,2.0342,-0.2812,-1.75301720,1.42792863,0,2.2e-13
1.0149729905177458,0.0,0.0000000000000000,-0.0106764280412939,-0.0548846556269657,0.0000000000000000,6.1349123030625616,3.0008118322870940,2.0344,-0.2824,-1.75198718,1.42553302,0,2.2e-13
1.0149730951735170,0.0,0.0000000000000000,-0.0106845812017191,-0.0548792515386648,0.0000000000000000,6.1341123030625617,3.0008122370577990,2.0345,-0.2835,-1.75095763,1.42313751,0,4.7e-14
1.0149731983809180,0.0,0.0000000000000000,-0.0106927278538406,-0.0548738467544875,0.0000000000000000,6.1333123030625618,3.0008126420502044,2.0346,-0.2847,-1.74992856,1.42074212,0,5.9e-13
1.0149733001389725,0.0,0.0000000000000000,-0.0107008680384252,-0.0548684412679091,0.0000000000000000,6.1325123030625619,3.0008130472645673,2.0348,-0.2859,-1.74889997,1.41834683,0,2.6e-13
1.0149734004567457,0.0,0.0000000000000000,-0.0107090017651952,-0.0548630350660974,0.0000000000000000,6.1317123030625620,3.0008134527011312,2.0349,-0.2870,-1.74787185,1.41595164,0,6.5e-14
1.0149734993372228,0.0,0.0000000000000000,-0.0107171290624475,-0.0548576281400222,0.0000000000000000,6.1309123030625612,3.0008138583601500,2.0350,-0.2882,-1.74684421,1.41355656,0,1.4e-12
1.0149735967849820,0.0,0.0000000000000000,-0.0107252499535040,-0.0548522204797227,0.0000000000000000,6.1301123030625613,3.0008142642418676,2.0352,-0.2893,-1.74581704,1.41116159,0,5.0e-14
1.0149736928032933,0.0,0.0000000000000000,-0.0107333644653391,-0.0548468120760022,0.0000000000000000,6.1293123030625614,3.0008146703465437,2.0353,-0.2905,-1.74479034,1.40876672,0,2.0e-13
1.0149737873970399,0.0,0.0000000000000000,-0.0107414726199760,-0.0548414029187021,0.0000000000000000,6.1285123030625615,3.0008150766744244,2.0354,-0.2916,-1.74376412,1.40637195,0,1.8e-13
1.0149738805705231,0.0,0.0000000000000000,-0.0107495744410679,-0.0548359929980067,0.0000000000000000,6.1277123030625615,3.0008154832257641,2.0355,-0.2928,-1.74273837,1.40397728,0,6.7e-14
1.0149739723275824,0.0,0.0000000000000000,-0.0107576699534189,-0.0548305823044429,0.0000000000000000,6.1269123030625616,3.0008158900008146,2.0357,-0.2940,-1.74171309,1.40158272,0,1.3e-13
1.0149740626721910,0.0,0.0000000000000000,-0.0107657591814649,-0.0548251708284089,0.0000000000000000,6.1261123030625617,3.0008162969998291,2.0358,-0.2951,-1.74068828,1.39918826,0,1.6e-13
1.0149741516086597,0.0,0.0000000000000000,-0.0107738421481985,-0.0548197585601566,0.0000000000000000,6.1253123030625618,3.0008167042230598,2.0359,-0.2963,-1.73966395,1.39679390,0,3.5e-13
1.0149742391412524,0.0,0.0000000000000000,-0.0107819188768240,-0.0548143454899194,0.0000000000000000,6.1245123030625619,3.0008171116707629,2.0361,-0.2974,-1.73864009,1.39439964,0,9.4e-14
1.0149743252753691,0.0,0.0000000000000000,-0.0107899893869217,-0.0548089316072144,0.0000000000000000,6.1237123030625620,3.0008175193431916,2.0362,-0.2986,-1.73761669,1.39200548,0,8.2e-14
1.0149744100108922,0.0,0.0000000000000000,-0.0107980537144396,-0.0548035169052064,0.0000000000000000,6.1229123030625612,3.0008179272405968,2.0363,-0.2997,-1.73659377,1.38961141,0,3.8e-13
1.0149744933555851,0.0,0.0000000000000000,-0.0108061118716129,-0.0547981013718459,0.0000000000000000,6.1221123030625613,3.0008183353632396,2.0365,-0.3009,-1.73557132,1.38721745,0,5.1e-14
1.0149745753129933,0.0,0.0000000000000000,-0.0108141638830881,-0.0547926849979223,0.0000000000000000,6.1213123030625614,3.0008187437113709,2.0366,-0.3021,-1.73454933,1.38482358,0,1.5e-13
1.0149746558864130,0.0,0.0000000000000000,-0.0108222097742187,-0.0547872677743330,0.0000000000000000,6.1205123030625614,3.0008191522852501,2.0367,-0.3032,-1.73352781,1.38242981,0,1.6e-13
1.0149747350800928,0.0,0.0000000000000000,-0.0108302495672769,-0.0547818496914003,0.0000000000000000,6.1197123030625615,3.0008195610851316,2.0369,-0.3044,-1.73250677,1.38003613,0,6.4e-14
1.0149748128982332,0.0,0.0000000000000000,-0.0108382832845706,-0.0547764307394791,0.0000000000000000,6.1189123030625616,3.0008199701112725,2.0370,-0.3055,-1.73148619,1.37764255,0,1.8e-13
1.0149748893445039,0.0,0.0000000000000000,-0.0108463109498580,-0.0547710109092634,0.0000000000000000,6.1181123030625617,3.0008203793639310,2.0371,-0.3067,-1.73046607,1.37524907,0,3.4e-13
1.0149749644228676,0.0,0.0000000000000000,-0.0108543325858526,-0.0547655901912668,0.0000000000000000,6.1173123030625618,3.0008207888433649,2.0373,-0.3078,-1.72944642,1.37285568,0,3.9e-13
1.0149750381371849,0.0,0.0000000000000000,-0.0108623482154875,-0.0547601685760725,0.0000000000000000,6.1165123030625619,3.0008211985498328,2.0374,-0.3090,-1.72842724,1.37046238,0,2.3e-14
1.0149751104915503,0.0,0.0000000000000000,-0.0108703578607980,-0.0547547460541435,0.0000000000000000,6.1157123030625620,3.0008216084835908,2.0376,-0.3101,-1.72740853,1.36806918,0,2.6e-13
1.0149751814898247,0.0,0.0000000000000000,-0.0108783615444037,-0.0547493226160746,0.0000000000000000,6.1149123030625612,3.0008220186449011,2.0377,-0.3113,-1.72639028,1.36567607,0,8.4e-14
1.0149752511357457,0.0,0.0000000000000000,-0.0108863592891632,-0.0547438982525527,0.0000000000000000,6.1141123030625613,3.0008224290340229,2.0378,-0.3124,-1.72537249,1.36328305,0,1.9e-13
1.0149753194343996,0.0,0.0000000000000000,-0.0108943511139338,-0.0547384729533560,0.0000000000000000,6.1133123030625613,3.0008228396512160,2.0380,-0.3136,-1.72435517,1.36089012,0,1.0e-12
1.0149753863867657,0.0,0.0000000000000000,-0.0109023370489830,-0.0547330467111136,0.0000000000000000,6.1125123030625614,3.0008232504967385,2.0381,-0.3148,-1.72333831,1.35849728,0,3.6e-13
1.0149754519996836,0.0,0.0000000000000000,-0.0109103171079220,-0.0547276195144149,0.0000000000000000,6.1117123030625615,3.0008236615708546,2.0382,-0.3159,-1.72232192,1.35610453,0,4.6e-14
1.0149755162746625,0.0,0.0000000000000000,-0.0109182913198400,-0.0547221913553788,0.0000000000000000,6.1109123030625616,3.0008240728738258,2.0384,-0.3171,-1.72130598,1.35371187,0,6.0e-13
1.0149755792173571,0.0,0.0000000000000000,-0.0109262597008810,-0.0547167622235700,0.0000000000000000,6.1101123030625617,3.0008244844059120,2.0385,-0.3182,-1.72029051,1.35131930,0,1.1e-13
1.0149756408303194,0.0,0.0000000000000000,-0.0109342222767485,-0.0547113321104467,0.0000000000000000,6.1093123030625618,3.0008248961673769,2.0386,-0.3194,-1.71927550,1.34892681,0,1.5e-13
1.0149757011175879,0.0,0.0000000000000000,-0.0109421790683945,-0.0547059010065587,0.0000000000000000,6.1085123030625619,3.0008253081584830,2.0388,-0.3205,-1.71826095,1.34653442,0,2.3e-13
1.0149757600839773,0.0,0.0000000000000000,-0.0109501300942284,-0.0547004689020279,0.0000000000000000,6.1077123030625620,3.0008257203794884,2.0389,-0.3217,-1.71724686,1.34414211,0,1.0e-12
1.0149758177308950,0.0,0.0000000000000000,-0.0109580753834642,-0.0546950357888351,0.0000000000000000,6.1069123030625612,3.0008261328306736,2.0391,-0.3228,-1.71623323,1.34174989,0,4.7e-13
1.0149758740655279,0.0,0.0000000000000000,-0.0109660149464942,-0.0546896016558063,0.0000000000000000,6.1061123030625613,3.0008265455122864,2.0392,-0.3240,-1.71522006,1.33935775,0,1.1e-12
1.0149759290865341,0.0,0.0000000000000000,-0.0109739488206391,-0.0546841664967855,0.0000000000000000,6.1053123030625613,3.0008269584245961,2.0393,-0.3251,-1.71420734,1.33696570,0,5.2e-13
1.0149759828021627,0.0,0.0000000000000000,-0.0109818770131393,-0.0546787302997213,0.0000000000000000,6.1045123030625614,3.0008273715678695,2.0395,-0.3263,-1.71319509,1.33457373,0,2.4e-14
1.0149760352146735,0.0,0.0000000000000000,-0.0109897995497048,-0.0546732930563038,0.0000000000000000,6.1037123030625615,3.0008277849423703,2.0396,-0.3274,-1.71218329,1.33218185,0,4.8e-13
1.0149760863266868,0.0,0.0000000000000000,-0.0109977164547191,-0.0546678547580106,0.0000000000000000,6.1029123030625616,3.0008281985483669,2.0397,-0.3286,-1.71117195,1.32979005,0,2.2e-13
1.0149761361432037,0.0,0.0000000000000000,-0.0110056277452068,-0.0546624153948159,0.0000000000000000,6.1021123030625617,3.0008286123861247,2.0399,-0.3297,-1.71016106,1.32739834,0,4.1e-14
1.0149761846667433,0.0,0.0000000000000000,-0.0110135334456523,-0.0546569749582807,0.0000000000000000,6.1013123030625618,3.0008290264559108,2.0400,-0.3309,-1.70915063,1.32500670,0,4.0e-13
1.0149762319019429,0.0,0.0000000000000000,-0.0110214335739540,-0.0546515334386072,0.0000000000000000,6.1005123030625619,3.0008294407579927,2.0402,-0.3320,-1.70814065,1.32261515,0,1.2e-13
1.0149762778515727,0.0,0.0000000000000000,-0.0110293281535018,-0.0546460908272194,0.0000000000000000,6.0997123030625620,3.0008298552926393,2.0403,-0.3332,-1.70713113,1.32022368,0,1.3e-13
1.0149763225195882,0.0,0.0000000000000000,-0.0110372172040271,-0.0546406471147626,0.0000000000000000,6.0989123030625612,3.0008302700601188,2.0404,-0.3343,-1.70612206,1.31783229,0,2.0e-13
1.0149763659100925,0.0,0.0000000000000000,-0.0110451007447762,-0.0546352022918490,0.0000000000000000,6.0981123030625612,3.0008306850606941,2.0406,-0.3355,-1.70511344,1.31544098,0,4.1e-12
1.0149764080232540,0.0,0.0000000000000000,-0.0110529788064452,-0.0546297563514189,0.0000000000000000,6.0973123030625613,3.0008311002946533,2.0407,-0.3366,-1.70410528,1.31304975,0,4.8e-13
1.0149764488685209,0.0,0.0000000000000000,-0.0110608513919206,-0.0546243092808108,0.0000000000000000,6.0965123030625614,3.0008315157622474,2.0409,-0.3378,-1.70309757,1.31065860,0,1.4e-13
1.0149764884456447,0.0,0.0000000000000000,-0.0110687185331315,-0.0546188610733071,0.0000000000000000,6.0957123030625615,3.0008319314637544,2.0410,-0.3389,-1.70209031,1.30826753,0,5.5e-13
1.0149765267573654,0.0,0.0000000000000000,-0.0110765802528808,-0.0546134117203694,0.0000000000000000,6.0949123030625616,3.0008323473994420,2.0411,-0.3401,-1.70108349,1.30587654,0,2.7e-13
1.0149765638091697,0.0,0.0000000000000000,-0.0110844365655652,-0.0546079612116833,0.0000000000000000,6.0941123030625617,3.0008327635695862,2.0413,-0.3412,-1.70007713,1.30348562,0,1.4e-13
1.0149765996043718,0.0,0.0000000000000000,-0.0110922874919449,-0.0546025095383790,0.0000000000000000,6.0933123030625618,3.0008331799744559,2.0414,-0.3424,-1.69907122,1.30109478,0,4.3e-13
1.0149766341450182,0.0,0.0000000000000000,-0.0111001330564724,-0.0545970566923563,0.0000000000000000,6.0925123030625619,3.0008335966143247,2.0416,-0.3435,-1.69806575,1.29870402,0,5.9e-14
1.0149766674357432,0.0,0.0000000000000000,-0.0111079732758451,-0.0545916026638782,0.0000000000000000,6.0917123030625620,3.0008340134894653,2.0417,-0.3447,-1.69706074,1.29631334,0,4.9e-14
1.0149766994794269,0.0,0.0000000000000000,-0.0111158081717889,-0.0545861474443248,0.0000000000000000,6.0909123030625612,3.0008344306001513,2.0419,-0.3458,-1.69605616,1.29392273,0,2.1e-13
1.0149767302795800,0.0,0.0000000000000000,-0.0111236377640504,-0.0545806910247025,0.0000000000000000,6.0901123030625612,3.0008348479466558,2.0420,-0.3469,-1.69505204,1.29153219,0,5.5e-13
1.0149767598402961,0.0,0.0000000000000000,-0.0111314620705414,-0.0545752333955966,0.0000000000000000,6.0893123030625613,3.0008352655292558,2.0421,-0.3481,-1.69404836,1.28914173,0,1.0e-13
1.0149767881639042,0.0,0.0000000000000000,-0.0111392811143277,-0.0545697745487932,0.0000000000000000,6.0885123030625614,3.0008356833482215,2.0423,-0.3492,-1.69304512,1.28675135,0,9.1e-14
1.0149768152538525,0.0,0.0000000000000000,-0.0111470949149560,-0.0545643144753235,0.0000000000000000,6.0877123030625615,3.0008361014038321,2.0424,-0.3504,-1.69204233,1.28436103,0,1.4e-13
1.0149768411145594,0.0,0.0000000000000000,-0.0111549034890688,-0.0545588531655842,0.0000000000000000,6.0869123030625616,3.0008365196963633,2.0426,-0.3515,-1.69103998,1.28197080,0,1.4e-13
1.0149768657482914,0.0,0.0000000000000000,-0.0111627068595641,-0.0545533906114044,0.0000000000000000,6.0861123030625617,3.0008369382260902,2.0427,-0.3527,-1.69003808,1.27958063,0,1.7e-13
1.0149768891586053,0.0,0.0000000000000000,-0.0111705050453471,-0.0545479268037525,0.0000000000000000,6.0853123030625618,3.0008373569932911,2.0429,-0.3538,-1.68903661,1.27719054,0,3.2e-14
1.0149769113485110,0.0,0.0000000000000000,-0.0111782980669156,-0.0545424617339798,0.0000000000000000,6.0845123030625619,3.0008377759982396,2.0430,-0.3550,-1.68803559,1.27480052,0,1.0e-12
1.0149769323226112,0.0,0.0000000000000000,-0.0111860859398051,-0.0545369953923632,0.0000000000000000,6.0837123030625619,3.0008381952412209,2.0431,-0.3561,-1.68703501,1.27241057,0,5.5e-14
1.0149769520830920,0.0,0.0000000000000000,-0.0111938686868026,-0.0545315277707952,0.0000000000000000,6.0829123030625620,3.0008386147225079,2.0433,-0.3573,-1.68603487,1.27002069,0,2.9e-13
1.0149769706322465,0.0,0.0000000000000000,-0.0112016463300466,-0.0545260588610721,0.0000000000000000,6.0821123030625621,3.0008390344423814,2.0434,-0.3584,-1.68503516,1.26763088,0,1.7e-12
1.0149769879770412,0.0,0.0000000000000000,-0.0112094188779474,-0.0545205886520557,0.0000000000000000,6.0813123030625622,3.0008394544011159,2.0436,-0.3595,-1.68403589,1.26524115,0,1.0e-12
1.0149770041147872,0.0,0.0000000000000000,-0.0112171863672839,-0.0545151171386100,0.0000000000000000,6.0805123030625623,3.0008398745990021,2.0437,-0.3607,-1.68303707,1.26285148,0,9.6e-13
1.0149770190546070,0.0,0.0000000000000000,-0.0112249487996648,-0.0545096443083090,0.0000000000000000,6.0797123030625624,3.0008402950363102,2.0439,-0.3618,-1.68203867,1.26046188,0,7.0e-13
1.0149770327968084,0.0,0.0000000000000000,-0.0112327062028574,-0.0545041701541855,0.0000000000000000,6.0789123030625616,3.0008407157133248,2.0440,-0.3630,-1.68104072,1.25807236,0,2.7e-13
1.0149770453441760,0.0,0.0000000000000000,-0.0112404585971026,-0.0544986946677310,0.0000000000000000,6.0781123030625617,3.0008411366303287,2.0442,-0.3641,-1.68004319,1.25568290,0,4.0e-13
1.0149770567003302,0.0,0.0000000000000000,-0.0112482060001232,-0.0544932178398946,0.0000000000000000,6.0773123030625618,3.0008415577876031,2.0443,-0.3653,-1.67904611,1.25329351,0,8.8e-13
1.0149770668703706,0.0,0.0000000000000000,-0.0112559484250178,-0.0544877396607509,0.0000000000000000,6.0765123030625618,3.0008419791854299,2.0445,-0.3664,-1.67804945,1.25090418,0,5.4e-13
1.0149770758557279,0.0,0.0000000000000000,-0.0112636858957814,-0.0544822601226655,0.0000000000000000,6.0757123030625619,3.0008424008240908,2.0446,-0.3675,-1.67705323,1.24851493,0,4.2e-14
1.0149770836585859,0.0,0.0000000000000000,-0.0112714184342296,-0.0544767792174588,0.0000000000000000,6.0749123030625620,3.0008428227038721,2.0447,-0.3687,-1.67605744,1.24612574,0,3.1e-13
1.0149770902841810,0.0,0.0000000000000000,-0.0112791460525084,-0.0544712969351819,0.0000000000000000,6.0741123030625621,3.0008432448250564,2.0449,-0.3698,-1.67506208,1.24373662,0,8.5e-13
1.0149770957334361,0.0,0.0000000000000000,-0.0112868687760315,-0.0544658132684358,0.0000000000000000,6.0733123030625622,3.0008436671879299,2.0450,-0.3710,-1.67406715,1.24134757,0,5.6e-13
1.0149771000110137,0.0,0.0000000000000000,-0.0112945866186332,-0.0544603282076027,0.0000000000000000,6.0725123030625623,3.0008440897927762,2.0452,-0.3721,-1.67307265,1.23895858,0,2.5e-13
1.0149771031196479,0.0,0.0000000000000000,-0.0113022995999807,-0.0544548417442065,0.0000000000000000,6.0717123030625624,3.0008445126398811,2.0453,-0.3733,-1.67207857,1.23656965,0,3.7e-13
1.0149771044673055,0.0,0.0000000000000000,-0.0113071177619132,-0.0544514119903087,0.0000000000000000,6.0712123030625627,3.0008447770424782,2.0454,-0.3740,-1.67145750,1.23507661,0,4.3e-12
1.0149771053678602,0.0,0.0000000000000000,-0.0113119340140936,-0.0544479816784244,0.0000000000000000,6.0707123030625620,3.0008450415398724,2.0455,-0.3747,-1.67083658,1.23358359,0,1.6e-12
1.0149771058087658,0.0,0.0000000000000000,-0.0113167484004003,-0.0544445508146067,0.0000000000000000,6.0702123030625623,3.0008453061321614,2.0456,-0.3754,-1.67021584,1.23209060,0,1.8e-13
1.0149771058236250,0.0,0.0000000000000000,-0.0113215608265667,-0.0544411193765467,0.0000000000000000,6.0697123030625626,3.0008455708193824,2.0457,-0.3761,-1.66959525,1.23059764,0,7.9e-12
1.0149771053347485,0.0,0.0000000000000000,-0.0113263715342052,-0.0544376874101769,0.0000000000000000,6.0692123030625620,3.0008458356016687,2.0458,-0.3768,-1.66897485,1.22910469,0,5.7e-13
1.0149771044192328,0.0,0.0000000000000000,-0.0113311802966466,-0.0544342548666662,0.0000000000000000,6.0687123030625623,3.0008461004790297,2.0459,-0.3775,-1.66835460,1.22761177,0,3.9e-13
1.0149771030531924,0.0,0.0000000000000000,-0.0113359871929194,-0.0544308217589735,0.0000000000000000,6.0682123030625625,3.0008463654515549,2.0460,-0.3782,-1.66773452,1.22611888,0,5.7e-14
1.0149771012372546,0.0,0.0000000000000000,-0.0113407922278518,-0.0544273880850377,0.0000000000000000,6.0677123030625628,3.0008466305193169,2.0461,-0.3790,-1.66711461,1.22462602,0,3.3e-13
1.0149770989717599,0.0,0.0000000000000000,-0.0113455954069757,-0.0544239538430272,0.0000000000000000,6.0672123030625622,3.0008468956823848,2.0462,-0.3797,-1.66649486,1.22313317,0,1.3e-13
1.0149770964293812,0.0,0.0000000000000000,-0.0113503962198465,-0.0544205189215741,0.0000000000000000,6.0667123030625625,3.0008471609410328,2.0463,-0.3804,-1.66587538,1.22164031,0,7.5e-11
1.0149770930947100,0.0,0.0000000000000000,-0.0113551962165707,-0.0544170836465446,0.0000000000000000,6.0662123030625628,3.0008474262947193,2.0464,-0.3811,-1.66525585,1.22014757,0,6.8e-15
1.0149770894862185,0.0,0.0000000000000000,-0.0113599938511110,-0.0544136476868581,0.0000000000000000,6.0657123030625621,3.0008476917441294,2.0464,-0.3818,-1.66463660,1.21865480,0,5.7e-13
1.0149770854284497,0.0,0.0000000000000000,-0.0113647896553150,-0.0544102111523665,0.0000000000000000,6.0652123030625624,3.0008479572891265,2.0465,-0.3825,-1.66401751,1.21716206,0,3.1e-13
1.0149770809204672,0.0,0.0000000000000000,-0.0113695836382052,-0.0544067740420838,0.0000000000000000,6.0647123030625627,3.0008482229297835,2.0466,-0.3832,-1.66339858,1.21566934,0,3.8e-12
1.0149770759835730,0.0,0.0000000000000000,-0.0113743757441679,-0.0544033363407132,0.0000000000000000,6.0642123030625621,3.0008484886661724,2.0467,-0.3839,-1.66277981,1.21417664,0,3.2e-12
1.0149770704120653,0.0,0.0000000000000000,-0.0113791665822195,-0.0543998981781123,0.0000000000000000,6.0637123030625624,3.0008487544983136,2.0468,-0.3847,-1.66216131,1.21268394,0,9.0e-11
1.0149770647534098,0.0,0.0000000000000000,-0.0113839545549278,-0.0543964592026603,0.0000000000000000,6.0632123030625626,3.0008490204264278,2.0469,-0.3854,-1.66154278,1.21119133,0,1.2e-12
1.0149770584734266,0.0,0.0000000000000000,-0.0113887412337700,-0.0543930197541965,0.0000000000000000,6.0627123030625620,3.0008492864504408,2.0470,-0.3861,-1.66092451,1.20969871,0,1.7e-12
1.0149770517969467,0.0,0.0000000000000000,-0.0113935259639096,-0.0543895796877870,0.0000000000000000,6.0622123030625623,3.0008495525705019,2.0471,-0.3868,-1.66030642,1.20820610,0,1.1e-11
1.0149770445912498,0.0,0.0000000000000000,-0.0113983091480593,-0.0543861390856266,0.0000000000000000,6.0617123030625626,3.0008498187865755,2.0472,-0.3875,-1.65968845,1.20671354,0,7.6e-13
1.0149770369892683,0.0,0.0000000000000000,-0.0114030903958533,-0.0543826978620344,0.0000000000000000,6.0612123030625620,3.0008500850988464,2.0473,-0.3882,-1.65907067,1.20522099,0,2.2e-13
1.0149770289469975,0.0,0.0000000000000000,-0.0114078698449625,-0.0543792560432246,0.0000000000000000,6.0607123030625623,3.0008503515073479,2.0474,-0.3889,-1.65845305,1.20372847,0,8.6e-15
1.0149770204638267,0.0,0.0000000000000000,-0.0114126475036592,-0.0543758136279281,0.0000000000000000,6.0602123030625625,3.0008506180121515,2.0475,-0.3896,-1.65783559,1.20223597,0,7.0e-13
1.0149770115441139,0.0,0.0000000000000000,-0.0114174233654838,-0.0543723706117616,0.0000000000000000,6.0597123030625628,3.0008508846133273,2.0476,-0.3903,-1.65721829,1.20074349,0,3.5e-14
1.0149770021854623,0.0,0.0000000000000000,-0.0114221974438028,-0.0543689269946026,0.0000000000000000,6.0592123030625622,3.0008511513109504,2.0477,-0.3911,-1.65660116,1.19925104,0,3.7e-13
1.0149769925690337,0.0,0.0000000000000000,-0.0114269692032632,-0.0543654826618831,0.0000000000000000,6.0587123030625625,3.0008514181051207,2.0478,-0.3918,-1.65598417,1.19775861,0,1.2e-11
1.0149769821572019,0.0,0.0000000000000000,-0.0114317402583141,-0.0543620379470420,0.0000000000000000,6.0582123030625628,3.0008516849958200,2.0478,-0.3925,-1.65536737,1.19626620,0,2.2e-13
1.0149769714882546,0.0,0.0000000000000000,-0.0114365090051951,-0.0543585925129472,0.0000000000000000,6.0577123030625621,3.0008519519832109,2.0479,-0.3932,-1.65475072,1.19477382,0,3.5e-14
1.0149769603852696,0.0,0.0000000000000000,-0.0114412759795025,-0.0543551464682297,0.0000000000000000,6.0572123030625624,3.0008522190673359,2.0480,-0.3939,-1.65413423,1.19328147,0,3.7e-13
1.0149769488468809,0.0,0.0000000000000000,-0.0114460411915641,-0.0543516998120911,0.0000000000000000,6.0567123030625627,3.0008524862482679,2.0481,-0.3946,-1.65351790,1.19178913,0,3.6e-13
1.0149769368816233,0.0,0.0000000000000000,-0.0114508046222447,-0.0543482525376293,0.0000000000000000,6.0562123030625621,3.0008527535260736,2.0482,-0.3953,-1.65290172,1.19029682,0,2.3e-12
1.0149769244709939,0.0,0.0000000000000000,-0.0114555663332267,-0.0543448046545620,0.0000000000000000,6.0557123030625624,3.0008530209008382,2.0483,-0.3960,-1.65228571,1.18880453,0,1.0e-13
1.0149769116339098,0.0,0.0000000000000000,-0.0114603262741201,-0.0543413561496327,0.0000000000000000,6.0552123030625626,3.0008532883726220,2.0484,-0.3967,-1.65166986,1.18731227,0,3.4e-13
1.0149768983650569,0.0,0.0000000000000000,-0.0114650844671674,-0.0543379070244531,0.0000000000000000,6.0547123030625620,3.0008535559415015,2.0485,-0.3975,-1.65105417,1.18582003,0,5.0e-13
1.0149768846657854,0.0,0.0000000000000000,-0.0114698409145602,-0.0543344572765317,0.0000000000000000,6.0542123030625623,3.0008538236075499,2.0486,-0.3982,-1.65043864,1.18432781,0,9.7e-14
1.0149768705356863,0.0,0.0000000000000000,-0.0114745956237512,-0.0543310069044951,0.0000000000000000,6.0537123030625626,3.0008540913708406,2.0487,-0.3989,-1.64982327,1.18283562,0,6.7e-14
1.0149768559762316,0.0,0.0000000000000000,-0.0114793485966203,-0.0543275559057822,0.0000000000000000,6.0532123030625620,3.0008543592314441,2.0488,-0.3996,-1.64920805,1.18134345,0,3.7e-13
1.0149768409874480,0.0,0.0000000000000000,-0.0114840998392552,-0.0543241042787244,0.0000000000000000,6.0527123030625622,3.0008546271894359,2.0489,-0.4003,-1.64859300,1.17985130,0,9.8e-14
1.0149768255708496,0.0,0.0000000000000000,-0.0114888493533876,-0.0543206520207410,0.0000000000000000,6.0522123030625625,3.0008548952448888,2.0490,-0.4010,-1.64797810,1.17835918,0,2.1e-13
1.0149768097261540,0.0,0.0000000000000000,-0.0114935971459941,-0.0543171991304012,0.0000000000000000,6.0517123030625628,3.0008551633978717,2.0491,-0.4017,-1.64736336,1.17686708,0,3.9e-13
1.0149767934561598,0.0,0.0000000000000000,-0.0114983432150264,-0.0543137456042450,0.0000000000000000,6.0512123030625622,3.0008554316484646,2.0492,-0.4024,-1.64674878,1.17537500,0,4.8e-13
1.0149767767587927,0.0,0.0000000000000000,-0.0115030875728202,-0.0543102914419579,0.0000000000000000,6.0507123030625625,3.0008556999967362,2.0493,-0.4031,-1.64613435,1.17388294,0,1.7e-12
1.0149767596353940,0.0,0.0000000000000000,-0.0115078302211874,-0.0543068366411244,0.0000000000000000,6.0502123030625627,3.0008559684427611,2.0494,-0.4038,-1.64552009,1.17239091,0,9.3e-14
1.0149767420790465,0.0,0.0000000000000000,-0.0115125711867433,-0.0543033812043264,0.0000000000000000,6.0497123030625621,3.0008562369866230,2.0495,-0.4045,-1.64490599,1.17089890,0,1.1e-11
1.0149767240605212,0.0,0.0000000000000000,-0.0115173105690872,-0.0542999251468843,0.0000000000000000,6.0492123030625624,3.0008565056283727,2.0495,-0.4053,-1.64429200,1.16940693,0,2.5e-11
1.0149767057196677,0.0,0.0000000000000000,-0.0115220479412479,-0.0542964683838821,0.0000000000000000,6.0487123030625627,3.0008567743680898,2.0496,-0.4060,-1.64367823,1.16791495,0,5.2e-13
1.0149766869017465,0.0,0.0000000000000000,-0.0115267837857197,-0.0542930110062238,0.0000000000000000,6.0482123030625621,3.0008570432058623,2.0497,-0.4067,-1.64306459,1.16642301,0,1.2e-13
1.0149766676973502,0.0,0.0000000000000000,-0.0115315178352093,-0.0542895529570639,0.0000000000000000,6.0477123030625624,3.0008573121417412,2.0498,-0.4074,-1.64245108,1.16493111,0,2.7e-11
1.0149766479987081,0.0,0.0000000000000000,-0.0115362504123752,-0.0542860943020440,0.0000000000000000,6.0472123030625626,3.0008575811758460,2.0499,-0.4081,-1.64183778,1.16343920,0,4.9e-13
