x0,y0,z0,xd0,yd0,zd0,Tp,JC,stabilityIndex1,stabilityIndex2,alpha,beta,impactFlag,error
1.0350621341585258,0.0,-0.0000231579655717,0.0007935457862839,-0.0789647102978689,0.0000346111050131,27.3593671130935370,2.9987136595561856,2.034785,2.000000,-4.0347853730522,6.0695707429566,0,1.6e-13
1.0350620943204618,0.0,-0.0000371134452664,0.0007933016624499,-0.0789646683467209,0.0000554690965425,27.3593771130935366,2.9987136569697470,2.034760,2.000000,-4.0347596033943,6.0695191987156,0,4.5e-13
1.0350620544694631,0.0,-0.0000471002468035,0.0007930574753135,-0.0789646263831590,0.0000703959644316,27.3593871130935362,2.9987136543834119,2.034734,2.000000,-4.0347338336257,6.0694676542321,0,5.1e-14
1.0350620146057852,0.0,-0.0000553115485903,0.0007928132245719,-0.0789645844074462,0.0000826694711908,27.3593971130935358,2.9987136517971815,2.034709,1.999999,-4.0347080650313,6.0694161121213,0,1.1e-13
1.0350619747293621,0.0,-0.0000624516701442,0.0007925689108255,-0.0789645424194968,0.0000933422276757,27.3594071130935355,2.9987136492110547,2.034683,1.999999,-4.0346822972151,6.0693645715719,0,3.3e-13
1.0350619348400105,0.0,-0.0000688546394184,0.0007923245324271,-0.0789645004191762,0.0001029134354909,27.3594171130935351,2.9987136466250361,2.034657,1.999999,-4.0346565306832,6.0693130336261,0,1.1e-13
1.0350618949380122,0.0,-0.0000747102453407,0.0007920800905053,-0.0789644584067286,0.0001116667292087,27.3594271130935347,2.9987136440391229,2.034632,1.999999,-4.0346307643819,6.0692614961288,0,3.4e-13
1.0350618550231041,0.0,-0.0000801385569613,0.0007918355849657,-0.0789644163818979,0.0001197815467690,27.3594371130935343,2.9987136414533135,2.034606,2.000000,-4.0346049997940,6.0692099620969,0,9.2e-14
1.0350618150955566,0.0,-0.0000852212684200,0.0007915910155650,-0.0789643743449584,0.0001273799753170,27.3594471130935375,2.9987136388676103,2.034580,2.000000,-4.0345792358259,6.0691584293129,0,3.9e-13
1.0350617751549775,0.0,-0.0000900169385717,0.0007913463826167,-0.0789643322955056,0.0001345495264366,27.3594571130935371,2.9987136362820119,2.034555,2.000000,-4.0345534723134,6.0691068974380,0,3.6e-13
1.0350617352015050,0.0,-0.0000945692360018,0.0007911016851182,-0.0789642902337159,0.0001413554589153,27.3594671130935367,2.9987136336965223,2.034529,1.999998,-4.0345277084634,6.0690553648610,0,4.7e-13
1.0350616952352916,0.0,-0.0000989117822066,0.0007908569240484,-0.0789642481597011,0.0001478480164432,27.3594771130935364,2.9987136311111362,2.034504,1.999998,-4.0345019470623,6.0690038372457,0,1.0e-13
1.0350616552561620,0.0,-0.0001030710811670,0.0007906120983557,-0.0789642060733172,0.0001540668058996,27.3594871130935360,2.9987136285258589,2.034478,2.000000,-4.0344761863851,6.0689523110879,0,2.5e-13
1.0350616152642618,0.0,-0.0001070685038393,0.0007903672095553,-0.0789641639746678,0.0001600437631098,27.3594971130935356,2.9987136259406846,2.034452,2.000000,-4.0344504264835,6.0689007864880,0,4.6e-13
1.0350615752592474,0.0,-0.0001109215310422,0.0007901222551515,-0.0789641218634903,0.0001658050104410,27.3595071130935352,2.9987136233556209,2.034427,1.999998,-4.0344246656979,6.0688492600784,0,4.5e-13
1.0350615352413954,0.0,-0.0001146447358611,0.0007898772365853,-0.0789640797400033,0.0001713723249150,27.3595171130935348,2.9987136207706642,2.034401,1.999998,-4.0343989072015,6.0687977383073,0,2.8e-13
1.0350614952105635,0.0,-0.0001182503789971,0.0007896321536884,-0.0789640376040712,0.0001767640276424,27.3595271130935345,2.9987136181858145,2.034376,1.999998,-4.0343731489960,6.0687462171132,0,5.0e-13
1.0350614551668620,0.0,-0.0001217489077479,0.0007893870065092,-0.0789639954558059,0.0001819957301244,27.3595371130935376,2.9987136156010705,2.034350,1.999998,-4.0343473922892,6.0686946989495,0,2.0e-13
1.0350614151101558,0.0,-0.0001251493018038,0.0007891417947004,-0.0789639532950772,0.0001870808504359,27.3595471130935373,2.9987136130164358,2.034324,2.000000,-4.0343216370912,6.0686431838371,0,6.3e-13
1.0350613750405149,0.0,-0.0001284593572383,0.0007888965185335,-0.0789639111219535,0.0001920310379945,27.3595571130935369,2.9987136104319068,2.034299,1.999997,-4.0342958806740,6.0685916662287,0,8.5e-14
1.0350613349577964,0.0,-0.0001316858680963,0.0007886511754059,-0.0789638689363551,0.0001968564449565,27.3595671130935365,2.9987136078474945,2.034273,2.000000,-4.0342701284145,6.0685401570670,0,2.0e-12
1.0350612948621227,0.0,-0.0001348348720420,0.0007884057714373,-0.0789638267382493,0.0002015660923086,27.3595771130935361,2.9987136052631751,2.034247,1.999997,-4.0342443718563,6.0684886391362,0,2.2e-13
1.0350612547534865,0.0,-0.0001379116480608,0.0007881603016179,-0.0789637845277472,0.0002061678686102,27.3595871130935357,2.9987136026789680,2.034222,1.999997,-4.0342186184889,6.0684371276802,0,5.0e-13
1.0350612146316764,0.0,-0.0001409209170215,0.0007879147647141,-0.0789637423046843,0.0002106688278302,27.3595971130935354,2.9987136000948782,2.034196,1.999997,-4.0341928662281,6.0683856184655,0,2.9e-13
1.0350611744968543,0.0,-0.0001438669386092,0.0007876691642464,-0.0789637000691177,0.0002150753343073,27.3596071130935350,2.9987135975108909,2.034171,1.999997,-4.0341671149708,6.0683341112731,0,1.0e-13
1.0350611343490412,0.0,-0.0001467535093445,0.0007874234981466,-0.0789636578211287,0.0002193930610040,27.3596171130935346,2.9987135949270147,2.034145,1.999996,-4.0341413642673,6.0682826051904,0,3.5e-14
1.0350610941881218,0.0,-0.0001495840746298,0.0007871777670820,-0.0789636155605777,0.0002236271556876,27.3596271130935342,2.9987135923432469,2.034119,2.000000,-4.0341156144840,6.0682311009658,0,1.5e-13
1.0350610540141445,0.0,-0.0001523617585919,0.0007869319715297,-0.0789635732875030,0.0002277822861941,27.3596371130935374,2.9987135897595860,2.034094,1.999996,-4.0340898649548,6.0681795972388,0,1.6e-13
1.0350610138270142,0.0,-0.0001550893917153,0.0007866861095393,-0.0789635310018618,0.0002318626817689,27.3596471130935370,2.9987135871760380,2.034068,1.999996,-4.0340641166003,6.0681280958892,0,6.0e-14
1.0350609736267764,0.0,-0.0001577695786757,0.0007864401827352,-0.0789634887036539,0.0002358722339188,27.3596571130935367,2.9987135845925987,2.034043,2.000000,-4.0340383695070,6.0680765970855,0,3.7e-13
1.0350609334134047,0.0,-0.0001604046970237,0.0007861941908726,-0.0789634463928573,0.0002398144949020,27.3596671130935363,2.9987135820092679,2.034017,2.000000,-4.0340126222685,6.0680250979739,0,7.8e-14
1.0350608931869256,0.0,-0.0001629969255944,0.0007859481326432,-0.0789634040695405,0.0002436927202588,27.3596771130935359,2.9987135794260489,2.033991,2.000000,-4.0339868765093,6.0679736018520,0,3.4e-13
1.0350608529471925,0.0,-0.0001655482844866,0.0007857020091661,-0.0789633617335122,0.0002475099278746,27.3596871130935355,2.9987135768429409,2.033966,1.999995,-4.0339611306466,6.0679221055071,0,7.1e-14
1.0350608126942493,0.0,-0.0001680606334443,0.0007854558201023,-0.0789633193848390,0.0002512688963607,27.3596971130935351,2.9987135742599409,2.033940,1.999995,-4.0339353860116,6.0678706116433,0,1.4e-13
1.0350607724283754,0.0,-0.0001705356989083,0.0007852095655652,-0.0789632770237841,0.0002549722051726,27.3597071130935348,2.9987135716770519,2.033915,2.000000,-4.0339096429433,6.0678191209484,0,3.7e-13
1.0350607321489791,0.0,-0.0001729750718475,0.0007849632444340,-0.0789632346498018,0.0002586222310736,27.3597171130935344,2.9987135690942766,2.033889,2.000000,-4.0338838999642,6.0677676304235,0,4.4e-13
1.0350606918566350,0.0,-0.0001753802543306,0.0007847168582692,-0.0789631922634057,0.0002622212182841,27.3597271130935376,2.9987135665116083,2.033863,2.000000,-4.0338581573183,6.0677161405573,0,1.1e-13
1.0350606515508882,0.0,-0.0001777526208830,0.0007844704051384,-0.0789631498642082,0.0002657712202920,27.3597371130935372,2.9987135639290545,2.033838,1.999995,-4.0338324153846,6.0676646521294,0,1.9e-13
1.0350606112319334,0.0,-0.0001800934786536,0.0007842238868180,-0.0789631074523380,0.0002692741896959,27.3597471130935368,2.9987135613466105,2.033812,1.999995,-4.0338066743724,6.0676131655548,0,4.3e-13
1.0350605708997396,0.0,-0.0001824040360583,0.0007839773023232,-0.0789630650277996,0.0002727319320532,27.3597571130935364,2.9987135587642779,2.033786,2.000000,-4.0337809350836,6.0675616824717,0,4.2e-14
1.0350605305537601,0.0,-0.0001846854304401,0.0007837306523303,-0.0789630225900407,0.0002761461458303,27.3597671130935360,2.9987135561820542,2.033761,1.999994,-4.0337551921046,6.0675101918724,0,2.9e-12
1.0350604901953850,0.0,-0.0001869387268607,0.0007834839346053,-0.0789629801404745,0.0002795184237572,27.3597771130935357,2.9987135535999490,2.033735,1.999994,-4.0337294572181,6.0674587177094,0,1.8e-13
1.0350604498232538,0.0,-0.0001891649276377,0.0007832371503472,-0.0789629376777406,0.0002828502617629,27.3597871130935353,2.9987135510179557,2.033710,2.000000,-4.0337037209077,6.0674072406422,0,9.3e-13
1.0350604094379046,0.0,-0.0001913649886323,0.0007829903010863,-0.0789628952023245,0.0002861430880318,27.3597971130935349,2.9987135484360694,2.033684,1.999994,-4.0336779827631,6.0673557598249,0,6.7e-14
1.0350603690390763,0.0,-0.0001935397889478,0.0007827433845068,-0.0789628527140295,0.0002893982159810,27.3598071130935345,2.9987135458542991,2.033658,1.999994,-4.0336522459770,6.0673042817589,0,5.3e-13
1.0350603286269207,0.0,-0.0001956901791086,0.0007824964021320,-0.0789628102129612,0.0002926169159877,27.3598171130935377,2.9987135432726388,2.033633,1.999994,-4.0336265101603,6.0672528056463,0,9.0e-13
1.0350602882015538,0.0,-0.0001978169483064,0.0007822493522314,-0.0789627676992755,0.0002958003675639,27.3598271130935373,2.9987135406910950,2.033607,2.000000,-4.0336007770621,6.0672013350494,0,3.2e-13
1.0350602477627373,0.0,-0.0001999208530141,0.0007820022358240,-0.0789627251727228,0.0002989497001303,27.3598371130935369,2.9987135381096621,2.033582,1.999993,-4.0335750425275,6.0671498615175,0,1.6e-13
1.0350602073104544,0.0,-0.0002020026078206,0.0007817550527940,-0.0789626826332747,0.0003020659812648,27.3598471130935366,2.9987135355283434,2.033556,2.000000,-4.0335493098739,6.0670983917966,0,2.1e-13
1.0350601668449013,0.0,-0.0002040628897922,0.0007815078027480,-0.0789626400811413,0.0003051502225927,27.3598571130935362,2.9987135329471384,2.033531,1.999993,-4.0335235769746,6.0670469215602,0,1.6e-13
1.0350601263657311,0.0,-0.0002061023419465,0.0007812604858574,-0.0789625975159699,0.0003082033842650,27.3598671130935358,2.9987135303660466,2.033505,2.000000,-4.0334978458586,6.0669954549371,0,2.6e-13
1.0350600858732002,0.0,-0.0002081215766163,0.0007810131018513,-0.0789625549380276,0.0003112263812936,27.3598771130935354,2.9987135277850703,2.033479,2.000000,-4.0334721146733,6.0669439881582,0,6.8e-14
1.0350600453672525,0.0,-0.0002101211763335,0.0007807656506098,-0.0789625123472574,0.0003142200837389,27.3598871130935350,2.9987135252042072,2.033454,1.999993,-4.0334463842057,6.0668925228250,0,1.5e-13
1.0350600048478331,0.0,-0.0002121016983951,0.0007805181326292,-0.0789624697435927,0.0003171853239585,27.3598971130935347,2.9987135226234560,2.033428,1.999993,-4.0334206539269,6.0668410578586,0,8.1e-13
1.0350599643148621,0.0,-0.0002140636677291,0.0007802705469571,-0.0789624271269664,0.0003201228861027,27.3599071130935343,2.9987135200428239,2.033403,2.000000,-4.0333949266689,6.0667895990254,0,2.9e-13
1.0350599237684406,0.0,-0.0002160075927991,0.0007800228940849,-0.0789623844974820,0.0003230335296962,27.3599171130935375,2.9987135174623041,2.033377,1.999992,-4.0333691980921,6.0667381374935,0,1.7e-13
1.0350598832085534,0.0,-0.0002179339551971,0.0007797751737068,-0.0789623418551236,0.0003259179741316,27.3599271130935371,2.9987135148818997,2.033351,1.999992,-4.0333434710998,6.0666866791699,0,2.4e-14
1.0350598426351747,0.0,-0.0002198432189841,0.0007795273864602,-0.0789622991998456,0.0003287769124143,27.3599371130935367,2.9987135123016087,2.033326,2.000000,-4.0333177450973,6.0666352228430,0,3.5e-13
1.0350598020480237,0.0,-0.0002217358176632,0.0007792795306141,-0.0789622565314228,0.0003316109920778,27.3599471130935363,2.9987135097214379,2.033300,2.000000,-4.0332920189307,6.0665837661730,0,9.4e-14
1.0350597614474086,0.0,-0.0002236121810480,0.0007790316073638,-0.0789622138501200,0.0003344208551771,27.3599571130935360,2.9987135071413804,2.0333,2.0000,-4.03326629,6.06653231,0,2.5e-13
1.0350593546927784,0.0,-0.0002415643691908,0.0007765486400541,-0.0789617863215155,0.0003613092947249,27.3600571130935357,2.9987134813471985,2.0330,2.0000,-4.03300908,6.06601785,0,4.9e-13
1.0350589465629638,0.0,-0.0002582525780257,0.0007740588106462,-0.0789613574781605,0.0003863130790524,27.3601571130935355,2.9987134555646957,2.0328,2.0000,-4.03275191,6.06550346,0,2.4e-11
1.0350585370487313,0.0,-0.0002739074537118,0.0007715620647563,-0.0789609273134442,0.0004097766563730,27.3602571130935353,2.9987134297943658,2.0325,2.0000,-4.03249486,6.06498932,0,9.6e-12
1.0350581261296570,0.0,-0.0002886970952300,0.0007690583009516,-0.0789604958073410,0.0004319510410440,27.3603571130935350,2.9987134040362027,2.0323,2.0000,-4.03223786,6.06447529,0,4.2e-12
1.0350577137897283,0.0,-0.0003027480846722,0.0007665474373057,-0.0789600629453875,0.0004530252336328,27.3604571130935348,2.9987133782904567,2.0320,2.0000,-4.03198093,6.06396138,0,1.6e-12
1.0350573000133436,0.0,-0.0003161587004797,0.0007640293898287,-0.0789596287134565,0.0004731459616085,27.3605571130935346,2.9987133525573513,2.0317,2.0000,-4.03172406,6.06344760,0,8.5e-13
1.0350568847831385,0.0,-0.0003290070371261,0.0007615040712269,-0.0789591930956892,0.0004924298059478,27.3606571130935343,2.9987133268371262,2.0315,2.0000,-4.03146725,6.06293394,0,2.5e-13
1.0350564680823759,0.0,-0.0003413563838787,0.0007589713936370,-0.0789587560768365,0.0005109712386311,27.3607571130935376,2.9987133011300102,2.0312,2.0000,-4.03121049,6.06242040,0,1.7e-13
1.0350560498934895,0.0,-0.0003532588661032,0.0007564312654593,-0.0789583176408986,0.0005288480602738,27.3608571130935374,2.9987132754362418,2.0310,2.0000,-4.03095380,6.06190698,0,4.3e-13
1.0350556301985312,0.0,-0.0003647580275068,0.0007538835946828,-0.0789578777714834,0.0005461252567995,27.3609571130935372,2.9987132497560642,2.0307,2.0000,-4.03069716,6.06139367,0,3.7e-13
1.0350552089792189,0.0,-0.0003758906800743,0.0007513282864503,-0.0789574364519280,0.0005628577632867,27.3610571130935369,2.9987132240897267,2.0305,2.0000,-4.03044057,6.06088046,0,2.4e-13
1.0350547862209540,0.0,-0.0003866883322002,0.0007487652636942,-0.0789569936687587,0.0005790925973826,27.3611571130935367,2.9987131984373949,2.0302,2.0000,-4.03018403,6.06036734,0,1.1e-11
1.0350543618930395,0.0,-0.0003971779503678,0.0007461943697029,-0.0789565493945181,0.0005948699924556,27.3612571130935365,2.9987131727995830,2.0300,2.0000,-4.02992755,6.05985436,0,3.0e-13
1.0350539359878199,0.0,-0.0004073832831593,0.0007436155626681,-0.0789561036216878,0.0006102253833561,27.3613571130935362,2.9987131471762991,2.0297,2.0000,-4.02967111,6.05934145,0,3.3e-14
1.0350535084814714,0.0,-0.0004173249373734,0.0007410287199446,-0.0789556563287369,0.0006251895116034,27.3614571130935360,2.9987131215678975,2.0294,2.0000,-4.02941472,6.05882863,0,7.7e-13
1.0350530793538402,0.0,-0.0004270211299865,0.0007384337360825,-0.0789552074973214,0.0006397895529115,27.3615571130935358,2.9987130959746580,2.0292,2.0000,-4.02915837,6.05831590,0,2.7e-13
1.0350526485839429,0.0,-0.0004364880210428,0.0007358305042898,-0.0789547571082758,0.0006540496119105,27.3616571130935355,2.9987130703968594,2.0289,2.0000,-4.02890205,6.05780324,0,4.3e-14
1.0350522161511733,0.0,-0.0004457400244789,0.0007332189157548,-0.0789543051428562,0.0006679911888617,27.3617571130935353,2.9987130448347874,2.0287,2.0000,-4.02864577,6.05729066,0,4.4e-13
1.0350517820333800,0.0,-0.0004547900488482,0.0007305988552542,-0.0789538515809208,0.0006816335367627,27.3618571130935351,2.9987130192887488,2.0284,2.0000,-4.02838953,6.05677814,0,1.1e-13
1.0350513462087794,0.0,-0.0004636497277557,0.0007279702112572,-0.0789533964025679,0.0006949940056914,27.3619571130935348,2.9987129937590331,2.0282,2.0000,-4.02813332,6.05626569,0,1.8e-13
1.0350509086547601,0.0,-0.0004723295695660,0.0007253328653933,-0.0789529395872388,0.0007080882675645,27.3620571130935346,2.9987129682459539,2.0279,2.0000,-4.02787713,6.05575330,0,1.5e-13
1.0350504693478866,0.0,-0.0004808391105331,0.0007226866976103,-0.0789524811135661,0.0007209305429497,27.3621571130935344,2.9987129427498300,2.0277,2.0000,-4.02762097,6.05524096,0,4.3e-13
1.0350500282650210,0.0,-0.0004891870369396,0.0007200315857256,-0.0789520209605111,0.0007335337860042,27.3622571130935377,2.9987129172709794,2.0274,2.0000,-4.02736483,6.05472866,0,4.6e-13
1.0350495853818114,0.0,-0.0004973812818570,0.0007173674045242,-0.0789515591058761,0.0007459098258651,27.3623571130935375,2.9987128918097361,2.0271,2.0000,-4.02710872,6.05421641,0,4.8e-13
1.0350491406732303,0.0,-0.0005054291106380,0.0007146940235988,-0.0789510955269187,0.0007580694961700,27.3624571130935372,2.9987128663664455,2.0269,2.0000,-4.02685262,6.05370419,0,5.0e-14
1.0350486941141588,0.0,-0.0005133372049924,0.0007120113129145,-0.0789506302007509,0.0007700227598837,27.3625571130935370,2.9987128409414479,2.0266,2.0000,-4.02659653,6.05319199,0,1.4e-13
1.0350482456785599,0.0,-0.0005211117167615,0.0007093191377001,-0.0789501631036646,0.0007817787898107,27.3626571130935368,2.9987128155351028,2.0264,2.0000,-4.02634045,6.05267982,0,3.2e-13
1.0350477953393895,0.0,-0.0005287583220279,0.0007066173572915,-0.0789496942110845,0.0007933460492527,27.3627571130935365,2.9987127901477852,2.0261,2.0000,-4.02608438,6.05216766,0,1.4e-12
1.0350473430714329,0.0,-0.0005362822939771,0.0007039058380999,-0.0789492235000467,0.0008047324026899,27.3628571130935363,2.9987127647798340,2.0259,2.0000,-4.02582831,6.05165550,0,1.6e-13
1.0350468888442008,0.0,-0.0005436884895188,0.0007011844263757,-0.0789487509428195,0.0008159450890144,27.3629571130935361,2.9987127394316770,2.0256,2.0000,-4.02557224,6.05114335,0,3.0e-13
1.0350464326306090,0.0,-0.0005509814494358,0.0006984529781437,-0.0789482765147710,0.0008269908812458,27.3630571130935358,2.9987127141036836,2.0254,2.0000,-4.02531617,6.05063119,0,5.8e-13
1.0350459744008327,0.0,-0.0005581653887638,0.0006957113401674,-0.0789478001887708,0.0008378760633945,27.3631571130935356,2.9987126887962643,2.0251,2.0000,-4.02506008,6.05011901,0,3.4e-13
1.0350455141250308,0.0,-0.0005652442404153,0.0006929593562492,-0.0789473219376922,0.0008486065008434,27.3632571130935354,2.9987126635098336,2.0249,2.0000,-4.02480399,6.04960680,0,3.0e-13
1.0350450517723404,0.0,-0.0005722216784088,0.0006901968667377,-0.0789468417334573,0.0008591876719358,27.3633571130935351,2.9987126382448164,2.0246,2.0000,-4.02454788,6.04909457,0,5.1e-13
1.0350445873112293,0.0,-0.0005791011386874,0.0006874237075608,-0.0789463595474089,0.0008696247008528,27.3634571130935349,2.9987126130016462,2.0243,2.0000,-4.02429174,6.04858230,0,3.8e-13
1.0350441207093033,0.0,-0.0005858858387811,0.0006846397097748,-0.0789458753501074,0.0008799223865264,27.3635571130935347,2.9987125877807745,2.0241,2.0000,-4.02403559,6.04806998,0,2.3e-14
1.0350436519332009,0.0,-0.0005925787981089,0.0006818447013803,-0.0789453891111905,0.0008900852318249,27.3636571130935344,2.9987125625826585,2.0238,1.9999,-4.02377940,6.04755760,0,3.4e-13
1.0350431809486069,0.0,-0.0005991828485410,0.0006790385034885,-0.0789449007995029,0.0009001174608984,27.3637571130935342,2.9987125374077759,2.0236,1.9999,-4.02352319,6.04704515,0,2.3e-13
1.0350427077205981,0.0,-0.0006057006558827,0.0006762209349344,-0.0789444103832825,0.0009100230505338,27.3638571130935375,2.9987125122566072,2.0233,1.9999,-4.02326693,6.04653263,0,2.3e-13
1.0350422322132873,0.0,-0.0006121347245506,0.0006733918069281,-0.0789439178299799,0.0009198057382787,27.3639571130935373,2.9987124871296578,2.0231,1.9999,-4.02301063,6.04602002,0,1.7e-13
1.0350417543893535,0.0,-0.0006184874164083,0.0006705509278137,-0.0789434231056358,0.0009294690471457,27.3640571130935371,2.9987124620274375,2.0228,1.9999,-4.02275428,6.04550732,0,1.0e-13
1.0350412742109480,0.0,-0.0006247609575057,0.0006676981000753,-0.0789429261758753,0.0009390162995613,27.3641571130935368,2.9987124369504743,2.0226,1.9999,-4.02249788,6.04499451,0,1.1e-13
1.0350407916388737,0.0,-0.0006309574460532,0.0006648331195471,-0.0789424270051151,0.0009484506273117,27.3642571130935366,2.9987124118993123,2.0223,1.9999,-4.02224142,6.04448158,0,1.0e-12
1.0350403066325657,0.0,-0.0006370788627506,0.0006619557765062,-0.0789419255564741,0.0009577749870847,27.3643571130935364,2.9987123868745171,2.0220,1.9999,-4.02198489,6.04396853,0,4.5e-13
1.0350398191510120,0.0,-0.0006431270810526,0.0006590658565315,-0.0789414217927383,0.0009669921764731,27.3644571130935361,2.9987123618766569,2.0218,1.9999,-4.02172830,6.04345534,0,2.4e-14
1.0350393291514972,0.0,-0.0006491038685936,0.0006561631372363,-0.0789409156751348,0.0009761048357095,27.3645571130935359,2.9987123369063280,2.0215,1.9999,-4.02147163,6.04294199,0,1.7e-13
1.0350388365901604,0.0,-0.0006550108986625,0.0006532473909320,-0.0789404071638239,0.0009851154642627,27.3646571130935357,2.9987123119641401,2.0213,1.9999,-4.02121488,6.04242849,0,2.8e-13
1.0350383414216244,0.0,-0.0006608497518773,0.0006503183818659,-0.0789398962176154,0.0009940264236859,27.3647571130935354,2.9987122870507261,2.0210,1.9999,-4.02095804,6.04191480,0,1.6e-13
1.0350378435995879,0.0,-0.0006666219249789,0.0006473758681812,-0.0789393827944986,0.0010028399520390,27.3648571130935352,2.9987122621667326,2.0208,1.9999,-4.02070110,6.04140093,0,4.9e-14
1.0350373430759505,0.0,-0.0006723288336718,0.0006444196001765,-0.0789388668508092,0.0010115581655990,27.3649571130935350,2.9987122373128305,2.0205,1.9999,-4.02044407,6.04088686,0,2.9e-13
1.0350368398015561,0.0,-0.0006779718164961,0.0006414493195963,-0.0789383483419959,0.0010201830682605,27.3650571130935347,2.9987122124897114,2.0202,1.9999,-4.02018692,6.04037258,0,4.1e-13
1.0350363337243973,0.0,-0.0006835521453104,0.0006384647642553,-0.0789378272206773,0.0010287165578845,27.3651571130935345,2.9987121876980836,2.0200,1.9999,-4.01992966,6.03985806,0,3.8e-13
1.0350358247897318,0.0,-0.0006890710728767,0.0006354656487199,-0.0789373034363636,0.0010371604988739,27.3652571130935343,2.9987121629385349,2.0197,1.9999,-4.01967223,6.03934319,0,3.8e-11
1.0350353129522882,0.0,-0.0006945295587536,0.0006324517144980,-0.0789367769510262,0.0010455163774629,27.3653571130935376,2.9987121382122872,2.0195,1.9999,-4.01941477,6.03882827,0,7.4e-14
1.0350347981456318,0.0,-0.0006999289069543,0.0006294226503085,-0.0789362477004567,0.0010537860828753,27.3654571130935373,2.9987121135195114,2.0192,1.9999,-4.01915707,6.03831288,0,3.5e-11
1.0350342803149437,0.0,-0.0007052699621014,0.0006263781443667,-0.0789357156376224,0.0010619709234266,27.3655571130935371,2.9987120888614576,2.0190,1.9999,-4.01889925,6.03779724,0,5.1e-11
1.0350337594067160,0.0,-0.0007105536807525,0.0006233179189405,-0.0789351807141066,0.0010700723463134,27.3656571130935369,2.9987120642390090,2.0187,1.9999,-4.01864137,6.03728148,0,2.1e-13
1.0350332353473743,0.0,-0.0007157811221409,0.0006202416093577,-0.0789346428606587,0.0010780918875869,27.3657571130935366,2.9987120396525455,2.0185,1.9999,-4.01838319,6.03676512,0,4.6e-11
1.0350327080851691,0.0,-0.0007209529372795,0.0006171489330230,-0.0789341020335030,0.0010860305867917,27.3658571130935364,2.9987120151035764,2.0182,1.9999,-4.01812496,6.03624867,0,7.3e-14
1.0350321775443729,0.0,-0.0007260700716281,0.0006140395027595,-0.0789335581616801,0.0010938898214397,27.3659571130935362,2.9987119905925859,2.0179,1.9999,-4.01786648,6.03573172,0,1.6e-12
1.0350316436601885,0.0,-0.0007311332530457,0.0006109129620439,-0.0789330111871229,0.0011016707065498,27.3660571130935359,2.9987119661205885,2.0177,1.9999,-4.01760777,6.03521431,0,3.2e-11
1.0350311063602848,0.0,-0.0007361431447496,0.0006077689679815,-0.0789324610443678,0.0011093742335142,27.3661571130935357,2.9987119416887582,2.0174,1.9999,-4.01734889,6.03469656,0,3.9e-11
1.0350305655752181,0.0,-0.0007411003769428,0.0006046071326333,-0.0789319076712986,0.0011170013796575,27.3662571130935355,2.9987119172981966,2.0172,1.9999,-4.01708986,6.03417850,0,6.4e-14
1.0350300212221648,0.0,-0.0007460056857500,0.0006014270326795,-0.0789313509910527,0.0011245532146339,27.3663571130935352,2.9987118929495944,2.0169,1.9999,-4.01683050,6.03365979,0,3.7e-11
1.0350294732255945,0.0,-0.0007508595193691,0.0005982282699903,-0.0789307909368652,0.0011320304590567,27.3664571130935350,2.9987118686444578,2.0166,1.9999,-4.01657095,6.03314071,0,3.4e-11
1.0350289215057640,0.0,-0.0007556624290430,0.0005950104331434,-0.0789302274363757,0.0011394339440294,27.3665571130935348,2.9987118443838856,2.0164,1.9999,-4.01631120,6.03262121,0,9.0e-14
1.0350283659679846,0.0,-0.0007604149925163,0.0005917730389430,-0.0789296604020718,0.0011467645062963,27.3666571130935345,2.9987118201688125,2.0161,1.9999,-4.01605110,6.03210102,0,2.8e-11
1.0350278065357257,0.0,-0.0007651175625155,0.0005885156599959,-0.0789290897668588,0.0011540227421566,27.3667571130935343,2.9987117960007432,2.0159,1.9999,-4.01579076,6.03158035,0,3.3e-11
1.0350272431116863,0.0,-0.0007697705281982,0.0005852378024214,-0.0789285154423429,0.0011612092411400,27.3668571130935376,2.9987117718810672,2.0156,2.0000,-4.01553018,6.03105921,0,3.6e-12
1.0350266755951600,0.0,-0.0007743743904479,0.0005819389655372,-0.0789279373351776,0.0011683247139665,27.3669571130935374,2.9987117478107495,2.0153,1.9999,-4.01526921,6.03053728,0,2.7e-11
1.0350261038938324,0.0,-0.0007789293231637,0.0005786186355612,-0.0789273553644772,0.0011753695068027,27.3670571130935372,2.9987117237916423,2.0151,1.9999,-4.01500800,6.03001487,0,1.7e-13
1.0350255278976719,0.0,-0.0007834357080785,0.0005752762541482,-0.0789267694289919,0.0011823441643126,27.3671571130935369,2.9987116998249448,2.0148,1.9999,-4.01474642,6.02949171,0,5.7e-13
1.0350249474977353,0.0,-0.0007878938075453,0.0005719112525602,-0.0789261794299373,0.0011892490941220,27.3672571130935367,2.9987116759121393,2.0146,1.9999,-4.01448442,6.02896774,0,4.6e-11
1.0350243625867999,0.0,-0.0007923037467767,0.0005685230629675,-0.0789255852716669,0.0011960845431335,27.3673571130935365,2.9987116520551020,2.0143,1.9999,-4.01422212,6.02844315,0,4.6e-11
1.0350237730423859,0.0,-0.0007966657175139,0.0005651110581201,-0.0789249868427259,0.0012028507975406,27.3674571130935362,2.9987116282554531,2.0140,1.9999,-4.01395946,6.02791784,0,2.3e-11
1.0350231787437798,0.0,-0.0008009798625081,0.0005616745993347,-0.0789243840340073,0.0012095481024551,27.3675571130935360,2.9987116045148681,2.0138,1.9999,-4.01369640,6.02739173,0,5.3e-14
1.0350225795577848,0.0,-0.0008052462923158,0.0005582129966568,-0.0789237767244042,0.0012161766278788,27.3676571130935358,2.9987115808351201,2.0135,1.9999,-4.01343288,6.02686470,0,9.7e-14
1.0350219753499581,0.0,-0.0008094650500868,0.0005547255488816,-0.0789231647923793,0.0012227364639705,27.3677571130935355,2.9987115572181344,2.0132,1.9999,-4.01316888,6.02633673,0,2.1e-11
1.0350213659804708,0.0,-0.0008136360987980,0.0005512115252569,-0.0789225481120135,0.0012292276013579,27.3678571130935353,2.9987115336660501,2.0130,1.9999,-4.01290445,6.02580787,0,2.2e-11
1.0350207513012588,0.0,-0.0008177594125389,0.0005476701525514,-0.0789219265492555,0.0012356500240874,27.3679571130935351,2.9987115101809221,2.0127,1.9999,-4.01263952,6.02527803,0,2.2e-11
1.0350201311569291,0.0,-0.0008218349036026,0.0005441006186056,-0.0789212999635796,0.0012420036328083,27.3680571130935348,2.9987114867649707,2.0125,1.9999,-4.01237409,6.02474718,0,1.4e-11
1.0350195053851841,0.0,-0.0008258624571797,0.0005405020710443,-0.0789206682080597,0.0012482882894903,27.3681571130935346,2.9987114634204479,2.0122,1.9999,-4.01210810,6.02421523,0,1.6e-11
1.0350188738047890,0.0,-0.0008298418469520,0.0005368735901124,-0.0789200311188665,0.0012545036583282,27.3682571130935344,2.9987114401499868,2.0119,1.9999,-4.01184155,6.02368213,0,1.6e-11
1.0350182362452518,0.0,-0.0008337728711426,0.0005332142577980,-0.0789193885420732,0.0012606495103340,27.3683571130935377,2.9987114169560152,2.0117,1.9999,-4.01157439,6.02314785,0,1.7e-11
1.0350175925126552,0.0,-0.0008376552376551,0.0005295230689169,-0.0789187403022689,0.0012667254329540,27.3684571130935375,2.9987113938412797,2.0114,1.9999,-4.01130661,6.02261230,0,2.2e-11
1.0350169424064712,0.0,-0.0008414885924001,0.0005257989801367,-0.0789180862183301,0.0012727309385683,27.3685571130935372,2.9987113708086954,2.0111,1.9999,-4.01103818,6.02207545,0,1.8e-11
1.0350162857132676,0.0,-0.0008452725502840,0.0005220408759274,-0.0789174260971025,0.0012786654874979,27.3686571130935370,2.9987113478612271,2.0109,1.9999,-4.01076903,6.02153718,0,2.7e-11
1.0350156222138664,0.0,-0.0008490065467689,0.0005182475532006,-0.0789167597428703,0.0012845283454596,27.3687571130935368,2.9987113250023110,2.0106,1.9999,-4.01049920,6.02099753,0,7.4e-12
1.0350149516615541,0.0,-0.0008526902659728,0.0005144178956047,-0.0789160869273721,0.0012903189166977,27.3688571130935365,2.9987113022349479,2.0103,1.9999,-4.01022858,6.02045631,0,1.3e-12
1.0350142738092629,0.0,-0.0008563229350465,0.0005105504497016,-0.0789154074318189,0.0012960362366993,27.3689571130935363,2.9987112795630022,2.0100,1.9999,-4.00995713,6.01991343,0,1.2e-11
1.0350135883943050,0.0,-0.0008599039066368,0.0005066438798553,-0.0789147210183288,0.0013016793731873,27.3690571130935361,2.9987112569902701,2.0098,1.9999,-4.00968484,6.01936887,0,1.3e-11
1.0350128951286433,0.0,-0.0008634324239519,0.0005026967045968,-0.0789140274262830,0.0013072472322159,27.3691571130935358,2.9987112345208478,2.0095,1.9999,-4.00941167,6.01882255,0,2.3e-12
1.0350121937101000,0.0,-0.0008669076651053,0.0004987073268388,-0.0789133263826570,0.0013127386366203,27.3692571130935356,2.9987112121589719,2.0092,1.9999,-4.00913753,6.01827428,0,1.2e-11
1.0350114838179534,0.0,-0.0008703286673148,0.0004946740840691,-0.0789126175981128,0.0013181522194556,27.3693571130935354,2.9987111899093497,2.0089,1.9999,-4.00886239,6.01772404,0,1.3e-11
1.0350107651080911,0.0,-0.0008736944007498,0.0004905951742014,-0.0789119007618551,0.0013234865013914,27.3694571130935351,2.9987111677768734,2.0087,1.9999,-4.00858620,6.01717167,0,2.1e-11
1.0350100372126843,0.0,-0.0008770036870921,0.0004864686733120,-0.0789111755421400,0.0013287398031336,27.3695571130935349,2.9987111457669151,2.0084,1.9999,-4.00830891,6.01661711,0,1.4e-11
1.0350092997370473,0.0,-0.0008802552789701,0.0004822925230793,-0.0789104415823124,0.0013339103192196,27.3696571130935347,2.9987111238850517,2.0081,1.9999,-4.00803042,6.01606016,0,1.6e-11
1.0350085522593024,0.0,-0.0008834477328636,0.0004780645131658,-0.0789096985021897,0.0013389959948005,27.3697571130935344,2.9987111021374804,2.0078,1.9999,-4.00775071,6.01550075,0,4.1e-13
1.0350077943214020,0.0,-0.0008865795363010,0.0004737822527472,-0.0789089458877495,0.0013439946217195,27.3698571130935342,2.9987110805306272,2.0076,1.9999,-4.00746963,6.01493863,0,1.0e-11
1.0350070254332242,0.0,-0.0008896489385799,0.0004694431802291,-0.0789081832971588,0.0013489036977683,27.3699571130935340,2.9987110590716752,2.0073,1.9999,-4.00718716,6.01437370,0,1.3e-11
1.0350062450638495,0.0,-0.0008926540356664,0.0004650445199932,-0.0789074102515615,0.0013537204764082,27.3700571130935373,2.9987110377682953,2.0070,1.9999,-4.00690320,6.01380580,0,8.9e-12
1.0350054526369199,0.0,-0.0008955927432394,0.0004605832549481,-0.0789066262307673,0.0013584419393171,27.3701571130935370,2.9987110166287461,2.0067,1.9999,-4.00661763,6.01323469,0,1.2e-11
1.0350046475263006,0.0,-0.0008984627129518,0.0004560561135240,-0.0789058306703296,0.0013630647006922,27.3702571130935368,2.9987109956621238,2.0064,1.9999,-4.00633037,6.01266020,0,9.8e-12
1.0350038290500412,0.0,-0.0009012613801434,0.0004514595322563,-0.0789050229549769,0.0013675850399448,27.3703571130935366,2.9987109748782479,2.0061,1.9999,-4.00604130,6.01208206,0,1.2e-11
1.0350029964624174,0.0,-0.0009039858671913,0.0004467896090646,-0.0789042024123755,0.0013719987999906,27.3704571130935363,2.9987109542879260,2.0058,1.9999,-4.00575028,6.01150006,0,1.0e-11
1.0350021489454695,0.0,-0.0009066329932437,0.0004420420700080,-0.0789033683048898,0.0013763013591177,27.3705571130935361,2.9987109339029683,2.0055,1.9999,-4.00545718,6.01091388,0,1.4e-11
1.0350012855988462,0.0,-0.0009091991734948,0.0004372121965717,-0.0789025198211159,0.0013804875407776,27.3706571130935359,2.9987109137364580,2.0052,1.9999,-4.00516186,6.01032325,0,9.8e-12
1.0350004054274833,0.0,-0.0009116804496401,0.0004322947993837,-0.0789016560636419,0.0013845515660933,27.3707571130935357,2.9987108938027500,2.0050,1.9999,-4.00486411,6.00972779,0,1.7e-11
1.0349995073290690,0.0,-0.0009140723069487,0.0004272840804649,-0.0789007760395874,0.0013884869315399,27.3708571130935354,2.9987108741178798,2.0047,1.9999,-4.00456378,6.00912714,0,2.4e-11
1.0349985900671781,0.0,-0.0009163697052689,0.0004221736146559,-0.0788998786338157,0.0013922862598010,27.3709571130935352,2.9987108546997736,2.0044,1.9999,-4.00426066,6.00852093,0,1.3e-11
1.0349976522697206,0.0,-0.0009185669165304,0.0004169561827371,-0.0788989626108364,0.0013959412673201,27.3710571130935350,2.9987108355683483,2.0040,1.9999,-4.00395448,6.00790860,0,1.7e-11
1.0349966923840763,0.0,-0.0009206574773952,0.0004116236947047,-0.0788980265706435,0.0013994425022426,27.3711571130935347,2.9987108167461156,2.0037,1.9999,-4.00364500,6.00728966,0,1.4e-11
1.0349957086487793,0.0,-0.0009226338838195,0.0004061669027485,-0.0788970689272599,0.0014027790913208,27.3712571130935345,2.9987107982587244,2.0034,1.9999,-4.00333190,6.00666348,0,1.5e-11
1.0349946990596359,0.0,-0.0009244875922164,0.0004005753309789,-0.0788960878749180,0.0014059385662838,27.3713571130935343,2.9987107801353026,2.0031,1.9999,-4.00301483,6.00602937,0,1.5e-11
1.0349936613331232,0.0,-0.0009262088159863,0.0003948370596635,-0.0788950813554671,0.0014089066396837,27.3714571130935340,2.9987107624089671,2.0028,1.9999,-4.00269341,6.00538654,0,1.8e-11
1.0349925927360151,0.0,-0.0009277855028000,0.0003889376787530,-0.0788940469115794,0.0014116658200608,27.3715571130935373,2.9987107451198511,2.0025,1.9999,-4.00236713,6.00473400,0,1.3e-11
1.0349914902162924,0.0,-0.0009292044573354,0.0003828613175895,-0.0788929817905929,0.0014141967640554,27.3716571130935371,2.9987107283120640,2.0021,1.9999,-4.00203547,6.00407071,0,1.6e-11
1.0349903500620827,0.0,-0.0009304492400643,0.0003765885162945,-0.0788918826515518,0.0014164754891196,27.3717571130935369,2.9987107120398355,2.0018,1.9999,-4.00169779,6.00339536,0,1.1e-11
1.0349891678752581,0.0,-0.0009315002167756,0.0003700962083264,-0.0788907455361657,0.0014184733812210,27.3718571130935366,2.9987106963674166,2.0015,1.9999,-4.00135329,6.00270640,0,2.4e-13
1.0349879383163822,0.0,-0.0009323335364458,0.0003633564696359,-0.0788895656365314,0.0014201555106726,27.3719571130935364,2.9987106813725894,2.0011,1.9999,-4.00100103,6.00200189,0,7.9e-14
1.0349866548120710,0.0,-0.0009329194979993,0.0003563348658400,-0.0788883370365735,0.0014214784698703,27.3720571130935362,2.9987106671514137,2.0008,1.9998,-4.00063983,6.00127952,0,6.1e-14
1.0349853091092442,0.0,-0.0009332205793194,0.0003489881691625,-0.0788870523088241,0.0014223873641283,27.3721571130935359,2.9987106538245056,2.0005,1.9998,-4.00026823,6.00053634,0,9.5e-14
1.0349838906076450,0.0,-0.0009331882592563,0.0003412608573836,-0.0788857019144110,0.0014228111619869,27.3722571130935357,2.9987106415468587,2.0003,1.9996,-3.99988433,5.99976855,0,3.5e-14
1.0349835970153736,0.0,-0.0009331364684121,0.0003396636661431,-0.0788854229152594,0.0014228299189452,27.3722771130935350,2.9987106392341500,2.000226,1.999580,-3.999805861,5.999611628,0,2.7e-13
1.0349832998345396,0.0,-0.0009330682199985,0.0003380477043789,-0.0788851406806971,0.0014228247026018,27.3722971130935342,2.9987106369733163,2.000194,1.999533,-3.999726783,5.999453475,0,3.9e-13
1.0349829989227337,0.0,-0.0009329828748252,0.0003364122379963,-0.0788848550823052,0.0014227945522301,27.3723171130935370,2.9987106347664079,2.000166,1.999481,-3.999647057,5.999294027,0,7.4e-12
1.0349826941318456,0.0,-0.0009328797013203,0.0003347564655600,-0.0788845659874319,0.0014227384491770,27.3723371130935362,2.9987106326156701,2.000143,1.999424,-3.999566682,5.999133282,0,3.2e-13
1.0349823853006233,0.0,-0.0009327579829585,0.0003330795602127,-0.0788842732506005,0.0014226553045325,27.3723571130935355,2.9987106305234015,2.000122,1.999363,-3.999485603,5.998971129,0,4.5e-13
1.0349820722547856,0.0,-0.0009326169062308,0.0003313806078049,-0.0788839767150464,0.0014225439284234,27.3723771130935347,2.9987106284921659,2.000105,1.999299,-3.999403798,5.998807523,0,1.9e-13
1.0349817548099727,0.0,-0.0009324556115171,0.0003296586418117,-0.0788836762149243,0.0014224030629005,27.3723971130935340,2.9987106265246624,2.000090,1.999231,-3.999321234,5.998642398,0,2.1e-13
1.0349814327679918,0.0,-0.0009322731728805,0.0003279126229885,-0.0788833715719590,0.0014222313524407,27.3724171130935368,2.9987106246237976,2.000078,1.999160,-3.999237873,5.998475681,0,4.9e-13
1.0349811059124252,0.0,-0.0009320685790001,0.0003261414168840,-0.0788830625915020,0.0014220273136273,27.3724371130935360,2.9987106227927436,2.000067,1.999087,-3.999153679,5.998307296,0,1.3e-13
1.0349807740130423,0.0,-0.0009318407539490,0.0003243438176570,-0.0788827490664321,0.0014217893686147,27.3724571130935352,2.9987106210348693,2.000058,1.999011,-3.999068607,5.998137158,0,2.0e-13
1.0349804368187645,0.0,-0.0009315885210482,0.0003225185094631,-0.0788824307709050,0.0014215157928669,27.3724771130935345,2.9987106193538562,2.000049,1.998933,-3.998982613,5.997965174,0,1.2e-12
1.0349800940565950,0.0,-0.0009313106023433,0.0003206640631412,-0.0788821074593191,0.0014212047090297,27.3724971130935373,2.9987106177537024,2.000042,1.998853,-3.998895650,5.997791252,0,5.0e-13
1.0349797454294061,0.0,-0.0009310056175020,0.0003187789306936,-0.0788817788641840,0.0014208540760607,27.3725171130935365,2.9987106162387369,2.000036,1.998771,-3.998807657,5.997615270,0,4.1e-12
1.0349793906151843,0.0,-0.0009306720016277,0.0003168613948039,-0.0788814446966810,0.0014204616533316,27.3725371130935358,2.9987106148137603,2.000031,1.998688,-3.998718589,5.997437138,0,6.3e-13
1.0349790292571448,0.0,-0.0009303081286714,0.0003149096178548,-0.0788811046350134,0.0014200249959284,27.3725571130935350,2.9987106134839188,2.000026,1.998602,-3.998628370,5.997256704,0,1.3e-13
1.0349786609648211,0.0,-0.0009299121306212,0.0003129215380510,-0.0788807583284639,0.0014195413919322,27.3725771130935343,2.9987106122549743,2.000022,1.998515,-3.998536930,5.997073828,0,8.5e-13
1.0349782853069993,0.0,-0.0009294819852728,0.0003108949037977,-0.0788804053889395,0.0014190078569312,27.3725971130935370,2.9987106111332347,2.000018,1.998426,-3.998444195,5.996888363,0,1.9e-13
1.0349779018076259,0.0,-0.0009290154304219,0.0003088272144203,-0.0788800453884751,0.0014184210846442,27.3726171130935363,2.9987106101256931,2.000015,1.998336,-3.998350077,5.996700129,0,3.5e-13
1.0349775099355405,0.0,-0.0009285099589330,0.0003067156911071,-0.0788796778492311,0.0014177773855809,27.3726371130935355,2.9987106092401259,2.000012,1.998243,-3.998254476,5.996508932,0,7.3e-13
1.0349771090941786,0.0,-0.0009279627347889,0.0003045572030325,-0.0788793022348457,0.0014170726013819,27.3726571130935348,2.9987106084853012,2.000009,1.998149,-3.998157288,5.996314559,0,8.4e-13
1.0349766986189575,0.0,-0.0009273706080094,0.0003023482713423,-0.0788789179475112,0.0014163021030525,27.3726771130935340,2.9987106078709509,2.000006,1.998052,-3.998058391,5.996116770,0,4.8e-13
1.0349762777509866,0.0,-0.0009267299657598,0.0003000849166704,-0.0788785243048645,0.0014154605872901,27.3726971130935368,2.9987106074082219,2.000004,1.997954,-3.997957647,5.995915285,0,1.3e-13
1.0349758456337492,0.0,-0.0009260367323227,0.0002977626524112,-0.0788781205365812,0.0014145420663709,27.3727171130935361,2.9987106071096714,2.000002,1.997853,-3.997854898,5.995709791,0,1.7e-13
1.0349754012809398,0.0,-0.0009252862003803,0.0002953763071467,-0.0788777057558084,0.0014135396282723,27.3727371130935353,2.9987106069897815,2.000000,1.997750,-3.997749965,5.995499930,0,2.2e-13
1.0349749435555309,0.0,-0.0009244729440450,0.0002929199250715,-0.0788772789400028,0.0014124452976630,27.3727571130935345,2.9987106070652310,1.999999,1.997644,-3.997642642,5.995285287,0,1.7e-13
1.0349744711314739,0.0,-0.0009235906118656,0.0002903865512608,-0.0788768388969146,0.0014112497527892,27.3727771130935373,2.9987106073554992,1.999997,1.997536,-3.997532687,5.995065382,0,1.4e-12
1.0349739824486210,0.0,-0.0009226317465530,0.0002877680181287,-0.0788763842234317,0.0014099420170656,27.3727971130935366,2.9987106078834631,1.999996,1.997424,-3.997419811,5.994839634,0,2.0e-13
1.0349732272600092,0.0,-0.0009210569318030,0.0002837254965881,-0.0788756826258258,0.0014077779304733,27.3728266390766883,2.9987106091565452,1.999994,1.997253,-3.997247106,5.994494228,0,7.9e-14
1.0349724711822121,0.0,-0.0009193661303502,0.0002796831415457,-0.0788749814689382,0.0014054355597006,27.3728545133336993,2.9987106109897330,1.999992,1.997084,-3.997076285,5.994152591,0,2.4e-13
1.0349717145243147,0.0,-0.0009175585289023,0.0002756426199309,-0.0788742810530471,0.0014029134746068,27.3728807121731528,2.9987106133867520,1.999991,1.996916,-3.996907412,5.993814850,0,5.2e-13
1.0349709576055062,0.0,-0.0009156334738941,0.0002716056474422,-0.0788735816856790,0.0014002104794752,27.3729052142727589,2.9987106163503880,1.999990,1.996750,-3.996740548,5.993481128,0,1.6e-13
1.0349702007544903,0.0,-0.0009135904723015,0.0002675739821315,-0.0788728836810510,0.0013973256232099,27.3729280008256382,2.9987106198824525,1.999990,1.996586,-3.996575756,5.993151548,0,2.4e-13
1.0349694443083473,0.0,-0.0009114292000657,0.0002635494169649,-0.0788721873589006,0.0013942582135844,27.3729490557317554,2.9987106239837407,2.000000,1.996424,-3.996413094,5.992826227,0,3.9e-13
1.0349686886111007,0.0,-0.0009091495056534,0.0002595337723055,-0.0788714930430654,0.0013910078247794,27.3729683657520404,2.9987106286539960,2.000000,1.996264,-3.996252618,5.992505279,0,6.7e-13
1.0349679340114921,0.0,-0.0009067514209626,0.0002555288875338,-0.0788708010592243,0.0013875743052268,27.3729859206607955,2.9987106338918816,1.999988,1.996106,-3.996094385,5.992188815,0,1.2e-13
1.0349671808620500,0.0,-0.0009042351576026,0.0002515366124147,-0.0788701117340901,0.0013839577813464,27.3730017133321084,2.9987106396949699,2.000000,1.995951,-3.995938441,5.991876931,0,5.9e-13
1.0349664295177068,0.0,-0.0009016011088431,0.0002475587974194,-0.0788694253940754,0.0013801586665689,27.3730157398823017,2.9987106460597230,2.000000,1.995797,-3.995784838,5.991569729,0,2.6e-13
1.0349656803332277,0.0,-0.0008988498514203,0.0002435972853402,-0.0788687423628309,0.0013761776537829,27.3730279996969408,2.9987106529815044,2.000000,1.995646,-3.995633619,5.991267293,0,4.0e-13
1.0349649336616134,0.0,-0.0008959821435639,0.0002396539018645,-0.0788680629597598,0.0013720157134837,27.3730384954757504,2.9987106604545928,1.999988,1.995497,-3.995484826,5.990969707,0,9.9e-14
1.0349641898534723,0.0,-0.0008929989159396,0.0002357304452403,-0.0788673874995901,0.0013676741002212,27.3730472332771910,2.9987106684721812,2.000000,1.995351,-3.995338492,5.990677041,0,2.6e-13
1.0349634492528585,0.0,-0.0008899012771754,0.0002318286794739,-0.0788667162882787,0.0013631543246668,27.3730542224534901,2.9987106770264402,1.999988,1.995207,-3.995194652,5.990389363,0,1.9e-13
1.0349627121980876,0.0,-0.0008866904964976,0.0002279503233704,-0.0788660496241270,0.0013584581648891,27.3730594756472492,2.9987106861085202,2.000000,1.995066,-3.995053331,5.990106723,0,9.4e-13
1.0349619790188536,0.0,-0.0008833679992484,0.0002240970437987,-0.0788653877950408,0.0013535876421518,27.3730630086989848,2.9987106957086249,1.999988,1.994927,-3.994914557,5.989829175,0,2.7e-13
1.0349612500351399,0.0,-0.0008799353571050,0.0002202704476458,-0.0788647310776946,0.0013485450108326,27.3730648405336261,2.9987107058160567,1.999988,1.994790,-3.994778345,5.989556751,0,3.1e-13
1.0349605255554344,0.0,-0.0008763942795396,0.0002164720747090,-0.0788640797359078,0.0013433327441001,27.3730649930795593,2.9987107164192688,1.999988,1.994656,-3.994644709,5.989289480,0,4.3e-13
1.0349598058752378,0.0,-0.0008727466035832,0.0002127033923771,-0.0788634340194034,0.0013379535104121,27.3730634910799218,2.9987107275059461,1.999989,1.994525,-3.994513660,5.989027383,0,1.2e-13
1.0349590912779170,0.0,-0.0008689942677437,0.0002089657893068,-0.0788627941650100,0.0013324101661244,27.3730603619229065,2.9987107390630703,1.999989,1.994396,-3.994385202,5.988770466,0,4.8e-13
1.0349583820304107,0.0,-0.0008651393238084,0.0002052605719706,-0.0788621603923557,0.0013267057237210,27.3730556354983925,2.9987107510769895,1.999989,1.994270,-3.994259333,5.988518728,0,1.4e-13
1.0349576783851622,0.0,-0.0008611839040606,0.0002015889605048,-0.0788615329062154,0.0013208433412415,27.3730493439823377,2.9987107635334995,2.000000,1.994147,-3.994136052,5.988272166,0,3.2e-13
1.0349569805788796,0.0,-0.0008571302131834,0.0001979520858478,-0.0788609118954534,0.0013148263020508,27.3730415216389353,2.9987107764179122,2.000000,1.994026,-3.994015348,5.988030758,0,3.1e-13
1.0349562888308481,0.0,-0.0008529805226390,0.0001943509891567,-0.0788602975314390,0.0013086579866201,27.3730322045891050,2.9987107897151475,1.999990,1.993907,-3.993897209,5.987794479,0,1.3e-13
1.0349556033450393,0.0,-0.0008487371420257,0.0001907866194982,-0.0788596899705294,0.0013023418649696,27.3730214306163369,2.9987108034097951,2.000000,1.993791,-3.993781620,5.987563300,0,3.0e-13
1.0349549243073222,0.0,-0.0008444024249355,0.0001872598354567,-0.0788590893512758,0.0012958814635658,27.3730092389271817,2.9987108174862001,2.000000,1.993678,-3.993668558,5.987337177,0,2.8e-13
1.0349542518877399,0.0,-0.0008399787410554,0.0001837714041789,-0.0788584957970050,0.0012892803603247,27.3729956699613837,2.9987108319285243,1.999991,1.993567,-3.993558002,5.987116063,0,5.5e-14
1.0349535862389414,0.0,-0.0008354684778403,0.0001803220037193,-0.0788579094142938,0.0012825421578083,27.3729807651847956,2.9987108467208161,2.000000,1.993459,-3.993449924,5.986899906,0,2.2e-13
1.0349529274974338,0.0,-0.0008308740222195,0.0001769122250265,-0.0788573302944161,0.0012756704696283,27.3729645668610964,2.9987108618470781,1.999991,1.993353,-3.993344294,5.986688644,0,3.3e-13
1.0349522757841183,0.0,-0.0008261977487829,0.0001735425748230,-0.0788567585140154,0.0012686689044467,27.3729471178649355,2.9987108772913333,1.999992,1.993249,-3.993241080,5.986482217,0,1.9e-13
1.0349516312034857,0.0,-0.0008214420229049,0.0001702134781518,-0.0788561941342859,0.0012615410500897,27.3729284615113642,2.9987108930376616,1.999992,1.993148,-3.993140249,5.986280553,0,6.6e-14
1.0349509938465749,0.0,-0.0008166091721724,0.0001669252805822,-0.0788556372042059,0.0012542904724251,27.3729086414000484,2.9987109090702551,1.999992,1.993049,-3.993041762,5.986083577,0,9.0e-14
1.0349503637879063,0.0,-0.0008117015091231,0.0001636782559511,-0.0788550877572537,0.0012469206771000,27.3728877011848013,2.9987109253734836,2.000000,1.992953,-3.992945581,5.985891215,0,3.1e-13
1.0349497410913906,0.0,-0.0008067212829118,0.0001604726045216,-0.0788545458177709,0.0012394351377392,27.3728656845218730,2.9987109419318982,2.000000,1.992859,-3.992851667,5.985703385,0,5.5e-13
1.0349491258056274,0.0,-0.0008016707170716,0.0001573084630058,-0.0788540113958828,0.0012318372480491,27.3728426348455187,2.9987109587303027,2.000000,1.992767,-3.992759976,5.985520003,0,4.1e-13
1.0349485179675297,0.0,-0.0007965519833169,0.0001541859046013,-0.0788534844913572,0.0012241303380796,27.3728185953279279,2.9987109757537560,2.000000,1.992677,-3.992670468,5.985340984,0,7.9e-14
1.0349479176037508,0.0,-0.0007913671891123,0.0001511049457477,-0.0788529650951289,0.0012163176625073,27.3727936086873740,2.9987109929876170,2.000000,1.992589,-3.992583099,5.985166244,0,1.5e-13
1.0349473247293979,0.0,-0.0007861183946077,0.0001480655482520,-0.0788524531878209,0.0012084023942960,27.3727677171860151,2.9987110104175456,1.999994,1.992504,-3.992497823,5.984995691,0,2.6e-13
1.0349467393504930,0.0,-0.0007808075935233,0.0001450676260813,-0.0788519487423517,0.0012003876190883,27.3727409624507736,2.9987110280295459,2.000000,1.992420,-3.992414599,5.984829241,0,2.5e-13
1.0349463178383460,0.0,-0.0007769028885894,0.0001429108266718,-0.0788515861189718,0.0011944910562658,27.3727209624507744,2.9987110409597557,1.999994,1.992361,-3.99235525920,5.98471056108,0,4.5e-12
1.0349459087743875,0.0,-0.0007730475195026,0.0001408191797146,-0.0788512346989147,0.0011886662173734,27.3727009624507751,2.9987110537079933,2.000000,1.992304,-3.99229815521,5.98459635202,0,3.9e-14
1.0349455111323915,0.0,-0.0007692366818203,0.0001387873804830,-0.0788508935571513,0.0011829057777304,27.3726809624507723,2.9987110662891441,2.000000,1.992248,-3.99224308422,5.98448620901,0,1.3e-13
1.0349451240354040,0.0,-0.0007654660505151,0.0001368108095612,-0.0788505619057705,0.0011772034609740,27.3726609624507731,2.9987110787161333,1.999995,1.992195,-3.99218989083,5.98437982122,0,1.3e-13
1.0349447467095589,0.0,-0.0007617318462158,0.0001348854091968,-0.0788502390489125,0.0011715537187025,27.3726409624507738,2.9987110910003194,2.000000,1.992143,-3.99213843557,5.98427690971,0,3.5e-13
1.0349443784702193,0.0,-0.0007580307429879,0.0001330075993713,-0.0788499243706412,0.0011659516321912,27.3726209624507746,2.9987111031517268,1.999995,1.992093,-3.99208859195,5.98417722150,0,5.3e-14
1.0349440187113090,0.0,-0.0007543597474091,0.0001311741944121,-0.0788496173261859,0.0011603928318288,27.3726009624507753,2.9987111151792698,1.999995,1.992045,-3.99204025103,5.98408053873,0,7.1e-14
1.0349436668873402,0.0,-0.0007507162045993,0.0001293823466164,-0.0788493174246194,0.0011548733750910,27.3725809624507725,2.9987111270909215,1.999996,1.991998,-3.99199331343,5.98398666260,0,2.7e-13
1.0349433225168083,0.0,-0.0007470977094188,0.0001276295198924,-0.0788490242333217,0.0011493897687232,27.3725609624507733,2.9987111388937744,2.000000,1.991952,-3.99194769235,5.98389541952,0,5.0e-13
1.0349429851552945,0.0,-0.0007435020784085,0.0001259133931423,-0.0788487373523134,0.0011439387730094,27.3725409624507741,2.9987111505943269,2.000000,1.991907,-3.99190330623,5.98380664638,0,1.1e-12
1.0349426544072833,0.0,-0.0007399273353161,0.0001242318898802,-0.0788484564260077,0.0011385174933888,27.3725209624507748,2.9987111621983837,1.999996,1.991864,-3.99186008102,5.98372019512,0,1.3e-13
1.0349423299095641,0.0,-0.0007363716999411,0.0001225831209473,-0.0788481811272752,0.0011331232613543,27.3725009624507720,2.9987111737112433,2.000000,1.991822,-3.99181795677,5.98363594573,0,1.2e-12
1.0349420113339201,0.0,-0.0007328334690109,0.0001209653450999,-0.0788479111615723,0.0011277536412199,27.3724809624507728,2.9987111851377586,2.000000,1.991781,-3.99177686711,5.98355376560,0,9.0e-14
1.0349416983785495,0.0,-0.0007293111492510,0.0001193769938376,-0.0788476462570321,0.0011224063917494,27.3724609624507735,2.9987111964823279,1.999996,1.991740,-3.99173676176,5.98347355408,0,2.1e-13
1.0349413907658582,0.0,-0.0007258033245926,0.0001178166110940,-0.0788473861640084,0.0011170794305178,27.3724409624507743,2.9987112077490221,1.999996,1.991701,-3.99169759000,5.98339520976,0,9.4e-14
1.0349410882414432,0.0,-0.0007223086838909,0.0001162828610579,-0.0788471306537542,0.0011117708361483,27.3724209624507751,2.9987112189415743,1.999997,1.991663,-3.99165930487,5.98331863872,0,2.1e-13
1.0349407905699417,0.0,-0.0007188260214937,0.0001147745142250,-0.0788468795144376,0.0011064788183283,27.3724009624507723,2.9987112300634258,1.999997,1.991625,-3.99162186434,5.98324375689,0,2.1e-13
1.0349404975337959,0.0,-0.0007153541890762,0.0001132904249019,-0.0788466325505342,0.0011012017047477,27.3723809624507730,2.9987112411177743,1.999997,1.991588,-3.99158522889,5.98317048525,0,1.6e-13
1.0349402089302533,0.0,-0.0007118921412994,0.0001118295381074,-0.0788463895794214,0.0010959379254908,27.3723609624507738,2.9987112521075749,1.999997,1.991553,-3.99154936194,5.98309875062,0,2.1e-13
1.0349399245721196,0.0,-0.0007084388901512,0.0001103908745584,-0.0788461504326567,0.0010906860157831,27.3723409624507745,2.9987112630355668,2.000000,1.991517,-3.99151423024,5.98302848649,0,9.1e-14
1.0349396442849843,0.0,-0.0007049934727938,0.0001089735107073,-0.0788459149536449,0.0010854445930579,27.3723209624507753,2.9987112739043229,2.000000,1.991483,-3.99147980143,5.98295962817,0,2.0e-13
1.0349393679053680,0.0,-0.0007015550225040,0.0001075765966580,-0.0788456829951050,0.0010802123501853,27.3723009624507725,2.9987112847162241,2.000000,1.991449,-3.99144604610,5.98289211682,0,5.2e-14
1.0349390952803039,0.0,-0.0006981226995554,0.0001061993307772,-0.0788454544194240,0.0010749880473147,27.3722809624507732,2.9987112954735102,1.999997,1.991416,-3.99141293719,5.98282589833,0,6.2e-14
1.0349388262682475,0.0,-0.0006946957028886,0.0001048409660519,-0.0788452290994349,0.0010697705213363,27.3722609624507740,2.9987113061782646,1.999997,1.991383,-3.99138044877,5.98276092083,0,2.1e-13
1.0349385607340300,0.0,-0.0006912732958634,0.0001035008026179,-0.0788450069132688,0.0010645586486382,27.3722409624507748,2.9987113168324484,2.000000,1.991351,-3.99134855774,5.98269713812,0,2.9e-13
1.0349382985515283,0.0,-0.0006878547540242,0.0001021781779923,-0.0788447877474922,0.0010593513631718,27.3722209624507720,2.9987113274379107,2.000000,1.991320,-3.99131724008,5.98263450217,0,4.3e-13
1.0349380396051715,0.0,-0.0006844393566815,0.0001008724693806,-0.0788445714986879,0.0010541476697016,27.3722009624507727,2.9987113379963812,2.000000,1.991289,-3.99128647438,5.98257297017,0,1.9e-13
1.0349377837796254,0.0,-0.0006810264967229,0.0000995830966411,-0.0788443580623163,0.0010489465681417,27.3721809624507735,2.9987113485094929,1.999998,1.991259,-3.99125624063,5.98251250207,0,5.6e-13
1.0349375309684909,0.0,-0.0006776155545351,0.0000983095078841,-0.0788441473424545,0.0010437471153069,27.3721609624507742,2.9987113589787939,1.999998,1.991229,-3.99122652197,5.98245306416,0,1.3e-13
1.0349372810756599,0.0,-0.0006742058764790,0.0000970511768362,-0.0788439392533623,0.0010385484363785,27.3721409624507750,2.9987113694057372,1.999998,1.991200,-3.99119729843,5.98239461649,0,1.3e-13
1.0349370340063047,0.0,-0.0006707968879980,0.0000958076112244,-0.0788437337095698,0.0010333496594583,27.3721209624507722,2.9987113797917009,2.000000,1.991171,-3.99116855389,5.98233712685,0,5.0e-14
1.0349367896700647,0.0,-0.0006673880380951,0.0000945783441549,-0.0788435306295562,0.0010281499375890,27.3721009624507730,2.9987113901379927,2.000000,1.991142,-3.99114027240,5.98228056331,0,4.4e-13
1.0349365479826371,0.0,-0.0006639787732920,0.0000933629307376,-0.0788433299375656,0.0010229484607121,27.3720809624507737,2.9987114004458513,2.000000,1.991114,-3.99111243760,5.98222489318,0,7.8e-14
1.0349363088633334,0.0,-0.0006605685783999,0.0000921609535028,-0.0788431315608321,0.0010177444391604,27.3720609624507745,2.9987114107164463,1.999998,1.991087,-3.99108503550,5.98217008845,0,6.9e-13
1.0349360722367438,0.0,-0.0006571569128528,0.0000909720070486,-0.0788429354318129,0.0010125371131117,27.3720409624507752,2.9987114209509032,1.999998,1.991060,-3.99105805466,5.98211612626,0,1.8e-13
1.0349358380289135,0.0,-0.0006537433049278,0.0000897957155914,-0.0788427414835951,0.0010073257267563,27.3720209624507724,2.9987114311502769,1.999998,1.991033,-3.99103147999,5.98206297641,0,4.5e-14
1.0349356061699153,0.0,-0.0006503272617884,0.0000886317126482,-0.0788425496532458,0.0010021095449860,27.3720009624507732,2.9987114413155891,1.999998,1.991007,-3.99100529847,5.98201061289,0,5.9e-13
1.0349353765972975,0.0,-0.0006469082746745,0.0000874796544586,-0.0788423598851028,0.0009968878835849,27.3719809624507739,2.9987114514477913,1.999998,1.990981,-3.99097950062,5.98195901669,0,2.7e-13
1.0349351492451748,0.0,-0.0006434858998548,0.0000863392086121,-0.0788421721194576,0.0009916600200722,27.3719609624507747,2.9987114615478156,2.000000,1.990956,-3.99095407386,5.98190816270,0,2.5e-14
1.0349349240534960,0.0,-0.0006400596948547,0.0000852100653412,-0.0788419863021207,0.0009864252707546,27.3719409624507719,2.9987114716165313,1.999998,1.990931,-3.99092900678,5.98185802809,0,3.4e-13
1.0349347009632703,0.0,-0.0006366291990989,0.0000840919154620,-0.0788418023799797,0.0009811829477697,27.3719209624507727,2.9987114816547997,2.000000,1.990906,-3.99090429106,5.98180859620,0,2.6e-13
1.0349344799259215,0.0,-0.0006331939475978,0.0000829844846984,-0.0788416203099976,0.0009759324406288,27.3719009624507734,2.9987114916633750,1.999999,1.990881,-3.99087991483,5.98175984329,0,4.6e-14
1.0349342608820795,0.0,-0.0006297535306478,0.0000818874839852,-0.0788414400379965,0.0009706730377341,27.3718809624507742,2.9987115016430734,2.000000,1.990857,-3.99085587038,5.98171175397,0,3.0e-13
1.0349340437839594,0.0,-0.0006263075097210,0.0000808006554607,-0.0788412615212223,0.0009654041135929,27.3718609624507749,2.9987115115946130,2.000000,1.990834,-3.99083214750,5.98166430779,0,2.1e-13
1.0349338285829617,0.0,-0.0006228554572402,0.0000797237446902,-0.0788410847159266,0.0009601250246265,27.3718409624507721,2.9987115215187012,2.000000,1.990810,-3.99080873870,5.98161748978,0,5.6e-13
1.0349336152331692,0.0,-0.0006193969482951,0.0000786565095640,-0.0788409095808306,0.0009548351389766,27.3718209624507729,2.9987115314160127,2.000000,1.990787,-3.99078563443,5.98157128084,0,3.3e-13
1.0349334036895526,0.0,-0.0006159315734368,0.0000775987181276,-0.0788407360752836,0.0009495338210308,27.3718009624507737,2.9987115412871956,2.000000,1.990764,-3.99076282769,5.98152566698,0,1.9e-13
1.0349331939087818,0.0,-0.0006124589184225,0.0000765501451024,-0.0788405641602149,0.0009442204377062,27.3717809624507744,2.9987115511328795,2.000000,1.990742,-3.99074031151,5.98148063422,0,6.4e-13
1.0349329858529339,0.0,-0.0006089785211801,0.0000755105721256,-0.0788403938021357,0.0009388943898982,27.3717609624507752,2.9987115609536614,2.000000,1.990719,-3.99071807646,5.98143616376,0,1.1e-13
1.0349327794773500,0.0,-0.0006054900593315,0.0000744798012306,-0.0788402249596838,0.0009335550106804,27.3717409624507724,2.9987115707501135,2.000000,1.990697,-3.99069611807,5.98139224663,0,2.9e-13
1.0349325747467792,0.0,-0.0006019930647075,0.0000734576263817,-0.0788400576018119,0.0009282016994060,27.3717209624507731,2.9987115805227975,2.000000,1.990676,-3.99067442804,5.98134886621,0,2.4e-13
1.0349323716294510,0.0,-0.0005984870522233,0.0000724438515008,-0.0788398917008752,0.0009228338742808,27.3717009624507739,2.9987115902722437,2.000000,1.990654,-3.99065300121,5.98130601219,0,9.5e-13
1.0349321700785092,0.0,-0.0005949718325854,0.0000714383160540,-0.0788397272119875,0.0009174508113948,27.3716809624507746,2.9987115999989484,1.999999,1.990633,-3.99063182845,5.98126366635,0,1.8e-13
1.0349319700687309,0.0,-0.0005914467445601,0.0000704408019239,-0.0788395641151543,0.0009120519560946,27.3716609624507718,2.9987116097034634,1.999999,1.990612,-3.99061090662,5.98122182237,0,1.9e-13
1.0349317715659041,0.0,-0.0005879115017169,0.0000694511685721,-0.0788394023783749,0.0009066366703975,27.3716409624507726,2.9987116193862109,2.000000,1.990591,-3.99059022967,5.98118046815,0,1.1e-13
1.0349315745387391,0.0,-0.0005843656340933,0.0000684692367924,-0.0788392419739567,0.0009012043214415,27.3716209624507734,2.9987116290476767,1.999999,1.990571,-3.99056979014,5.98113958878,0,5.4e-13
1.0349313789544949,0.0,-0.0005808087829949,0.0000674948562475,-0.0788390828717557,0.0008957542529738,27.3716009624507741,2.9987116386882935,2.000000,1.990550,-3.99054958548,5.98109917916,0,5.8e-14
1.0349311847845351,0.0,-0.0005772404840135,0.0000665278638905,-0.0788389250463956,0.0008902858279230,27.3715809624507749,2.9987116483085061,2.000000,1.990530,-3.99052960822,5.98105922434,0,1.2e-13
1.0349309920003427,0.0,-0.0005736603262660,0.0000655681147788,-0.0788387684720647,0.0008847983972953,27.3715609624507721,2.9987116579087223,2.000000,1.990511,-3.99050985439,5.98101971639,0,5.2e-13
1.0349308005754188,0.0,-0.0005700678468438,0.0000646154596199,-0.0788386131252420,0.0008792913134022,27.3715409624507728,2.9987116674893484,2.000000,1.990491,-3.99049031787,5.98098064308,0,2.7e-13
1.0349306104825429,0.0,-0.0005664626299980,0.0000636697625748,-0.0788384589812053,0.0008737639072594,27.3715209624507736,2.9987116770507707,1.999999,1.990472,-3.99047099466,5.98094199639,0,8.9e-14
1.0349304216949442,0.0,-0.0005628442503862,0.0000627308893056,-0.0788383060156596,0.0008682154959448,27.3715009624507744,2.9987116865933636,1.999999,1.990453,-3.99045188048,5.98090376777,0,3.9e-13
1.0349302341886990,0.0,-0.0005592122340482,0.0000617987057758,-0.0788381542073400,0.0008626454064839,27.3714809624507751,2.9987116961174953,2.000000,1.990434,-3.99043297192,5.98086595039,0,1.6e-13
1.0349300479390517,0.0,-0.0005555661414956,0.0000608730871480,-0.0788380035338073,0.0008570529398345,27.3714609624507723,2.9987117056235157,1.999999,1.990415,-3.99041426250,5.98082853130,0,1.5e-13
1.0349298629244941,0.0,-0.0005519054727284,0.0000599539075742,-0.0788378539761265,0.0008514374097945,27.3714409624507731,2.9987117151117686,1.999999,1.990396,-3.99039574915,5.98079150436,0,5.1e-13
1.0349296791147744,0.0,-0.0005482299037389,0.0000590410593838,-0.0788377055053913,0.0008457980264812,27.3714209624507738,2.9987117245825838,1.999999,1.990378,-3.99037742890,5.98075486362,0,2.1e-13
1.0349294964982541,0.0,-0.0005445387578153,0.0000581344116131,-0.0788375581134098,0.0008401341586049,27.3714009624507746,2.9987117340362826,1.999999,1.990360,-3.99035929641,5.98071859841,0,2.5e-13
1.0349293150472685,0.0,-0.0005408316657483,0.0000572338610999,-0.0788374117739087,0.0008344450011397,27.3713809624507753,2.9987117434731769,2.000000,1.990342,-3.99034134913,5.98068270362,0,2.0e-13
1.0349291347427809,0.0,-0.0005371080952684,0.0000563392959432,-0.0788372664701411,0.0008287298095826,27.3713609624507725,2.9987117528935707,1.999999,1.990324,-3.99032358148,5.98064716811,0,3.2e-13
1.0349289555639085,0.0,-0.0005333675603282,0.0000554506132678,-0.0788371221830934,0.0008229877995993,27.3713409624507733,2.9987117622977544,2.000000,1.990307,-3.99030599263,5.98061199020,0,2.4e-13
1.0349287774926976,0.0,-0.0005296095161090,0.0000545677096556,-0.0788369788969065,0.0008172181931443,27.3713209624507741,2.9987117716860094,2.000000,1.990289,-3.99028857654,5.98057715782,0,1.0e-13
1.0349286005087099,0.0,-0.0005258334457159,0.0000536904840904,-0.0788368365929689,0.0008114201621335,27.3713009624507748,2.9987117810586215,2.000000,1.990272,-3.99027133154,5.98054266761,0,1.1e-13
1.0349284245939123,0.0,-0.0005220388023547,0.0000528188403698,-0.0788366952550989,0.0008055928778446,27.3712809624507720,2.9987117904158542,2.000000,1.990255,-3.99025425352,5.98050851138,0,4.2e-13
1.0349282497293699,0.0,-0.0005182250519710,0.0000519526865864,-0.0788365548660096,0.0007997354757199,27.3712609624507728,2.9987117997579706,2.000000,1.990238,-3.99023734041,5.98047468498,0,2.5e-13
1.0349280759001411,0.0,-0.0005143915820869,0.0000510919299231,-0.0788364154127212,0.0007938471045094,27.3712409624507735,2.9987118090852189,2.000000,1.990221,-3.99022058854,5.98044118105,0,7.2e-14
1.0349279030864582,0.0,-0.0005105378450698,0.0000502364812992,-0.0788362768769557,0.0007879268343636,27.3712209624507743,2.9987118183978541,2.000000,1.990204,-3.99020399483,5.98040799345,0,8.9e-14
1.0349277312730654,0.0,-0.0005066632281771,0.0000493862560293,-0.0788361392451252,0.0007819737519500,27.3712009624507751,2.9987118276961100,2.000000,1.990188,-3.99018755684,5.98037511730,0,4.7e-13
1.0349275604440709,0.0,-0.0005027670928325,0.0000485411664492,-0.0788360025030669,0.0007759869057708,27.3711809624507723,2.9987118369802261,2.000000,1.990172,-3.99017127043,5.98034254434,0,1.1e-13
1.0349273905834804,0.0,-0.0004988488197310,0.0000477011336611,-0.0788358666362163,0.0007699653094980,27.3711609624507730,2.9987118462504259,2.000000,1.990155,-3.99015513464,5.98031027258,0,3.1e-13
1.0349272216772116,0.0,-0.0004949077198398,0.0000468660749756,-0.0788357316321849,0.0007639079635347,27.3711409624507738,2.9987118555069325,2.000000,1.990139,-3.99013914465,5.98027829246,0,5.3e-13
1.0349270537062767,0.0,-0.0004909432039168,0.0000460359187845,-0.0788355974729407,0.0007578137780496,27.3711209624507745,2.9987118647499624,2.000000,1.990124,-3.99012330105,5.98024660512,0,4.5e-14
1.0349268866611909,0.0,-0.0004869544670357,0.0000452105828187,-0.0788354641510256,0.0007516817274321,27.3711009624507753,2.9987118739797247,2.000000,1.990108,-3.99010759847,5.98021519981,0,3.4e-13
1.0349267205254553,0.0,-0.0004829408316312,0.0000443899957354,-0.0788353316510744,0.0007455106702261,27.3710809624507725,2.9987118831964259,2.000000,1.990092,-3.99009203667,5.98018407607,0,2.1e-13
1.0349265552851314,0.0,-0.0004789015625703,0.0000435740875229,-0.0788351999604404,0.0007392994484482,27.3710609624507732,2.9987118924002614,2.000000,1.990077,-3.99007661074,5.98015322408,0,3.3e-13
1.0349263909290265,0.0,-0.0004748358242244,0.0000427627832300,-0.0788350690695754,0.0007330468929550,27.3710409624507740,2.9987119015914332,2.000000,1.990062,-3.99006132086,5.98012264417,0,2.2e-14
1.0349262274423419,0.0,-0.0004707428537592,0.0000419560170223,-0.0788349389647621,0.0007267517441740,27.3710209624507748,2.9987119107701252,2.000000,1.990046,-3.99004616327,5.98009232888,0,7.5e-14
1.0349260648120129,0.0,-0.0004666218287050,0.0000411537237416,-0.0788348096341250,0.0007204127133380,27.3710009624507720,2.9987119199365257,2.000000,1.990031,-3.99003113587,5.98006227396,0,1.1e-13
1.0349259030255837,0.0,-0.0004624718825045,0.0000403558378445,-0.0788346810664572,0.0007140284644898,27.3709809624507727,2.9987119290908137,2.000000,1.990016,-3.99001623715,5.98003247641,0,1.7e-14
1.0349257420739713,0.0,-0.0004582920372480,0.0000395622899126,-0.0788345532542876,0.0007075976453153,27.3709609624507735,2.9987119382331699,2.000000,1.990002,-3.99000146495,5.98000293188,0,3.9e-13
1.0349255819390881,0.0,-0.0004540815092752,0.0000387730283559,-0.0788344261799073,0.0007011187408471,27.3709409624507742,2.9987119473637605,2.000000,1.989987,-3.98998681660,5.97997363509,0,5.1e-13
1.0349254226147424,0.0,-0.0004498391977666,0.0000379879847085,-0.0788342998389254,0.0006945903088128,27.3709209624507750,2.9987119564827571,2.000000,1.989972,-3.98997228964,5.97994458105,0,8.3e-14
1.0349252640863267,0.0,-0.0004455641697643,0.0000372071051569,-0.0788341742174314,0.0006880107427684,27.3709009624507722,2.9987119655903207,2.000000,1.989958,-3.98995788245,5.97991576659,0,7.2e-13
1.0349251063456104,0.0,-0.0004412552907637,0.0000364303266147,-0.0788340493086690,0.0006813784414220,27.3708809624507730,2.9987119746866160,2.000000,1.989944,-3.98994359578,5.97988719315,0,2.1e-13
1.0349249493822350,0.0,-0.0004369114368660,0.0000356575908525,-0.0788339251034311,0.0006746917026004,27.3708609624507737,2.9987119837718010,2.000000,1.989930,-3.98992942440,5.97985885029,0,2.4e-13
1.0349247931804797,0.0,-0.0004325315607936,0.0000348888469418,-0.0788338015865317,0.0006679486761509,27.3708409624507745,2.9987119928460331,2.000000,1.989916,-3.98991536655,5.97983073452,0,5.5e-13
1.0349246377344856,0.0,-0.0004281144335692,0.0000341240504393,-0.0788336787531314,0.0006611475432852,27.3708209624507752,2.9987120019094338,2.000000,1.989902,-3.98990142273,5.97980284679,0,3.7e-13
1.0349244830345667,0.0,-0.0004236586749912,0.0000333631306468,-0.0788335565951682,0.0006542863557246,27.3708009624507724,2.9987120109621834,2.000000,1.989888,-3.98988759001,5.97977518127,0,2.0e-13
1.0349243290672407,0.0,-0.0004191630807145,0.0000326060467458,-0.0788334350995117,0.0006473630087122,27.3707809624507732,2.9987120200044108,2.000000,1.989874,-3.98987386617,5.97974773352,0,4.6e-13
1.0349241758271024,0.0,-0.0004146261582064,0.0000318527448504,-0.0788333142621397,0.0006403753989087,27.3707609624507739,2.9987120290362541,2.000000,1.989860,-3.98986025081,5.97972050272,0,1.2e-13
1.0349240233021508,0.0,-0.0004100464728629,0.0000311031735158,-0.0788331940718522,0.0006333212227574,27.3707409624507747,2.9987120380578594,2.000000,1.989847,-3.98984674027,5.97969348158,0,7.9e-13
1.0349238714834772,0.0,-0.0004054224971566,0.0000303572888632,-0.0788330745205312,0.0006261980945125,27.3707209624507719,2.9987120470693531,2.000000,1.989833,-3.98983333626,5.97966667348,0,9.9e-14
1.0349237203595216,0.0,-0.0004007526621845,0.0000296150458023,-0.0788329555972564,0.0006190034595564,27.3707009624507727,2.9987120560708660,2.000000,1.989820,-3.98982003379,5.97964006847,0,1.7e-13
1.0349235699304307,0.0,-0.0003960349995196,0.0000288763848120,-0.0788328373041520,0.0006117347822648,27.3706809624507734,2.9987120650625299,2.000000,1.989807,-3.98980683338,5.97961366758,0,1.0e-13
1.0349234201853026,0.0,-0.0003912677428118,0.0000281412632226,-0.0788327196309194,0.0006043892235735,27.3706609624507742,2.9987120740444708,2.000000,1.989794,-3.98979373096,5.97958746271,0,1.1e-12
1.0349232710950953,0.0,-0.0003864495593982,0.0000274096682808,-0.0788326025467614,0.0005969635160371,27.3706409624507749,2.9987120830168057,2.000000,1.989781,-3.98978072957,5.97956145985,0,5.2e-13
1.0349231226795663,0.0,-0.0003815776103262,0.0000266815146495,-0.0788324860757481,0.0005894549019750,27.3706209624507721,2.9987120919796615,2.000000,1.989768,-3.98976782524,5.97953565115,0,1.3e-13
1.0349229749086173,0.0,-0.0003766503464257,0.0000259567894108,-0.0788323701859539,0.0005818597164917,27.3706009624507729,2.9987121009331554,2.000000,1.989755,-3.98975501472,5.97951003006,0,7.4e-13
1.0349228277990177,0.0,-0.0003716647678274,0.0000252354196271,-0.0788322548978252,0.0005741747613168,27.3705809624507737,2.9987121098773994,2.000000,1.989742,-3.98974230106,5.97948460268,0,4.2e-13
1.0349226813210104,0.0,-0.0003666190425518,0.0000245173922341,-0.0788321401798057,0.0005663959178583,27.3705609624507744,2.9987121188125112,2.000000,1.989730,-3.98972967847,5.97945935745,0,2.4e-14
1.0349225354743461,0.0,-0.0003615103433062,0.0000238026578860,-0.0788320260332683,0.0005585192470645,27.3705409624507752,2.9987121277385982,2.000000,1.989717,-3.98971714774,5.97943429596,0,2.1e-13
1.0349223902548608,0.0,-0.0003563357784952,0.0000230911743889,-0.0788319124551381,0.0005505404728596,27.3705209624507724,2.9987121366557679,2.000000,1.989705,-3.98970470817,5.97940941677,0,1.2e-13
1.0349222456497584,0.0,-0.0003510924899147,0.0000223829064625,-0.0788317994328187,0.0005424548731909,27.3705009624507731,2.9987121455641335,2.000000,1.989692,-3.98969235683,5.97938471406,0,2.3e-13
1.0349221016527508,0.0,-0.0003457772511784,0.0000216778181963,-0.0788316869607506,0.0005342574854840,27.3704809624507739,2.9987121544637958,2.000000,1.989680,-3.98968009389,5.97936018816,0,2.4e-13
1.0349219582576163,0.0,-0.0003403865791686,0.0000209758717592,-0.0788315750334966,0.0005259429676098,27.3704609624507746,2.9987121633548544,2.000000,1.989668,-3.98966791775,5.97933583583,0,1.9e-13
1.0349218154607822,0.0,-0.0003349166248262,0.0000202770253462,-0.0788314636486097,0.0005175056033993,27.3704409624507718,2.9987121722374122,2.000000,1.989656,-3.98965582719,5.97931165468,0,1.1e-13
1.0349216732537141,0.0,-0.0003293633995366,0.0000195812445013,-0.0788313527980464,0.0005089391267482,27.3704209624507726,2.9987121811115718,2.000000,1.989644,-3.98964382153,5.97928764334,0,4.0e-13
1.0349215316276299,0.0,-0.0003237226193562,0.0000188884998220,-0.0788312424733557,0.0005002367404326,27.3704009624507734,2.9987121899774216,2.000000,1.989632,-3.98963189810,5.97926379645,0,1.5e-13
1.0349213905707295,0.0,-0.0003179896979886,0.0000181987611485,-0.0788311326628260,0.0004913910043337,27.3703809624507741,2.9987121988350638,2.000000,1.989620,-3.98962005689,5.97924011401,0,8.9e-14
1.0349212500911160,0.0,-0.0003121589929782,0.0000175119799410,-0.0788310233768159,0.0004823941675990,27.3703609624507749,2.9987122076845822,2.000000,1.989608,-3.98960829642,5.97921659305,0,5.1e-13
1.0349211101681179,0.0,-0.0003062252619758,0.0000168281316171,-0.0788309145938698,0.0004732372226582,27.3703409624507721,2.9987122165260911,2.000000,1.989597,-3.98959661753,5.97919323522,0,3.1e-13
1.0349209708065326,0.0,-0.0003001820077517,0.0000161471821885,-0.0788308063203188,0.0004639107668175,27.3703209624507728,2.9987122253596517,2.000000,1.989585,-3.98958501678,5.97917003372,0,5.3e-13
1.0349208319924010,0.0,-0.0002940226248838,0.0000154691029210,-0.0788306985420830,0.0004544040850594,27.3703009624507736,2.9987122341853678,2.000000,1.989574,-3.98957349274,5.97914698561,0,1.4e-13
1.0349206937245010,0.0,-0.0002877393987517,0.0000147938580657,-0.0788305912590402,0.0004447055846470,27.3702809624507744,2.9987122430033217,2.000000,1.989562,-3.98956204700,5.97912409411,0,3.0e-13
1.0349205560276720,0.0,-0.0002813226731806,0.0000141213687220,-0.0788304845005654,0.0004348029235654,27.3702609624507751,2.9987122518136151,2.000000,1.989551,-3.98955067581,5.97910135173,0,4.4e-13
1.0349204187928704,0.0,-0.0002747673556955,0.0000134517645199,-0.0788303781449488,0.0004246795513913,27.3702409624507723,2.9987122606162839,2.000000,1.989539,-3.98953938126,5.97907876261,0,4.8e-13
1.0349202821232171,0.0,-0.0002680584973401,0.0000127848481355,-0.0788302723097899,0.0004143214700307,27.3702209624507731,2.9987122694114570,2.000000,1.989528,-3.98952815965,5.97905631936,0,4.9e-13
1.0349201459711539,0.0,-0.0002611860195952,0.0000121206535864,-0.0788301669427541,0.0004037095684991,27.3702009624507738,2.9987122781991999,2.000000,1.989517,-3.98951701072,5.97903402151,0,2.4e-13
1.0349200103380403,0.0,-0.0002541362732560,0.0000114591447144,-0.0788300620465130,0.0003928232967337,27.3701809624507746,2.9987122869795897,2.000000,1.989506,-3.98950593339,5.97901186684,0,3.6e-13
1.0349198752126683,0.0,-0.0002468942177980,0.0000108002985970,-0.0788299576097592,0.0003816389093104,27.3701609624507753,2.9987122957527093,2.000000,1.989495,-3.98949492883,5.97898985770,0,2.5e-13
1.0349197405920836,0.0,-0.0002394422277067,0.0000101440870220,-0.0788298536302676,0.0003701293005829,27.3701409624507725,2.9987123045186284,2.000000,1.989484,-3.98948399311,5.97896798625,0,2.4e-13
1.0349196064770330,0.0,-0.0002317596687174,0.0000094904746531,-0.0788297501100235,0.0003582631365035,27.3701209624507733,2.9987123132774247,2.000000,1.989473,-3.98947312780,5.97894625563,0,8.6e-14
1.0349194728611644,0.0,-0.0002238227716308,0.0000088394374491,-0.0788296470429875,0.0003460035654418,27.3701009624507741,2.9987123220291689,2.000000,1.989462,-3.98946233173,5.97892466348,0,9.5e-13
1.0349194062287064,0.0,-0.0002197508153299,0.0000085148860119,-0.0788295956667507,0.0003397126866837,27.3700909624507744,2.9987123264024262,2.000000,1.989457,-3.9894569575687,5.9789139151594,0,1.5e-13
1.0349193397200052,0.0,-0.0002156042920154,0.0000081909686625,-0.0788295444030219,0.0003333065183740,27.3700809624507748,2.9987123307739449,2.000000,1.989452,-3.9894516017297,5.9789032034741,0,5.2e-13
1.0349192733376325,0.0,-0.0002113786207520,0.0000078676767157,-0.0788294932548662,0.0003267783473010,27.3700709624507752,2.9987123351437370,2.000000,1.989446,-3.9894462608626,5.9788925217503,0,4.4e-13
1.0349192070753541,0.0,-0.0002070692512863,0.0000075450149943,-0.0788294422154059,0.0003201205369275,27.3700609624507756,2.9987123395118100,2.000000,1.989441,-3.9894409380058,5.9788818760327,0,3.3e-13
1.0349191409314313,0.0,-0.0002026708771242,0.0000072229802422,-0.0788293912828691,0.0003133247729546,27.3700509624507724,2.9987123438781755,2.000000,1.989436,-3.9894356325416,5.9788712650919,0,4.3e-13
1.0349190749047144,0.0,-0.0001981775939895,0.0000069015703874,-0.0788293404560915,0.0003063818408017,27.3700409624507728,2.9987123482428419,2.000000,1.989430,-3.9894303418628,5.9788606837385,0,3.9e-14
1.0349190089971512,0.0,-0.0001935826280674,0.0000065807785216,-0.0788292897374033,0.0002992815553986,27.3700309624507732,2.9987123526058173,2.000000,1.989425,-3.9894250678772,5.9788501357690,0,2.1e-13
1.0349189432111174,0.0,-0.0001888784090650,0.0000062606008845,-0.0788292391294965,0.0002920125090796,27.3700209624507735,2.9987123569671068,2.000000,1.989420,-3.9894198103255,5.9788396206634,0,2.0e-13
1.0349188775497935,0.0,-0.0001840562741442,0.0000059410257654,-0.0788291886361819,0.0002845618666559,27.3700109624507739,2.9987123613267230,2.000000,1.989415,-3.9894145685282,5.9788291370705,0,4.6e-13
1.0349188119914281,0.0,-0.0001791080058740,0.0000056220785420,-0.0788291382331733,0.0002769142754546,27.3700009624507743,2.9987123656846739,2.000000,1.989409,-3.9894093436398,5.9788186872876,0,7.0e-14
1.0349187465593017,0.0,-0.0001740213222481,0.0000053037260661,-0.0788290879466711,0.0002690537051681,27.3699909624507747,2.9987123700409670,2.000000,1.989404,-3.9894041351487,5.9788082702946,0,6.9e-13
1.0349186812419300,0.0,-0.0001687844289560,0.0000049859806204,-0.0788290377638931,0.0002609605193123,27.3699809624507751,2.9987123743956077,2.000000,1.989399,-3.9893989409049,5.9787978818111,0,2.6e-13
1.0349186160372261,0.0,-0.0001633829186683,0.0000046688377109,-0.0788289876827305,0.0002526122878581,27.3699709624507754,2.9987123787486101,2.000000,1.989394,-3.9893937629239,5.9787875258487,0,2.3e-13
1.0349185509438841,0.0,-0.0001577999795106,0.0000043522989001,-0.0788289377017333,0.0002439827800268,27.3699609624507758,2.9987123830999778,2.000000,1.989389,-3.9893886004111,5.9787772008245,0,8.0e-14
1.0349184859580958,0.0,-0.0001520158169196,0.0000040363626088,-0.0788288878168140,0.0002350408702095,27.3699509624507726,2.9987123874497210,2.000000,1.989383,-3.9893834532185,5.9787669064447,0,2.8e-13
1.0349184210988565,0.0,-0.0001460050279319,0.0000037210033491,-0.0788288380493520,0.0002257501905126,27.3699409624507730,2.9987123917978460,2.000000,1.989378,-3.9893783221855,5.9787566443738,0,5.7e-14
1.0349183563394904,0.0,-0.0001397404204470,0.0000034062505753,-0.0788287883695892,0.0002160646561402,27.3699309624507734,2.9987123961443611,2.000000,1.989373,-3.9893732055394,5.9787464110891,0,5.9e-13
1.0349182917580426,0.0,-0.0001331795328683,0.0000030919978338,-0.0788287388652399,0.0002059319464127,27.3699209624507738,2.9987124004892771,2.000000,1.989368,-3.9893681055475,5.9787362110978,0,9.3e-14
1.0349182271919124,0.0,-0.0001262906760225,0.0000027784579628,-0.0788286893538214,0.0001952749941980,27.3699109624507742,2.9987124048325939,2.000000,1.989363,-3.9893630197719,5.9787260395493,0,2.6e-13
1.0349181628257682,0.0,-0.0001189992761882,0.0000024653825125,-0.0788286400428677,0.0001840117547352,27.3699009624507745,2.9987124091743276,2.000000,1.989358,-3.9893579501220,5.9787159002406,0,3.2e-13
1.0349180985120032,0.0,-0.0001112411548168,0.0000021529614407,-0.0788285907667254,0.0001720154332615,27.3698909624507749,2.9987124135144851,2.000000,1.989353,-3.9893528939326,5.9787057878688,0,2.6e-13
1.0349180344510882,0.0,-0.0001028886979744,0.0000018409319620,-0.0788285417505591,0.0001591317189165,27.3698809624507753,2.9987124178530644,2.000000,1.989348,-3.9893478536479,5.9786957072977,0,1.1e-13
1.0349179702830882,0.0,-0.0000938264464322,0.0000015297564479,-0.0788284925905040,0.0001451020540481,27.3698709624507757,2.9987124221900894,2.000000,1.989343,-3.9893428276840,5.9786856553722,0,3.2e-13
1.0349179069970749,0.0,-0.0000836912625550,0.0000012181446057,-0.0788284443968727,0.0001296234030843,27.3698609624507725,2.9987124265255507,2.000000,1.989338,-3.9893378172917,5.9786756345821,0,1.1e-13
1.0349178409284809,0.0,-0.0000726032086480,0.0000009108586079,-0.0788283930558315,0.0001118028804406,27.3698509624507729,2.9987124308594395,2.000000,1.989333,-3.9893328202366,5.9786656404805,0,5.2e-13
1.0349177638688445,0.0,-0.0000615570402962,0.0000006173818574,-0.0788283293539224,0.0000894442366080,27.3698409624507732,2.9987124351917220,2.000000,1.989328,-3.9893278389006,5.9786556778047,0,4.0e-13
1.0349176965021094,0.0,-0.0000457374761451,0.0000003106833986,-0.0788282765111992,0.0000606199006671,27.3698309624507736,2.9987124395226377,2.000000,1.989323,-3.9893228714885,5.9786457429802,0,4.0e-13
1.0349176890093523,0.0,-0.0000440373666310,0.0000002803635254,-0.0788282703780733,0.0000568201718333,27.3698299624507726,2.9987124399557525,2.000000,1.989322,-3.9893223751560,5.9786447503196,0,5.8e-13
1.0349176817341834,0.0,-0.0000422124216572,0.0000002496447576,-0.0788282644879670,0.0000527855451437,27.3698289624507751,2.9987124403887515,2.000000,1.989322,-3.9893218800798,5.9786437601601,0,3.9e-14
1.0349176752392486,0.0,-0.0000400875012461,0.0000002180904595,-0.0788282594727668,0.0000485610235898,27.3698279624507741,2.9987124408216732,2.000000,1.989321,-3.9893213844526,5.9786427689074,0,5.8e-14
1.0349176689967905,0.0,-0.0000377674942067,0.0000001860822360,-0.0788282547416091,0.0000439826478934,27.3698269624507731,2.9987124412546655,2.000000,1.989321,-3.9893208873427,5.9786417747034,0,1.2e-12
1.0349176635356567,0.0,-0.0000350526818471,0.0000001533545655,-0.0788282508821096,0.0000390560923681,27.3698259624507720,2.9987124416871263,2.000000,1.989320,-3.9893203945846,5.9786407891660,0,2.7e-13
1.0349176586839788,0.0,-0.0000318820971854,0.0000001198435955,-0.0788282477151033,0.0000335591058899,27.3698249624507746,2.9987124421204676,2.000000,1.989320,-3.9893198986016,5.9786397972024,0,9.1e-14
1.0349176550494019,0.0,-0.0000278796330097,0.0000000854813093,-0.0788282459097774,0.0000273747717349,27.3698239624507735,2.9987124425533649,2.000000,1.989319,-3.9893194034823,5.9786388069647,0,4.9e-14
1.0349176528696020,0.0,-0.0000224801956430,0.0000000502680043,-0.0788282457371020,0.0000199655646487,27.3698229624507725,2.9987124429862622,2.000000,1.989319,-3.9893189080454,5.9786378160950,0,3.3e-13
1.0349176528861774,0.0,-0.0000217462031962,0.0000000467075650,-0.0788282459829676,0.0000191774996438,27.3698228624507713,2.9987124430295373,2.000000,1.989319,-3.9893188590060,5.9786377180133,0,3.4e-14
1.0349176525306909,0.0,-0.0000211855704133,0.0000000431193980,-0.0788282458111289,0.0000181728411392,27.3698227624507737,2.9987124430728058,2.000000,1.989319,-3.9893188091135,5.9786376182324,0,3.3e-13
1.0349176533606441,0.0,-0.0000199500047990,0.0000000395901750,-0.0788282469703950,0.0000177187469405,27.3698226624507726,2.9987124431161289,2.000000,1.989319,-3.9893187602848,5.9786375205669,0,1.9e-13
1.0349176519933452,0.0,-0.0000199178242656,0.0000000358510521,-0.0788282456628484,0.0000160713466477,27.3698225624507714,2.9987124431593828,2.000000,1.989319,-3.9893187087561,5.9786374175325,0,1.4e-12
1.0349176517043566,0.0,-0.0000192640840748,0.0000000321394596,-0.0788282455661125,0.0000148965560892,27.3698224624507738,2.9987124432027001,2.000000,1.989319,-3.9893186608815,5.9786373217652,0,1.7e-13
1.0349176517328407,0.0,-0.0000183948747443,0.0000000284911961,-0.0788282458254195,0.0000138295122152,27.3698223624507726,2.9987124432459873,2.000000,1.989319,-3.9893186115954,5.9786372231911,0,3.0e-14
1.0349176526067416,0.0,-0.0000169293337125,0.0000000251380180,-0.0788282470336057,0.0000132581018256,27.3698222624507714,2.9987124432892744,2.000000,1.989319,-3.9893185624566,5.9786371249105,0,2.6e-13
1.0349176527590802,0.0,-0.0000158454933403,0.0000000215433458,-0.0788282474318797,0.0000121394485687,27.3698221624507738,2.9987124433325509,2.000000,1.989319,-3.9893185123158,5.9786370246357,0,2.8e-13
1.0349176530423072,0.0,-0.0000145808099284,0.0000000179834319,-0.0788282479771999,0.0000110125829756,27.3698220624507726,2.9987124433758479,2.000000,1.989318,-3.9893184633443,5.9786369266872,0,1.1e-13
1.0349176528932578,0.0,-0.0000135568420415,0.0000000141900386,-0.0788282480380544,0.0000093459872907,27.3698219624507715,2.9987124434192118,2.000000,1.989318,-3.9893184099032,5.9786368198462,0,2.8e-12
1.0349176530909634,0.0,-0.0000121454440310,0.0000000105416535,-0.0788282484844895,0.0000077500432993,27.3698218624507739,2.9987124434622099,2.000000,1.989318,-3.9893183642795,5.9786367285623,0,1.8e-13
1.0349176528211665,0.0,-0.0000110131320739,0.0000000060175917,-0.0788282484111566,0.0000048791070604,27.3698217624507727,2.9987124435057173,2.000000,1.989318,-3.9893183122221,5.9786366244721,0,1.9e-12
1.0349176528547206,0.0,-0.0000109352608293,0.0000000059353594,-0.0788282484555229,0.0000048462231726,27.3698217594507724,2.9987124435070069,2.000000,1.989318,-3.9893183130068,5.9786366260174,0,2.2e-13
1.0349176528885062,0.0,-0.0000108564737161,0.0000000058527587,-0.0788282485001899,0.0000048131847831,27.3698217564507722,2.9987124435082979,2.000000,1.989318,-3.9893183120423,5.9786366240821,0,1.7e-13
1.0349176529215649,0.0,-0.0000107778231966,0.0000000057675351,-0.0788282485440588,0.0000047781370363,27.3698217534507720,2.9987124435095920,2.000000,1.989318,-3.9893183106794,5.9786366213536,0,2.6e-13
1.0349176529554938,0.0,-0.0000106970423951,0.0000000056817166,-0.0788282485890548,0.0000047425965056,27.3698217504507717,2.9987124435109003,2.000000,1.989318,-3.9893183088120,5.9786366176242,0,2.9e-14
1.0349176529885376,0.0,-0.0000106169006337,0.0000000055962672,-0.0788282486329692,0.0000047064485537,27.3698217474507715,2.9987124435121988,2.000000,1.989318,-3.9893183080012,5.9786366159958,0,4.9e-13
1.0349176530140671,0.0,-0.0000105539760763,0.0000000055341059,-0.0788282486663221,0.0000046820783408,27.3698217444507712,2.9987124435132770,2.000000,1.989318,-3.9893183057421,5.9786366114882,0,3.2e-13
1.0349176530479220,0.0,-0.0000104618415599,0.0000000054113400,-0.0788282487133829,0.0000046171711958,27.3698217414507710,2.9987124435148145,2.000000,1.989318,-3.9893183051196,5.9786366102311,0,6.1e-13
1.0349176530805488,0.0,-0.0000103803699852,0.0000000053265725,-0.0788282487567592,0.0000045818510965,27.3698217384507743,2.9987124435160992,2.000000,1.989318,-3.9893183030960,5.9786366061901,0,1.5e-13
1.0349176531155415,0.0,-0.0000102953189852,0.0000000052421669,-0.0788282488029570,0.0000045463386107,27.3698217354507740,2.9987124435174111,2.000000,1.989318,-3.9893183016890,5.9786366033750,0,2.4e-13
1.0349176531090258,0.0,-0.0000102603915022,0.0000000051050807,-0.0788282488014503,0.0000044425973131,27.3698217324507738,2.9987124435186034,2.000000,1.989318,-3.9893182996945,5.9786365993934,0,2.6e-13
1.0349176531472264,0.0,-0.0000101667134636,0.0000000050123709,-0.0788282488520757,0.0000044021889770,27.3698217294507735,2.9987124435199992,2.000000,1.989318,-3.9893182987336,5.9786365974646,0,2.3e-13
1.0349176531812998,0.0,-0.0000100817137914,0.0000000049311661,-0.0788282488970421,0.0000043670231461,27.3698217264507733,2.9987124435212853,2.000000,1.989318,-3.9893182962220,5.9786365924516,0,5.7e-13
1.0349176532159969,0.0,-0.0000099946375501,0.0000000048467037,-0.0788282489428528,0.0000043301510293,27.3698217234507730,2.9987124435225909,2.000000,1.989318,-3.9893182955348,5.9786365910691,0,6.1e-14
1.0349176532502760,0.0,-0.0000099067641251,0.0000000047615646,-0.0788282489882806,0.0000042916027894,27.3698217204507728,2.9987124435239019,2.000000,1.989318,-3.9893182943307,5.9786365886573,0,2.6e-13
1.0349176532794719,0.0,-0.0000098249681555,0.0000000046826103,-0.0788282490275675,0.0000042544885213,27.3698217174507725,2.9987124435251458,2.000000,1.989318,-3.9893182886549,5.9786365773509,0,3.1e-12
1.0349176533181339,0.0,-0.0000097315601795,0.0000000045928965,-0.0788282490780063,0.0000042143987511,27.3698217144507723,2.9987124435264971,2.000000,1.989318,-3.9893182919236,5.9786365838378,0,7.2e-13
1.0349176533527209,0.0,-0.0000096400085943,0.0000000045074703,-0.0788282491239125,0.0000041751216307,27.3698217114507720,2.9987124435278170,2.000000,1.989318,-3.9893182893125,5.9786365786273,0,1.6e-13
1.0349176533826687,0.0,-0.0000095589002648,0.0000000044294347,-0.0788282491635537,0.0000041376098632,27.3698217084507718,2.9987124435290360,2.000000,1.989318,-3.9893182878057,5.9786365756145,0,2.4e-13
1.0349176534309255,0.0,-0.0000094485440914,0.0000000043632275,-0.0788282492249944,0.0000041239856765,27.3698217054507715,2.9987124435303780,2.000000,1.989318,-3.9893182856810,5.9786365713731,0,7.1e-13
1.0349176534624211,0.0,-0.0000093627897730,0.0000000042844689,-0.0788282492665709,0.0000040866934643,27.3698217024507713,2.9987124435316188,2.000000,1.989318,-3.9893182864467,5.9786365728799,0,9.7e-13
1.0349176534982421,0.0,-0.0000092657208425,0.0000000041966410,-0.0788282493140175,0.0000040443973586,27.3698216994507710,2.9987124435329613,2.000000,1.989318,-3.9893182837730,5.9786365675452,0,1.2e-13
1.0349176535310336,0.0,-0.0000091725918115,0.0000000041099380,-0.0788282493577115,0.0000040032121805,27.3698216964507743,2.9987124435342576,2.000000,1.989318,-3.9893182809223,5.9786365618584,0,1.0e-12
1.0349176535662925,0.0,-0.0000090765782214,0.0000000040273158,-0.0788282494041694,0.0000039611891567,27.3698216934507741,2.9987124435355725,2.000000,1.989318,-3.9893182805377,5.9786365610767,0,9.3e-14
1.0349176535986668,0.0,-0.0000089843998585,0.0000000039462577,-0.0788282494470173,0.0000039216905213,27.3698216904507738,2.9987124435368369,2.000000,1.989318,-3.9893182788361,5.9786365576762,0,2.9e-13
1.0349176536333775,0.0,-0.0000088875549119,0.0000000038662435,-0.0788282494926645,0.0000038835318067,27.3698216874507736,2.9987124435381225,2.000000,1.989318,-3.9893182773697,5.9786365547449,0,2.9e-13
1.0349176536695126,0.0,-0.0000087842020999,0.0000000037774402,-0.0788282495405433,0.0000038393058696,27.3698216844507733,2.9987124435394721,2.000000,1.989318,-3.9893182760234,5.9786365520497,0,1.3e-13
1.0349176537015794,0.0,-0.0000086915192721,0.0000000036993001,-0.0788282495827159,0.0000038010368661,27.3698216814507731,2.9987124435407071,2.000000,1.989318,-3.9893182752168,5.9786365504295,0,3.3e-13
1.0349176537420910,0.0,-0.0000085740116385,0.0000000036005790,-0.0788282496365824,0.0000037495746083,27.3698216784507729,2.9987124435421673,2.000000,1.989318,-3.9893182722316,5.9786365444726,0,6.5e-13
1.0349176537801370,0.0,-0.0000084613551251,0.0000000035062262,-0.0788282496871171,0.0000037002808023,27.3698216754507726,2.9987124435435710,2.000000,1.989318,-3.9893182716610,5.9786365433205,0,1.4e-13
1.0349176538030103,0.0,-0.0000083878674118,0.0000000034459844,-0.0788282497171363,0.0000036683435348,27.3698216724507724,2.9987124435446124,2.000000,1.989318,-3.9893182696298,5.9786365392673,0,5.2e-13
1.0349176538310454,0.0,-0.0000082931051367,0.0000000033538377,-0.0788282497552915,0.0000036109778665,27.3698216694507721,2.9987124435458976,2.000000,1.989318,-3.9893182687300,5.9786365374620,0,1.0e-13
1.0349176538677096,0.0,-0.0000081806776774,0.0000000032632129,-0.0788282498039189,0.0000035617878607,27.3698216664507719,2.9987124435472641,2.000000,1.989318,-3.9893182666263,5.9786365332595,0,5.0e-13
