x0,y0,z0,xd0,yd0,zd0,Tp,JC,stabilityIndex1,stabilityIndex2,alpha,beta,impactFlag,error
1.0191175360468092,0.0,0.0000000000000000,0.0002670918155427,-0.0608664682336677,0.0000000000000000,7.4716521997065506,2.9999208575448448,2.0010,-0.5636,-1.43738221,0.87218885,0,4.8e-14
1.0191168965746662,0.0,0.0000000000000000,0.0002684276098810,-0.0608662455530613,0.0000000000000000,7.4714521997065502,2.9999209000962779,2.0010,-0.5637,-1.43734188,0.87208239,0,5.0e-15
1.0191162570698773,0.0,0.0000000000000000,0.0002697635423663,-0.0608660229014669,0.0000000000000000,7.4712521997065506,2.9999209426495206,2.0010,-0.5637,-1.43730159,0.87197586,0,8.5e-15
1.0191156175329343,0.0,0.0000000000000000,0.0002710996113051,-0.0608658002787930,0.0000000000000000,7.4710521997065502,2.9999209852045734,2.0010,-0.5638,-1.43726133,0.87186928,0,1.1e-13
1.0191149779634383,0.0,0.0000000000000000,0.0002724358198584,-0.0608655776851118,0.0000000000000000,7.4708521997065507,2.9999210277614363,2.0010,-0.5638,-1.43722111,0.87176264,0,2.1e-14
1.0191143383614205,0.0,0.0000000000000000,0.0002737721662242,-0.0608653551204275,0.0000000000000000,7.4706521997065503,2.9999210703201111,2.0011,-0.5639,-1.43718092,0.87165593,0,3.3e-15
1.0191136987270537,0.0,0.0000000000000000,0.0002751086495488,-0.0608651325847136,0.0000000000000000,7.4704521997065507,2.9999211128805969,2.0011,-0.5639,-1.43714076,0.87154917,0,2.0e-14
1.0191130590603017,0.0,0.0000000000000000,0.0002764452705645,-0.0608649100779766,0.0000000000000000,7.4702521997065503,2.9999211554428946,2.0011,-0.5640,-1.43710064,0.87144234,0,1.8e-14
1.0191124193609418,0.0,0.0000000000000000,0.0002777820302067,-0.0608646876002622,0.0000000000000000,7.4700521997065508,2.9999211980070042,2.0011,-0.5640,-1.43706056,0.87133546,0,4.4e-14
1.0191117796292526,0.0,0.0000000000000000,0.0002791189275274,-0.0608644651515202,0.0000000000000000,7.4698521997065503,2.9999212405729265,2.0011,-0.5641,-1.43702051,0.87122851,0,2.9e-15
1.0191111398649062,0.0,0.0000000000000000,0.0002804559637850,-0.0608642427318166,0.0000000000000000,7.4696521997065508,2.9999212831406612,2.0011,-0.5641,-1.43698050,0.87112150,0,6.5e-15
1.0191105000682652,0.0,0.0000000000000000,0.0002817931370805,-0.0608640203410890,0.0000000000000000,7.4694521997065504,2.9999213257102100,2.0011,-0.5642,-1.43694053,0.87101444,0,3.1e-14
1.0191098602391704,0.0,0.0000000000000000,0.0002831304483205,-0.0608637979793698,0.0000000000000000,7.4692521997065509,2.9999213682815706,2.0011,-0.5642,-1.43690059,0.87090731,0,6.1e-14
1.0191092203772414,0.0,0.0000000000000000,0.0002844678984527,-0.0608635756467365,0.0000000000000000,7.4690521997065504,2.9999214108547463,2.0011,-0.5643,-1.43686068,0.87080012,0,4.0e-14
1.0191085804832021,0.0,0.0000000000000000,0.0002858054859823,-0.0608633533430492,0.0000000000000000,7.4688521997065509,2.9999214534297369,2.0011,-0.5643,-1.43682081,0.87069287,0,1.7e-14
1.0191079405563852,0.0,0.0000000000000000,0.0002871432118681,-0.0608631310684469,0.0000000000000000,7.4686521997065505,2.9999214960065403,2.0012,-0.5644,-1.43678098,0.87058556,0,1.1e-14
1.0191073005973275,0.0,0.0000000000000000,0.0002884810751367,-0.0608629088228250,0.0000000000000000,7.4684521997065509,2.9999215385851596,2.0012,-0.5644,-1.43674118,0.87047820,0,3.2e-14
1.0191066606056125,0.0,0.0000000000000000,0.0002898190769532,-0.0608626866062687,0.0000000000000000,7.4682521997065505,2.9999215811655944,2.0012,-0.5645,-1.43670141,0.87037077,0,9.6e-15
1.0191060205820142,0.0,0.0000000000000000,0.0002911572146269,-0.0608624644186340,0.0000000000000000,7.4680521997065510,2.9999216237478437,2.0012,-0.5645,-1.43666169,0.87026328,0,6.2e-14
1.0191053805247894,0.0,0.0000000000000000,0.0002924954950209,-0.0608622422602529,0.0000000000000000,7.4678521997065506,2.9999216663319097,2.0012,-0.5646,-1.43662199,0.87015572,0,5.1e-14
1.0191047404355684,0.0,0.0000000000000000,0.0002938339114543,-0.0608620201308224,0.0000000000000000,7.4676521997065510,2.9999217089177912,2.0012,-0.5646,-1.43658234,0.87004811,0,5.1e-14
1.0191041003137680,0.0,0.0000000000000000,0.0002951724664664,-0.0608617980304556,0.0000000000000000,7.4674521997065506,2.9999217515054908,2.0012,-0.5647,-1.43654272,0.86994044,0,2.4e-14
1.0191034601595170,0.0,0.0000000000000000,0.0002965111595009,-0.0608615759591313,0.0000000000000000,7.4672521997065502,2.9999217940950063,2.0012,-0.5647,-1.43650313,0.86983271,0,8.1e-15
1.0191028199726750,0.0,0.0000000000000000,0.0002978499895250,-0.0608613539168898,0.0000000000000000,7.4670521997065507,2.9999218366863389,2.0012,-0.5648,-1.43646358,0.86972491,0,2.5e-14
1.0191021797533140,0.0,0.0000000000000000,0.0002991889589957,-0.0608611319037041,0.0000000000000000,7.4668521997065502,2.9999218792794902,2.0013,-0.5648,-1.43642407,0.86961706,0,2.9e-14
1.0191015395013603,0.0,0.0000000000000000,0.0003005280665330,-0.0608609099196020,0.0000000000000000,7.4666521997065507,2.9999219218744591,2.0013,-0.5649,-1.43638459,0.86950915,0,3.4e-15
1.0191008992168320,0.0,0.0000000000000000,0.0003018673125642,-0.0608606879645806,0.0000000000000000,7.4664521997065503,2.9999219644712465,2.0013,-0.5649,-1.43634514,0.86940117,0,4.7e-14
1.0191002588997793,0.0,0.0000000000000000,0.0003032066962827,-0.0608604660386378,0.0000000000000000,7.4662521997065507,2.9999220070698520,2.0013,-0.5650,-1.43630574,0.86929313,0,4.5e-14
1.0190996185501475,0.0,0.0000000000000000,0.0003045462190098,-0.0608602441417813,0.0000000000000000,7.4660521997065503,2.9999220496702779,2.0013,-0.5650,-1.43626637,0.86918504,0,3.7e-14
1.0190989781679660,0.0,0.0000000000000000,0.0003058858798045,-0.0608600222740136,0.0000000000000000,7.4658521997065508,2.9999220922725223,2.0013,-0.5651,-1.43622703,0.86907688,0,2.7e-14
1.0190983377532992,0.0,0.0000000000000000,0.0003072256785120,-0.0608598004353259,0.0000000000000000,7.4656521997065504,2.9999221348765865,2.0013,-0.5651,-1.43618773,0.86896866,0,4.1e-14
1.0190976973057508,0.0,0.0000000000000000,0.0003085656164919,-0.0608595786257968,0.0000000000000000,7.4654521997065508,2.9999221774824716,2.0013,-0.5652,-1.43614846,0.86886038,0,1.1e-14
1.0190970568258275,0.0,0.0000000000000000,0.0003099056926924,-0.0608593568453302,0.0000000000000000,7.4652521997065504,2.9999222200901765,2.0014,-0.5652,-1.43610924,0.86875204,0,2.7e-14
1.0190964163133178,0.0,0.0000000000000000,0.0003112459068394,-0.0608591350939754,0.0000000000000000,7.4650521997065509,2.9999222626997022,2.0014,-0.5653,-1.43607004,0.86864364,0,5.2e-14
1.0190957757681935,0.0,0.0000000000000000,0.0003125862601168,-0.0608589133717352,0.0000000000000000,7.4648521997065505,2.9999223053110500,2.0014,-0.5653,-1.43603089,0.86853518,0,3.5e-14
1.0190951351904873,0.0,0.0000000000000000,0.0003139267509284,-0.0608586916786153,0.0000000000000000,7.4646521997065509,2.9999223479242185,2.0014,-0.5654,-1.43599176,0.86842666,0,9.5e-15
1.0190944945799838,0.0,0.0000000000000000,0.0003152673816384,-0.0608584700146509,0.0000000000000000,7.4644521997065505,2.9999223905392096,2.0014,-0.5654,-1.43595268,0.86831808,0,3.9e-14
1.0190938539370946,0.0,0.0000000000000000,0.0003166081493834,-0.0608582483797768,0.0000000000000000,7.4642521997065510,2.9999224331560224,2.0014,-0.5655,-1.43591363,0.86820943,0,6.1e-14
1.0190932132615451,0.0,0.0000000000000000,0.0003179490560838,-0.0608580267740416,0.0000000000000000,7.4640521997065505,2.9999224757746581,2.0014,-0.5655,-1.43587461,0.86810073,0,1.2e-14
1.0190925725533728,0.0,0.0000000000000000,0.0003192901008036,-0.0608578051974479,0.0000000000000000,7.4638521997065510,2.9999225183951168,2.0014,-0.5656,-1.43583563,0.86799196,0,2.0e-14
1.0190919318124092,0.0,0.0000000000000000,0.0003206312854272,-0.0608575836500228,0.0000000000000000,7.4636521997065506,2.9999225610173990,2.0014,-0.5656,-1.43579669,0.86788314,0,2.7e-14
1.0190912910388441,0.0,0.0000000000000000,0.0003219726089208,-0.0608573621317369,0.0000000000000000,7.4634521997065502,2.9999226036415045,2.0015,-0.5657,-1.43575778,0.86777425,0,7.9e-14
1.0190906502327128,0.0,0.0000000000000000,0.0003233140691837,-0.0608571406425981,0.0000000000000000,7.4632521997065506,2.9999226462674344,2.0015,-0.5658,-1.43571891,0.86766530,0,8.0e-14
1.0190900093938811,0.0,0.0000000000000000,0.0003246556702393,-0.0608569191826154,0.0000000000000000,7.4630521997065502,2.9999226888951886,2.0015,-0.5658,-1.43568008,0.86755629,0,1.5e-13
1.0190893685226330,0.0,0.0000000000000000,0.0003259974065857,-0.0608566977517622,0.0000000000000000,7.4628521997065507,2.9999227315247672,2.0015,-0.5659,-1.43564128,0.86744722,0,1.6e-13
1.0190887276184692,0.0,0.0000000000000000,0.0003273392841796,-0.0608564763501181,0.0000000000000000,7.4626521997065502,2.9999227741561709,2.0015,-0.5659,-1.43560251,0.86733809,0,5.9e-14
1.0190880866817096,0.0,0.0000000000000000,0.0003286812999895,-0.0608562549776320,0.0000000000000000,7.4624521997065507,2.9999228167894008,2.0015,-0.5660,-1.43556379,0.86722890,0,7.9e-14
1.0190874457121941,0.0,0.0000000000000000,0.0003300234535689,-0.0608560336343440,0.0000000000000000,7.4622521997065503,2.9999228594244558,2.0015,-0.5660,-1.43552510,0.86711965,0,1.7e-13
1.0190868047102759,0.0,0.0000000000000000,0.0003313657468154,-0.0608558123201760,0.0000000000000000,7.4620521997065508,2.9999229020613369,2.0015,-0.5661,-1.43548644,0.86701033,0,3.9e-14
1.0190861636749879,0.0,0.0000000000000000,0.0003327081797070,-0.0608555910353322,0.0000000000000000,7.4618521997065503,2.9999229447000455,2.0016,-0.5661,-1.43544782,0.86690096,0,1.3e-13
1.0190855226077808,0.0,0.0000000000000000,0.0003340507500423,-0.0608553697795254,0.0000000000000000,7.4616521997065508,2.9999229873405802,2.0016,-0.5662,-1.43540923,0.86679152,0,5.0e-14
1.0190848815076534,0.0,0.0000000000000000,0.0003353934590194,-0.0608551485529622,0.0000000000000000,7.4614521997065504,2.9999230299829422,2.0016,-0.5662,-1.43537069,0.86668203,0,1.8e-14
1.0190842403746403,0.0,0.0000000000000000,0.0003367363081906,-0.0608549273556296,0.0000000000000000,7.4612521997065508,2.9999230726271318,2.0016,-0.5663,-1.43533217,0.86657247,0,5.0e-14
1.0190835992093308,0.0,0.0000000000000000,0.0003380792932433,-0.0608547061874336,0.0000000000000000,7.4610521997065504,2.9999231152731491,2.0016,-0.5663,-1.43529370,0.86646285,0,4.1e-15
1.0190829580109524,0.0,0.0000000000000000,0.0003394224197119,-0.0608544850485062,0.0000000000000000,7.4608521997065509,2.9999231579209953,2.0016,-0.5664,-1.43525526,0.86635317,0,1.2e-14
1.0190823167799192,0.0,0.0000000000000000,0.0003407656846538,-0.0608542639387833,0.0000000000000000,7.4606521997065505,2.9999232005706697,2.0016,-0.5664,-1.43521685,0.86624343,0,4.1e-14
1.0190816755162873,0.0,0.0000000000000000,0.0003421090877075,-0.0608540428582582,0.0000000000000000,7.4604521997065509,2.9999232432221734,2.0016,-0.5665,-1.43517848,0.86613363,0,7.1e-14
1.0190810342197840,0.0,0.0000000000000000,0.0003434526301257,-0.0608538218069837,0.0000000000000000,7.4602521997065505,2.9999232858755063,2.0017,-0.5665,-1.43514015,0.86602376,0,2.1e-14
1.0190803928906458,0.0,0.0000000000000000,0.0003447963114699,-0.0608536007849175,0.0000000000000000,7.4600521997065510,2.9999233285306688,2.0017,-0.5666,-1.43510186,0.86591384,0,7.0e-15
1.0190797515286234,0.0,0.0000000000000000,0.0003461401322734,-0.0608533797921109,0.0000000000000000,7.4598521997065506,2.9999233711876614,2.0017,-0.5666,-1.43506360,0.86580386,0,3.8e-14
1.0190791101340377,0.0,0.0000000000000000,0.0003474840905237,-0.0608531588285144,0.0000000000000000,7.4596521997065510,2.9999234138464845,2.0017,-0.5667,-1.43502537,0.86569381,0,6.9e-14
1.0190784687068297,0.0,0.0000000000000000,0.0003488281893625,-0.0608529378941253,0.0000000000000000,7.4594521997065506,2.9999234565071382,2.0017,-0.5667,-1.43498718,0.86558370,0,2.6e-13
1.0190778272465268,0.0,0.0000000000000000,0.0003501724258492,-0.0608527169890601,0.0000000000000000,7.4592521997065502,2.9999234991696233,2.0017,-0.5668,-1.43494903,0.86547353,0,2.0e-14
1.0190771857536998,0.0,0.0000000000000000,0.0003515168012698,-0.0608524961131996,0.0000000000000000,7.4590521997065506,2.9999235418339394,2.0017,-0.5668,-1.43491092,0.86536330,0,3.9e-14
1.0190765442279932,0.0,0.0000000000000000,0.0003528613163581,-0.0608522752666156,0.0000000000000000,7.4588521997065502,2.9999235845000878,2.0018,-0.5669,-1.43487284,0.86525301,0,2.3e-14
1.0190759026695380,0.0,0.0000000000000000,0.0003542059706924,-0.0608520544492875,0.0000000000000000,7.4586521997065507,2.9999236271680680,2.0018,-0.5669,-1.43483479,0.86514266,0,1.6e-14
1.0190752610782616,0.0,0.0000000000000000,0.0003555507647155,-0.0608518336612310,0.0000000000000000,7.4584521997065503,2.9999236698378811,2.0018,-0.5670,-1.43479678,0.86503225,0,6.0e-14
1.0190746194544142,0.0,0.0000000000000000,0.0003568956965116,-0.0608516129024084,0.0000000000000000,7.4582521997065507,2.9999237125095268,2.0018,-0.5670,-1.43475881,0.86492177,0,8.1e-14
1.0190739777975824,0.0,0.0000000000000000,0.0003582407680045,-0.0608513921729003,0.0000000000000000,7.4580521997065503,2.9999237551830062,2.0018,-0.5671,-1.43472088,0.86481124,0,7.0e-14
1.0190733361080015,0.0,0.0000000000000000,0.0003595859784989,-0.0608511714726636,0.0000000000000000,7.4578521997065508,2.9999237978583184,2.0018,-0.5671,-1.43468298,0.86470064,0,3.8e-14
1.0190726943857555,0.0,0.0000000000000000,0.0003609313275804,-0.0608509508016839,0.0000000000000000,7.4576521997065504,2.9999238405354656,2.0018,-0.5672,-1.43464512,0.86458998,0,3.0e-13
1.0190720526304353,0.0,0.0000000000000000,0.0003622768169913,-0.0608507301600516,0.0000000000000000,7.4574521997065508,2.9999238832144464,2.0018,-0.5672,-1.43460729,0.86447926,0,5.5e-14
1.0190714108425496,0.0,0.0000000000000000,0.0003636224441758,-0.0608505095476669,0.0000000000000000,7.4572521997065504,2.9999239258952621,2.0019,-0.5673,-1.43456950,0.86436848,0,3.1e-14
1.0190707690217251,0.0,0.0000000000000000,0.0003649682117377,-0.0608502889646011,0.0000000000000000,7.4570521997065509,2.9999239685779120,2.0019,-0.5673,-1.43453174,0.86425764,0,8.5e-15
1.0190701271682068,0.0,0.0000000000000000,0.0003663141175545,-0.0608500684108183,0.0000000000000000,7.4568521997065504,2.9999240112623982,2.0019,-0.5674,-1.43449402,0.86414673,0,4.8e-14
1.0190694852817308,0.0,0.0000000000000000,0.0003676601635712,-0.0608498478863667,0.0000000000000000,7.4566521997065509,2.9999240539487202,2.0019,-0.5674,-1.43445634,0.86403577,0,3.1e-14
1.0190688433625128,0.0,0.0000000000000000,0.0003690063484566,-0.0608496273912116,0.0000000000000000,7.4564521997065505,2.9999240966368776,2.0019,-0.5675,-1.43441870,0.86392474,0,1.3e-14
1.0190682014104868,0.0,0.0000000000000000,0.0003703526724487,-0.0608494069253710,0.0000000000000000,7.4562521997065510,2.9999241393268714,2.0019,-0.5675,-1.43438109,0.86381365,0,6.2e-14
1.0190675594255141,0.0,0.0000000000000000,0.0003716991357704,-0.0608491864888751,0.0000000000000000,7.4560521997065505,2.9999241820187033,2.0019,-0.5676,-1.43434351,0.86370250,0,1.5e-14
1.0190669174077442,0.0,0.0000000000000000,0.0003730457386329,-0.0608489660816951,0.0000000000000000,7.4558521997065510,2.9999242247123710,2.0020,-0.5676,-1.43430598,0.86359129,0,1.5e-14
1.0190662753571735,0.0,0.0000000000000000,0.0003743924804058,-0.0608487457038389,0.0000000000000000,7.4556521997065506,2.9999242674078763,2.0020,-0.5677,-1.43426848,0.86348002,0,1.8e-14
1.0190656332735555,0.0,0.0000000000000000,0.0003757393620940,-0.0608485253553560,0.0000000000000000,7.4554521997065502,2.9999243101052202,2.0020,-0.5678,-1.43423101,0.86336869,0,1.9e-13
1.0190649911573513,0.0,0.0000000000000000,0.0003770863824018,-0.0608483050361633,0.0000000000000000,7.4552521997065506,2.9999243528044022,2.0020,-0.5678,-1.43419358,0.86325729,0,2.0e-14
1.0190643490081548,0.0,0.0000000000000000,0.0003784335429455,-0.0608480847463371,0.0000000000000000,7.4550521997065502,2.9999243955054227,2.0020,-0.5679,-1.43415619,0.86314584,0,8.2e-14
1.0190637068260804,0.0,0.0000000000000000,0.0003797808416518,-0.0608478644858710,0.0000000000000000,7.4548521997065507,2.9999244382082821,2.0020,-0.5679,-1.43411884,0.86303432,0,9.9e-14
1.0190630646112302,0.0,0.0000000000000000,0.0003811282804101,-0.0608476442547362,0.0000000000000000,7.4546521997065502,2.9999244809129801,2.0020,-0.5680,-1.43408152,0.86292274,0,4.8e-14
1.0190624223633562,0.0,0.0000000000000000,0.0003824758592356,-0.0608474240529872,0.0000000000000000,7.4544521997065507,2.9999245236195184,2.0021,-0.5680,-1.43404423,0.86281110,0,2.1e-14
1.0190617800827209,0.0,0.0000000000000000,0.0003838235768925,-0.0608472038805810,0.0000000000000000,7.4542521997065503,2.9999245663278962,2.0021,-0.5681,-1.43400699,0.86269940,0,1.8e-14
1.0190611377690464,0.0,0.0000000000000000,0.0003851714337966,-0.0608469837375770,0.0000000000000000,7.4540521997065508,2.9999246090381151,2.0021,-0.5681,-1.43396978,0.86258763,0,1.5e-13
1.0190604954225764,0.0,0.0000000000000000,0.0003865194320545,-0.0608467636239148,0.0000000000000000,7.4538521997065503,2.9999246517501743,2.0021,-0.5682,-1.43393260,0.86247581,0,9.6e-14
1.0190598530431612,0.0,0.0000000000000000,0.0003878675675367,-0.0608465435396553,0.0000000000000000,7.4536521997065508,2.9999246944640743,2.0021,-0.5682,-1.43389547,0.86236392,0,6.7e-14
1.0190592106308087,0.0,0.0000000000000000,0.0003892158434665,-0.0608463234847810,0.0000000000000000,7.4534521997065504,2.9999247371798154,2.0021,-0.5683,-1.43385836,0.86225197,0,2.6e-14
1.0190585681855751,0.0,0.0000000000000000,0.0003905642587565,-0.0608461034592894,0.0000000000000000,7.4532521997065508,2.9999247798973991,2.0021,-0.5683,-1.43382130,0.86213996,0,3.4e-14
1.0190579257074153,0.0,0.0000000000000000,0.0003919128140743,-0.0608458834631900,0.0000000000000000,7.4530521997065504,2.9999248226168254,2.0022,-0.5684,-1.43378427,0.86202789,0,1.2e-14
1.0190572831964415,0.0,0.0000000000000000,0.0003932615084375,-0.0608456634964693,0.0000000000000000,7.4528521997065509,2.9999248653380932,2.0022,-0.5684,-1.43374728,0.86191576,0,6.5e-14
1.0190566406523345,0.0,0.0000000000000000,0.0003946103424769,-0.0608454435591947,0.0000000000000000,7.4526521997065505,2.9999249080612040,2.0022,-0.5685,-1.43371033,0.86180356,0,1.6e-14
1.0190559980754024,0.0,0.0000000000000000,0.0003959593166448,-0.0608452236513018,0.0000000000000000,7.4524521997065509,2.9999249507861583,2.0022,-0.5685,-1.43367341,0.86169131,0,6.8e-14
1.0190553554655177,0.0,0.0000000000000000,0.0003973084296285,-0.0608450037728291,0.0000000000000000,7.4522521997065505,2.9999249935129555,2.0022,-0.5686,-1.43363653,0.86157899,0,9.5e-14
1.0190547128227201,0.0,0.0000000000000000,0.0003986576831568,-0.0608447839237616,0.0000000000000000,7.4520521997065510,2.9999250362415975,2.0022,-0.5686,-1.43359968,0.86146661,0,2.5e-14
1.0190540701469744,0.0,0.0000000000000000,0.0004000070750249,-0.0608445641041251,0.0000000000000000,7.4518521997065506,2.9999250789720833,2.0022,-0.5687,-1.43356287,0.86135417,0,1.5e-14
1.0190534274382268,0.0,0.0000000000000000,0.0004013566081454,-0.0608443443139144,0.0000000000000000,7.4516521997065510,2.9999251217044134,2.0023,-0.5687,-1.43352610,0.86124166,0,7.9e-14
1.0190527846965418,0.0,0.0000000000000000,0.0004027062800617,-0.0608441245531374,0.0000000000000000,7.4514521997065506,2.9999251644385891,2.0023,-0.5688,-1.43348936,0.86112910,0,6.3e-14
1.0190521419216869,0.0,0.0000000000000000,0.0004040560933525,-0.0608439048218284,0.0000000000000000,7.4512521997065502,2.9999252071746096,2.0023,-0.5688,-1.43345266,0.86101647,0,5.6e-14
1.0190514991141009,0.0,0.0000000000000000,0.0004054060447296,-0.0608436851199216,0.0000000000000000,7.4510521997065506,2.9999252499124762,2.0023,-0.5689,-1.43341600,0.86090378,0,3.1e-14
1.0190508562735492,0.0,0.0000000000000000,0.0004067561355020,-0.0608434654474605,0.0000000000000000,7.4508521997065502,2.9999252926521880,2.0023,-0.5689,-1.43337937,0.86079103,0,5.7e-14
1.0190502133998189,0.0,0.0000000000000000,0.0004081063676741,-0.0608432458044813,0.0000000000000000,7.4506521997065507,2.9999253353937476,2.0023,-0.5690,-1.43334278,0.86067822,0,3.9e-14
1.0190495704932223,0.0,0.0000000000000000,0.0004094567385448,-0.0608430261909402,0.0000000000000000,7.4504521997065503,2.9999253781371529,2.0024,-0.5690,-1.43330623,0.86056535,0,7.0e-14
1.0190489275537249,0.0,0.0000000000000000,0.0004108072488518,-0.0608428066068413,0.0000000000000000,7.4502521997065507,2.9999254208824055,2.0024,-0.5691,-1.43326971,0.86045241,0,8.5e-14
1.0190482845810434,0.0,0.0000000000000000,0.0004121579007770,-0.0608425870522359,0.0000000000000000,7.4500521997065503,2.9999254636295061,2.0024,-0.5692,-1.43323323,0.86033941,0,3.4e-14
1.0190476415754217,0.0,0.0000000000000000,0.0004135086916478,-0.0608423675270927,0.0000000000000000,7.4498521997065508,2.9999255063784540,2.0024,-0.5692,-1.43319679,0.86022635,0,4.8e-14
1.0190469985367607,0.0,0.0000000000000000,0.0004148596226274,-0.0608421480314307,0.0000000000000000,7.4496521997065503,2.9999255491292502,2.0024,-0.5693,-1.43316038,0.86011323,0,2.8e-14
1.0190463554651299,0.0,0.0000000000000000,0.0004162106932677,-0.0608419285652394,0.0000000000000000,7.4494521997065508,2.9999255918818948,2.0024,-0.5693,-1.43312401,0.86000005,0,1.8e-14
1.0190457123603753,0.0,0.0000000000000000,0.0004175619042374,-0.0608417091285523,0.0000000000000000,7.4492521997065504,2.9999256346363889,2.0024,-0.5694,-1.43308768,0.85988680,0,7.9e-14
1.0190450692227031,0.0,0.0000000000000000,0.0004189132542631,-0.0608414897213373,0.0000000000000000,7.4490521997065509,2.9999256773927323,2.0025,-0.5694,-1.43305138,0.85977350,0,3.2e-14
1.0190444260520353,0.0,0.0000000000000000,0.0004202647445633,-0.0608412703436071,0.0000000000000000,7.4488521997065504,2.9999257201509244,2.0025,-0.5695,-1.43301512,0.85966013,0,5.7e-14
1.0190437828481469,0.0,0.0000000000000000,0.0004216163757839,-0.0608410509954080,0.0000000000000000,7.4486521997065509,2.9999257629109666,2.0025,-0.5695,-1.43297890,0.85954670,0,2.0e-14
1.0190431396115214,0.0,0.0000000000000000,0.0004229681453817,-0.0608408316766596,0.0000000000000000,7.4484521997065505,2.9999258056728597,2.0025,-0.5696,-1.43294272,0.85943321,0,4.4e-14
1.0190424963415188,0.0,0.0000000000000000,0.0004243200568204,-0.0608406123874774,0.0000000000000000,7.4482521997065509,2.9999258484366038,2.0025,-0.5696,-1.43290657,0.85931965,0,1.1e-14
1.0190418530385048,0.0,0.0000000000000000,0.0004256721074870,-0.0608403931278053,0.0000000000000000,7.4480521997065505,2.9999258912021980,2.0025,-0.5697,-1.43287045,0.85920603,0,8.0e-14
1.0190412097026305,0.0,0.0000000000000000,0.0004270242981291,-0.0608401738976097,0.0000000000000000,7.4478521997065510,2.9999259339696440,2.0026,-0.5697,-1.43283438,0.85909236,0,1.3e-14
1.0190405663334412,0.0,0.0000000000000000,0.0004283766294875,-0.0608399546969872,0.0000000000000000,7.4476521997065506,2.9999259767389415,2.0026,-0.5698,-1.43279834,0.85897862,0,3.7e-14
1.0190399229312705,0.0,0.0000000000000000,0.0004297291010309,-0.0608397355258726,0.0000000000000000,7.4474521997065501,2.9999260195100921,2.0026,-0.5698,-1.43276233,0.85886481,0,5.5e-14
1.0190392794961260,0.0,0.0000000000000000,0.0004310817114326,-0.0608395163842783,0.0000000000000000,7.4472521997065506,2.9999260622830941,2.0026,-0.5699,-1.43272637,0.85875095,0,1.6e-14
1.0190358750395923,0.0,-0.0000000000000000,0.0004382396376211,-0.0608383575713702,0.0000000000000000,7.4461941581673292,2.9999262885919968,2.0027,-0.5702,-1.43253671,0.85814755,0,1.1e-13
1.0190322993514176,0.0,-0.0000000000000000,0.0004457597090318,-0.0608371417044127,0.0000000000000000,7.4450832109978586,2.9999265262729713,2.0028,-0.5704,-1.43233869,0.85751211,0,3.0e-13
1.0190287646549772,0.0,0.0000000000000000,0.0004531957124332,-0.0608359410148781,0.0000000000000000,7.4439853119341191,2.9999267612186595,2.0029,-0.5707,-1.43214411,0.85688225,0,1.4e-13
1.0190251263967016,0.0,-0.0000000000000000,0.0004608518045760,-0.0608347064329415,0.0000000000000000,7.4428555700295016,2.9999270030370511,2.0030,-0.5710,-1.43194505,0.85623216,0,3.0e-13
1.0190213815099312,0.0,0.0000000000000000,0.0004687346336221,-0.0608334370312750,0.0000000000000000,7.4416930616216321,2.9999272519310098,2.0031,-0.5713,-1.43174145,0.85556114,0,4.0e-13
1.0190175268355837,0.0,0.0000000000000000,0.0004768510555395,-0.0608321318589499,0.0000000000000000,7.4404968362480268,2.9999275081094994,2.0032,-0.5717,-1.43153326,0.85486845,0,4.0e-13
1.0190137162641248,0.0,0.0000000000000000,0.0004848771015666,-0.0608308430595451,0.0000000000000000,7.4393146602715987,2.9999277613447761,2.0033,-0.5720,-1.43132882,0.85418171,0,2.5e-13
1.0190098724156942,0.0,0.0000000000000000,0.0004929757418749,-0.0608295444556958,0.0000000000000000,7.4381225260743893,2.9999280167792755,2.0034,-0.5723,-1.43112398,0.85348696,0,2.7e-14
1.0190059158447546,0.0,-0.0000000000000000,0.0005013145056684,-0.0608282092914254,0.0000000000000000,7.4368958155521279,2.9999282796916558,2.0035,-0.5726,-1.43091458,0.85276974,0,2.1e-13
1.0190017600789361,0.0,-0.0000000000000000,0.0005100759549926,-0.0608268085700131,0.0000000000000000,7.4356077647395296,2.9999285558264517,2.0036,-0.5729,-1.43069623,0.85201411,0,2.4e-13
1.0189978144742300,0.0,0.0000000000000000,0.0005183970491594,-0.0608254802606401,0.0000000000000000,7.4343852491562492,2.9999288179835673,2.0038,-0.5733,-1.43049043,0.85129451,0,1.4e-14
1.0189937531276305,0.0,-0.0000000000000000,0.0005269650026455,-0.0608241145897344,0.0000000000000000,7.4331272759627547,2.9999290878174101,2.0039,-0.5736,-1.43028012,0.85055159,0,1.7e-13
1.0189894872722902,0.0,0.0000000000000000,0.0005359674149000,-0.0608226819023829,0.0000000000000000,7.4318063991066685,2.9999293712239967,2.0040,-0.5740,-1.43006091,0.84976883,0,2.0e-13
1.0189851840009834,0.0,0.0000000000000000,0.0005450519219052,-0.0608212384675439,0.0000000000000000,7.4304743951138246,2.9999296571010854,2.0042,-0.5743,-1.42984152,0.84897669,0,2.0e-13
1.0189808429716194,0.0,0.0000000000000000,0.0005542193275296,-0.0608197842185010,0.0000000000000000,7.4291311702056415,2.9999299454710129,2.0043,-0.5747,-1.42962198,0.84817504,0,2.1e-13
1.0189762832419695,0.0,-0.0000000000000000,0.0005638520329884,-0.0608182587065761,0.0000000000000000,7.4277207783549217,2.9999302483521961,2.0044,-0.5751,-1.42939330,0.84733022,0,3.3e-13
1.0189715895146092,0.0,0.0000000000000000,0.0005737715058236,-0.0608166905066901,0.0000000000000000,7.4262694789540875,2.9999305601162831,2.0046,-0.5754,-1.42915996,0.84645760,0,2.5e-13
1.0189667577973514,0.0,-0.0000000000000000,0.0005839865063732,-0.0608150784742909,0.0000000000000000,7.4247760853225024,2.9999308810268701,2.0048,-0.5758,-1.42892196,0.84555618,0,3.7e-13
1.0189618834718090,0.0,0.0000000000000000,0.0005942956031193,-0.0608134545605292,0.0000000000000000,7.4232701104884073,2.9999312047479019,2.0049,-0.5763,-1.42868410,0.84464357,0,2.8e-13
1.0189569661443150,0.0,0.0000000000000000,0.0006046997337298,-0.0608118186961922,0.0000000000000000,7.4217514484057325,2.9999315313050325,2.0051,-0.5767,-1.42844644,0.84371961,0,2.3e-13
1.0189519041571875,0.0,0.0000000000000000,0.0006154142212343,-0.0608101372003047,0.0000000000000000,7.4201887379627216,2.9999318674481641,2.0053,-0.5771,-1.42820420,0.84276500,0,1.0e-13
1.0189467974320845,0.0,0.0000000000000000,0.0006262278077073,-0.0608084434061810,0.0000000000000000,7.4186128620325222,2.9999322065408092,2.0055,-0.5775,-1.42796231,0.84179838,0,2.5e-13
1.0189417486122188,0.0,0.0000000000000000,0.0006369231248390,-0.0608067713487535,0.0000000000000000,7.4170554926464956,2.9999325417674472,2.0057,-0.5779,-1.42772560,0.84083921,0,2.2e-14
1.0189365512050244,0.0,0.0000000000000000,0.0006479377194781,-0.0608050527112088,0.0000000000000000,7.4154529520303711,2.9999328868380259,2.0059,-0.5784,-1.42748448,0.83984814,0,2.7e-13
1.0189312007705860,0.0,0.0000000000000000,0.0006592813977171,-0.0608032862579123,0.0000000000000000,7.4138039297798866,2.9999332420454201,2.0061,-0.5788,-1.42723897,0.83882401,0,1.3e-13
1.0189256927323154,0.0,0.0000000000000000,0.0006709642836818,-0.0608014707244305,0.0000000000000000,7.4121070774641247,2.9999336076914478,2.0063,-0.5793,-1.42698910,0.83776559,0,3.8e-13
1.0189201358049038,0.0,-0.0000000000000000,0.0006827560719034,-0.0607996421124878,0.0000000000000000,7.4103959288717682,2.9999339765578279,2.0065,-0.5798,-1.42673997,0.83669354,0,5.2e-14
1.0189144150907372,0.0,0.0000000000000000,0.0006949008755916,-0.0607977627894004,0.0000000000000000,7.4086351479135581,2.9999343562699963,2.0067,-0.5803,-1.42648661,0.83558544,0,2.2e-13
1.0189086434962022,0.0,-0.0000000000000000,0.0007071593077154,-0.0607958700274690,0.0000000000000000,7.4068595317366199,2.9999347393323288,2.0070,-0.5807,-1.42623419,0.83446291,0,3.4e-13
1.0189027016790315,0.0,-0.0000000000000000,0.0007197851656328,-0.0607939248797399,0.0000000000000000,7.4050324129489482,2.9999351336640849,2.0072,-0.5812,-1.42597769,0.83330246,0,3.1e-13
1.0188965845304814,0.0,-0.0000000000000000,0.0007327898243482,-0.0607919259787024,0.0000000000000000,7.4031522974088073,2.9999355396018261,2.0075,-0.5818,-1.42571719,0.83210266,0,3.5e-13
1.0188902867835308,0.0,0.0000000000000000,0.0007461850308063,-0.0607898719264282,0.0000000000000000,7.4012176476096236,2.9999359574924749,2.0078,-0.5823,-1.42545279,0.83086203,0,3.0e-13
1.0188838030070635,0.0,-0.0000000000000000,0.0007599829203932,-0.0607877612943860,0.0000000000000000,7.3992268814238376,2.9999363876936513,2.0080,-0.5829,-1.42518461,0.82957901,0,4.7e-13
1.0188773920149483,0.0,0.0000000000000000,0.0007736329009835,-0.0607856784409728,0.0000000000000000,7.3972594916987227,2.9999368130321162,2.0083,-0.5834,-1.42492345,0.82830466,0,2.6e-13
1.0188707915819375,0.0,0.0000000000000000,0.0007876934795704,-0.0607835382853527,0.0000000000000000,7.3952350357502912,2.9999372509043845,2.0086,-0.5840,-1.42465877,0.82698669,0,2.1e-13
1.0188639960008181,0.0,-0.0000000000000000,0.0008021774540009,-0.0607813393541187,0.0000000000000000,7.3931518579647895,2.9999377016860524,2.0090,-0.5846,-1.42439070,0.82562342,0,3.5e-13
1.0188569993856744,0.0,-0.0000000000000000,0.0008170980476451,-0.0607790801427954,0.0000000000000000,7.3910082546754978,2.9999381657643607,2.0093,-0.5852,-1.42411941,0.82421311,0,2.9e-13
1.0188499397814912,0.0,-0.0000000000000000,0.0008321613346847,-0.0607768054991265,0.0000000000000000,7.3888465883306624,2.9999386339807721,2.0096,-0.5858,-1.42385054,0.82278318,0,2.9e-13
1.0188426711673662,0.0,0.0000000000000000,0.0008476793690862,-0.0607744686620178,0.0000000000000000,7.3866222193094426,2.9999391160176123,2.0100,-0.5864,-1.42357883,0.82130366,0,3.7e-13
1.0188351872218357,0.0,0.0000000000000000,0.0008636664227484,-0.0607720680577555,0.0000000000000000,7.3843333284004986,2.9999396122904662,2.0104,-0.5871,-1.42330449,0.81977260,0,1.3e-13
1.0188276355870738,0.0,0.0000000000000000,0.0008798076337789,-0.0607696513583071,0.0000000000000000,7.3820251491992774,2.9999401130064829,2.0108,-0.5877,-1.42303326,0.81821976,0,2.6e-13
1.0188200156050766,0.0,-0.0000000000000000,0.0008961046628791,-0.0607672185065546,0.0000000000000000,7.3796975190418426,2.9999406182081403,2.0112,-0.5884,-1.42276528,0.81664476,0,4.2e-14
1.0188121696423538,0.0,-0.0000000000000000,0.0009128952107015,-0.0607647195107175,0.0000000000000000,7.3773023710202859,2.9999411383438535,2.0116,-0.5891,-1.42249535,0.81501456,0,1.8e-13
1.0188040908407701,0.0,0.0000000000000000,0.0009301948569545,-0.0607621527222186,0.0000000000000000,7.3748377461533154,2.9999416738640612,2.0120,-0.5898,-1.42222379,0.81332694,0,1.0e-13
1.0187957721243077,0.0,0.0000000000000000,0.0009480197131081,-0.0607595164615218,0.0000000000000000,7.3723016285957854,2.9999422252333456,2.0125,-0.5905,-1.42195093,0.81157963,0,2.3e-13
1.0187873775689766,0.0,0.0000000000000000,0.0009660188584965,-0.0607568631143671,0.0000000000000000,7.3697441375703940,2.9999427815736626,2.0130,-0.5913,-1.42168256,0.80980651,0,1.0e-13
1.0187787334844780,0.0,-0.0000000000000000,0.0009845653976202,-0.0607541381908778,0.0000000000000000,7.3671124593440434,2.9999433543929928,2.0134,-0.5920,-1.42141356,0.80797031,0,1.5e-13
1.0187698322623002,0.0,0.0000000000000000,0.0010036767521437,-0.0607513399451864,0.0000000000000000,7.3644044413319145,2.9999439441904552,2.0140,-0.5928,-1.42114437,0.80606846,0,3.7e-13
1.0187608494416109,0.0,-0.0000000000000000,0.0010229767782009,-0.0607485240077573,0.0000000000000000,7.3616735997961964,2.9999445393313668,2.0145,-0.5936,-1.42088075,0.80413782,0,1.7e-14
1.0187515991330076,0.0,0.0000000000000000,0.0010428656557001,-0.0607456325772373,0.0000000000000000,7.3588635411597716,2.9999451521279030,2.0151,-0.5945,-1.42061774,0.80213775,0,1.4e-13
1.0187420731512817,0.0,-0.0000000000000000,0.0010633622396550,-0.0607426638444060,0.0000000000000000,7.3559719668136232,2.9999457831165355,2.0157,-0.5953,-1.42035590,0.80006540,0,1.4e-13
1.0187322630469298,0.0,-0.0000000000000000,0.0010844860428785,-0.0607396159716315,0.0000000000000000,7.3529965114143510,2.9999464328508361,2.0163,-0.5962,-1.42009581,0.79791776,0,3.2e-13
1.0187225603325183,0.0,0.0000000000000000,0.0011053944541426,-0.0607366108536538,0.0000000000000000,7.3500559867774902,2.9999470753986488,2.0169,-0.5971,-1.41984815,0.79578015,0,2.5e-13
1.0187123640531766,0.0,0.0000000000000000,0.0011273834243823,-0.0607334629348258,0.0000000000000000,7.3469684093122920,2.9999477505530168,2.0176,-0.5980,-1.41959816,0.79351936,0,1.3e-13
1.0187018630435547,0.0,0.0000000000000000,0.0011500477386874,-0.0607302317212657,0.0000000000000000,7.3437912632340536,2.9999484458008752,2.0183,-0.5989,-1.41935176,0.79117547,0,2.1e-13
1.0186910479095632,0.0,0.0000000000000000,0.0011734092918084,-0.0607269152934086,0.0000000000000000,7.3405219493879974,2.9999491617568261,2.0190,-0.5999,-1.41910972,0.78874498,0,2.9e-13
1.0186803502461543,0.0,-0.0000000000000000,0.0011965363190668,-0.0607236463143752,0.0000000000000000,7.3372910134029112,2.9999498698473110,2.0198,-0.6009,-1.41888208,0.78632438,0,2.4e-13
1.0186691074167513,0.0,0.0000000000000000,0.0012208625163135,-0.0607202229957766,0.0000000000000000,7.3338984986519673,2.9999506139278393,2.0206,-0.6019,-1.41865547,0.78376272,0,5.9e-14
1.0186575275166807,0.0,-0.0000000000000000,0.0012459400816144,-0.0607167101733110,0.0000000000000000,7.3304075662838573,2.9999513802149789,2.0214,-0.6030,-1.41843564,0.78110523,0,1.5e-13
1.0186456000884283,0.0,0.0000000000000000,0.0012717936312984,-0.0607131058612155,0.0000000000000000,7.3268153601907064,2.9999521693919022,2.0223,-0.6041,-1.41822366,0.77834776,0,1.6e-13
1.0186333143279733,0.0,-0.0000000000000000,0.0012984486746551,-0.0607094080554028,0.0000000000000000,7.3231189413251911,2.9999529821641078,2.0232,-0.6052,-1.41802068,0.77548595,0,3.1e-13
1.0186206590719029,0.0,0.0000000000000000,0.0013259316495448,-0.0607056147356198,0.0000000000000000,7.3193152852868444,2.9999538192602295,2.0242,-0.6064,-1.41782796,0.77251519,0,3.5e-13
1.0186078836471428,0.0,0.0000000000000000,0.0013537026215968,-0.0607018015603656,0.0000000000000000,7.3154795597211750,2.9999546641816059,2.0252,-0.6076,-1.41765031,0.76949263,0,2.2e-14
1.0185947234233299,0.0,-0.0000000000000000,0.0013823384411743,-0.0606978905195985,0.0000000000000000,7.3115325540604301,2.9999555344229707,2.0263,-0.6088,-1.41748511,0.76635416,0,3.8e-14
1.0185811663499742,0.0,0.0000000000000000,0.0014118678755291,-0.0606938795758132,0.0000000000000000,7.3074710386555717,2.9999564307699473,2.0274,-0.6101,-1.41733388,0.76309462,0,7.9e-14
1.0185671999701063,0.0,-0.0000000000000000,0.0014423207608221,-0.0606897666847028,0.0000000000000000,7.3032916900552962,2.9999573540342652,2.0286,-0.6114,-1.41719827,0.75970852,0,9.9e-14
1.0185528114047064,0.0,-0.0000000000000000,0.0014737280484310,-0.0606855497985518,0.0000000000000000,7.2989910882777176,2.9999583050547480,2.0298,-0.6128,-1.41708007,0.75619012,0,1.9e-13
1.0185379873364506,0.0,0.0000000000000000,0.0015061218538388,-0.0606812268700041,0.0000000000000000,7.2945657140027054,2.9999592846983330,2.0311,-0.6142,-1.41698118,0.75253335,0,2.6e-13
1.0185227139925999,0.0,-0.0000000000000000,0.0015395355085051,-0.0606767958562437,0.0000000000000000,7.2900119456828145,2.9999602938611494,2.0325,-0.6156,-1.41690370,0.74873181,0,2.9e-13
1.0185069771270865,0.0,-0.0000000000000000,0.0015740036143611,-0.0606722547236072,0.0000000000000000,7.2853260565698639,2.9999613334696367,2.0340,-0.6171,-1.41684987,0.74477875,0,3.6e-13
1.0184910865193428,0.0,-0.0000000000000000,0.0016088500330711,-0.0606676943220903,0.0000000000000000,7.2806006482068604,2.9999623830491942,2.0355,-0.6187,-1.41682238,0.74074972,0,3.1e-13
1.0184747127368730,0.0,0.0000000000000000,0.0016447996702766,-0.0606630216498703,0.0000000000000000,7.2757381370005199,2.9999634643484772,2.0371,-0.6202,-1.41682243,0.73655880,0,2.2e-13
1.0184578403580655,0.0,0.0000000000000000,0.0016818903359925,-0.0606582347321850,0.0000000000000000,7.2707345432115567,2.9999645783690743,2.0387,-0.6219,-1.41685272,0.73219830,0,1.3e-13
1.0184404534223392,0.0,0.0000000000000000,0.0017201613140314,-0.0606533316230013,0.0000000000000000,7.2655857714790857,2.9999657261470203,2.0405,-0.6236,-1.41691617,0.72766010,0,5.2e-14
1.0184239273798266,0.0,-0.0000000000000000,0.0017565835657232,-0.0606486993360135,0.0000000000000000,7.2606989121673831,2.9999668168909395,2.0422,-0.6252,-1.41700695,0.72330437,0,5.5e-14
1.0184068977912306,0.0,0.0000000000000000,0.0017941626823582,-0.0606439545224225,0.0000000000000000,7.2556702638912025,2.9999679406634505,2.0440,-0.6268,-1.41713167,0.71877271,0,1.1e-13
1.0183893485181195,0.0,0.0000000000000000,0.0018329385461356,-0.0606390953237932,0.0000000000000000,7.2504957107915002,2.9999690985116665,2.0459,-0.6286,-1.41729347,0.71405670,0,9.3e-14
1.0183712628536346,0.0,-0.0000000000000000,0.0018729526083734,-0.0606341199227725,0.0000000000000000,7.2451710174285706,2.9999702915189927,2.0478,-0.6303,-1.41749567,0.70914744,0,5.5e-14
1.0183526234992388,0.0,-0.0000000000000000,0.0019142479631847,-0.0606290265511407,0.0000000000000000,7.2396918253024403,2.9999715208065920,2.0499,-0.6322,-1.41774191,0.70403552,0,1.4e-13
1.0183334125400973,0.0,-0.0000000000000000,0.0019568694255517,-0.0606238134986851,0.0000000000000000,7.2340536492719467,2.9999727875349222,2.0521,-0.6341,-1.41803608,0.69871098,0,6.1e-14
1.0183136114194093,0.0,-0.0000000000000000,0.0020008636137099,-0.0606184791228685,0.0000000000000000,7.2282518738692882,2.9999740929053571,2.0545,-0.6361,-1.41838238,0.69316327,0,5.7e-14
1.0182932009112455,0.0,0.0000000000000000,0.0020462790359281,-0.0606130218594995,0.0000000000000000,7.2222817495064637,2.9999754381618833,2.0569,-0.6381,-1.41878534,0.68738123,0,2.6e-14
1.0182721610920158,0.0,-0.0000000000000000,0.0020931661837272,-0.0606074402343550,0.0000000000000000,7.2161383885726735,2.9999768245928902,2.0595,-0.6403,-1.41924984,0.68135301,0,9.7e-14
1.0182504713105849,0.0,0.0000000000000000,0.0021415776290027,-0.0606017328759224,0.0000000000000000,7.2098167614160786,2.9999782535330501,2.0623,-0.6425,-1.41978116,0.67506606,0,6.8e-14
1.0182281101565411,0.0,0.0000000000000000,0.0021915681280661,-0.0605958985293912,0.0000000000000000,7.2033116922093940,2.9999797263653045,2.0651,-0.6447,-1.42038498,0.66850707,0,1.6e-13
1.0182050554269650,0.0,0.0000000000000000,0.0022431947315308,-0.0605899360719303,0.0000000000000000,7.1966178546945070,2.9999812445229468,2.0682,-0.6471,-1.42106742,0.66166187,0,1.3e-13
1.0181812840912534,0.0,0.0000000000000000,0.0022965169015336,-0.0605838445294315,0.0000000000000000,7.1897297678035130,2.9999828094918315,2.0714,-0.6496,-1.42183510,0.65451545,0,4.1e-14
1.0181567722541758,0.0,0.0000000000000000,0.0023515966351521,-0.0605776230948226,0.0000000000000000,7.1826417911508464,2.9999844228126955,2.0748,-0.6521,-1.42269516,0.64705183,0,2.0e-14
1.0181320011952388,0.0,-0.0000000000000000,0.0024073583304414,-0.0605713976864575,0.0000000000000000,7.1754939930540429,2.9999860527871016,2.0783,-0.6547,-1.42363533,0.63941114,0,8.5e-14
1.0181064560716324,0.0,0.0000000000000000,0.0024649671452587,-0.0605650429062760,0.0000000000000000,7.1681387640571455,2.9999877332699398,2.0820,-0.6573,-1.42468010,0.63142773,0,2.9e-14
1.0180801108006663,0.0,-0.0000000000000000,0.0025244916229167,-0.0605585584682702,0.0000000000000000,7.1605700806191637,2.9999894659406099,2.0859,-0.6601,-1.42583808,0.62308302,0,1.1e-13
1.0180529382948018,0.0,0.0000000000000000,0.0025860033209524,-0.0605519443306287,0.0000000000000000,7.1527817440884576,2.9999912525421921,2.0901,-0.6630,-1.42711856,0.61435717,0,1.7e-13
1.0180254716357755,0.0,-0.0000000000000000,0.0026483027442588,-0.0605453349696238,0.0000000000000000,7.1449276620714173,2.9999930579989096,2.0944,-0.6659,-1.42850237,0.60541311,0,1.4e-13
1.0179971394895062,0.0,0.0000000000000000,0.0027126934771059,-0.0605385979126271,0.0000000000000000,7.1368456391943695,2.9999949198394558,2.0989,-0.6689,-1.43002462,0.59605596,0,1.1e-13
1.0179679122131520,0.0,0.0000000000000000,0.0027792549071805,-0.0605317338647800,0.0000000000000000,7.1285290556623853,2.9999968399687256,2.1037,-0.6720,-1.43169656,0.58626250,0,1.0e-13
1.0179371427972950,0.0,0.0000000000000000,0.0028494778255218,-0.0605246020080516,0.0000000000000000,7.1197964481129885,2.9999988608301957,2.1089,-0.6753,-1.43356898,0.57579677,0,3.3e-13
1.0179047452136016,0.0,0.0000000000000000,0.0029235821310227,-0.0605171975473778,0.0000000000000000,7.1106269961852036,3.0000009879883813,2.1145,-0.6788,-1.43566579,0.56460347,0,1.0e-13
1.0178706281109491,0.0,-0.0000000000000000,0.0030018029465760,-0.0605095164846255,0.0000000000000000,7.1009988366683583,3.0000032273474413,2.1206,-0.6825,-1.43801390,0.55262177,0,1.0e-13
1.0178346944265186,0.0,0.0000000000000000,0.0030843918934157,-0.0605015557937857,0.0000000000000000,7.0908890111927372,3.0000055851757175,2.1271,-0.6865,-1.44064356,0.53978464,0,3.1e-13
1.0177975992580242,0.0,-0.0000000000000000,0.0031698688699959,-0.0604934772845265,0.0000000000000000,7.0804857217580137,3.0000080184012514,2.1341,-0.6906,-1.44352806,0.52629635,0,3.0e-13
1.0177600680371728,0.0,-0.0000000000000000,0.0032565763304219,-0.0604854483439698,0.0000000000000000,7.0699945469166190,3.0000104793977376,2.1413,-0.6947,-1.44662353,0.51240289,0,3.7e-13
1.0177220939095337,0.0,0.0000000000000000,0.0033445378813177,-0.0604774729433651,0.0000000000000000,7.0594147432153029,3.0000129685966401,2.1489,-0.6989,-1.44993836,0.49809049,0,2.6e-13
1.0176836698711582,0.0,-0.0000000000000000,0.0034337777367609,-0.0604695552230020,0.0000000000000000,7.0487455609249992,3.0000154864391151,2.1567,-0.7032,-1.45348127,0.48334480,0,2.2e-13
1.0176447887641444,0.0,0.0000000000000000,0.0035243207393431,-0.0604616994999415,0.0000000000000000,7.0379862439893586,3.0000180333763056,2.1649,-0.7076,-1.45726132,0.46815087,0,2.2e-13
1.0176054432723878,0.0,-0.0000000000000000,0.0036161923805487,-0.0604539102760833,0.0000000000000000,7.0271360299713592,3.0000206098696469,2.1733,-0.7120,-1.46128795,0.45249313,0,1.9e-13
1.0175656259169459,0.0,0.0000000000000000,0.0037094188230716,-0.0604461922467069,0.0000000000000000,7.0161941500004499,3.0000232163911829,2.1821,-0.7166,-1.46557100,0.43635535,0,2.8e-13
1.0175253290513266,0.0,-0.0000000000000000,0.0038040269238218,-0.0604385503094357,0.0000000000000000,7.0051598287190755,3.0000258534238951,2.1913,-0.7212,-1.47012070,0.41972063,0,2.0e-13
1.0174837109870687,0.0,0.0000000000000000,0.0039020101995869,-0.0604308368131296,0.0000000000000000,6.9938051931974234,3.0000285760032943,2.2010,-0.7259,-1.47504876,0.40221736,0,1.8e-13
1.0174415842820888,0.0,0.0000000000000000,0.0040014736498737,-0.0604232148033736,0.0000000000000000,6.9823546207719573,3.0000313309283344,2.2111,-0.7308,-1.48027641,0.38416193,0,2.1e-13
1.0173989404482553,0.0,-0.0000000000000000,0.0041024475613775,-0.0604156901359744,0.0000000000000000,6.9708072999792776,3.0000341187365382,2.2215,-0.7357,-1.48581581,0.36553420,0,3.2e-13
1.0173557707997727,0.0,0.0000000000000000,0.0042049630602002,-0.0604082689252537,0.0000000000000000,6.9591624125136402,3.0000369399784601,2.2324,-0.7408,-1.49167964,0.34631311,0,2.8e-13
1.0173120664471302,0.0,0.0000000000000000,0.0043090521426526,-0.0604009575566082,0.0000000000000000,6.9474191331703468,3.0000397952181017,2.2437,-0.7459,-1.49788112,0.32647670,0,2.9e-13
1.0172678182910335,0.0,-0.0000000000000000,0.0044147477063870,-0.0603937626997344,0.0000000000000000,6.9355766297875805,3.0000426850333599,2.2555,-0.7511,-1.50443403,0.30600201,0,2.5e-13
1.0172230170158945,0.0,-0.0000000000000000,0.0045220835837880,-0.0603866913226516,0.0000000000000000,6.9236340631884037,3.0000456100164787,2.2677,-0.7563,-1.51135279,0.28486502,0,3.1e-13
1.0171776530831520,0.0,-0.0000000000000000,0.0046310945766322,-0.0603797507065020,0.0000000000000000,6.9115905871219887,3.0000485707745348,2.2804,-0.7617,-1.51865240,0.26304066,0,2.2e-13
1.0171307772641853,0.0,-0.0000000000000000,0.0047440844255923,-0.0603728117245132,0.0000000000000000,6.8991974881264753,3.0000516292158226,2.2938,-0.7673,-1.52650917,0.24003711,0,4.5e-13
1.0170842544773186,0.0,-0.0000000000000000,0.0048565707828662,-0.0603661599793486,0.0000000000000000,6.8869496184304619,3.0000546636480543,2.3074,-0.7728,-1.53462540,0.21674672,0,2.7e-13
1.0170371389340638,0.0,0.0000000000000000,0.0049708431804977,-0.0603596629879506,0.0000000000000000,6.8745982574600575,3.0000577357754548,2.3216,-0.7785,-1.54317188,0.19268616,0,3.4e-13
1.0169894201305156,0.0,0.0000000000000000,0.0050869406868953,-0.0603533294537764,0.0000000000000000,6.8621425300690815,3.0000608462697360,2.3364,-0.7842,-1.55216649,0.16782536,0,3.0e-13
1.0169410873025215,0.0,-0.0000000000000000,0.0052049035392123,-0.0603471684813822,0.0000000000000000,6.8495815537340770,3.0000639958201485,2.3517,-0.7900,-1.56162792,0.14213279,0,3.6e-13
1.0168931107145944,0.0,-0.0000000000000000,0.0053223667879405,-0.0603413068415503,0.0000000000000000,6.8371677788760437,3.0000671212178291,2.3672,-0.7958,-1.57137272,0.11611308,0,3.0e-13
1.0168435209496198,0.0,-0.0000000000000000,0.0054441671127480,-0.0603355151437702,0.0000000000000000,6.8243936348352721,3.0000703507482700,2.3837,-0.8018,-1.58181881,0.08867002,0,3.3e-13
1.0167942903211853,0.0,-0.0000000000000000,0.0055654751687536,-0.0603300350878396,0.0000000000000000,6.8117691891473839,3.0000735559552720,2.4004,-0.8078,-1.59256894,0.06086643,0,2.6e-13
1.0167444178305449,0.0,-0.0000000000000000,0.0056887611357958,-0.0603247588295338,0.0000000000000000,6.7990380740296645,3.0000768020295978,2.4178,-0.8139,-1.60384911,0.03212398,0,2.7e-13
1.0166938917489172,0.0,0.0000000000000000,0.0058140698739450,-0.0603196972427170,0.0000000000000000,6.7861993876086100,3.0000800897273612,2.4358,-0.8201,-1.61568160,0.00240477,0,4.0e-13
1.0166427000480733,0.0,0.0000000000000000,0.0059414476416788,-0.0603148617141390,0.0000000000000000,6.7732522203998533,3.0000834198251893,2.4545,-0.8264,-1.62808970,-0.02833095,0,4.1e-13
1.0165908303904558,0.0,-0.0000000000000000,0.0060709421532454,-0.0603102641709097,0.0000000000000000,6.7601956552421507,3.0000867931209592,2.4739,-0.8328,-1.64109779,-0.06012489,0,4.4e-13
1.0165393238179805,0.0,0.0000000000000000,0.0061999588102294,-0.0603060011645753,0.0000000000000000,6.7472921030169166,3.0000901419348205,2.4936,-0.8391,-1.65445360,-0.09235455,0,3.4e-13
1.0164871329097189,0.0,-0.0000000000000000,0.0063311258234768,-0.0603019904385340,0.0000000000000000,6.7342795279531051,3.0000935343914250,2.5140,-0.8455,-1.66843782,-0.12569157,0,2.2e-13
1.0164342448520269,0.0,0.0000000000000000,0.0064644934469238,-0.0602982450415184,0.0000000000000000,6.7211570083489196,3.0000969713232721,2.5352,-0.8521,-1.68307711,-0.16018184,0,4.1e-13
1.0163806464963758,0.0,0.0000000000000000,0.0066001135552989,-0.0602947786499971,0.0000000000000000,6.7079236147097028,3.0001004535861449,2.5571,-0.8587,-1.69839941,-0.19587350,0,3.3e-13
1.0163274134692171,0.0,0.0000000000000000,0.0067352696904164,-0.0602916658433859,0.0000000000000000,6.6948453118091411,3.0001039113243504,2.5794,-0.8653,-1.71410745,-0.23206875,0,3.8e-13
1.0162734631265173,0.0,0.0000000000000000,0.0068727160390696,-0.0602888485166641,0.0000000000000000,6.6816565149753746,3.0001074148891544,2.6026,-0.8720,-1.73053134,-0.26952292,0,3.6e-13
1.0162187817993420,0.0,0.0000000000000000,0.0070125073473289,-0.0602863416621722,0.0000000000000000,6.6683562900655859,3.0001109651747524,2.6265,-0.8788,-1.74770166,-0.30828912,0,3.1e-13
1.0161644667807459,0.0,0.0000000000000000,0.0071518442159024,-0.0602842011489267,0.0000000000000000,6.6552119449726348,3.0001144909677233,2.6509,-0.8856,-1.76528519,-0.34761002,0,3.1e-13
1.0161094133521518,0.0,0.0000000000000000,0.0072935666575482,-0.0602823892153405,0.0000000000000000,6.6419565536385745,3.0001180640110787,2.6761,-0.8925,-1.78365131,-0.38830683,0,2.9e-13
1.0160547262599200,0.0,-0.0000000000000000,0.0074348368509701,-0.0602809480553309,0.0000000000000000,6.6288565228223746,3.0001216126372099,2.7017,-0.8993,-1.80244334,-0.42958463,0,2.5e-13
1.0159981589325009,0.0,0.0000000000000000,0.0075814800838123,-0.0602798359103042,0.0000000000000000,6.6153762220165966,3.0001252826398943,2.7288,-0.9063,-1.82246309,-0.47318908,0,4.6e-13
1.0159419595025592,0.0,-0.0000000000000000,0.0077276904706788,-0.0602791146927253,0.0000000000000000,6.6020539162074501,3.0001289281804526,2.7563,-0.9133,-1.84294534,-0.51743839,0,3.9e-13
1.0158849847876881,0.0,-0.0000000000000000,0.0078764492882941,-0.0602787765283220,0.0000000000000000,6.5886190651278467,3.0001326234519192,2.7848,-0.9205,-1.86432053,-0.56325808,0,3.2e-13
1.0158272195909293,0.0,0.0000000000000000,0.0080278198505402,-0.0602788403971813,0.0000000000000000,6.5750707170815561,3.0001363694620076,2.8143,-0.9277,-1.88662735,-0.61071632,0,3.9e-13
1.0157698228732310,0.0,0.0000000000000000,0.0081787728268328,-0.0602793123012996,0.0000000000000000,6.5616811664167312,3.0001400910932192,2.8443,-0.9348,-1.90943303,-0.65888829,0,4.5e-13
1.0157127940396442,0.0,-0.0000000000000000,0.0083293009851021,-0.0602801872579731,0.0000000000000000,6.5484485582636527,3.0001437884386610,2.8747,-0.9419,-1.93273331,-0.70777143,0,3.3e-13
1.0156537897162143,0.0,0.0000000000000000,0.0084856147653510,-0.0602815216399751,0.0000000000000000,6.5348318408016723,3.0001476134556300,2.9068,-0.9493,-1.95752134,-0.75943554,0,3.2e-13
1.0155951542843697,0.0,-0.0000000000000000,0.0086415288731420,-0.0602832831959937,0.0000000000000000,6.5213747260895705,3.0001514141994083,2.9395,-0.9566,-1.98284873,-0.81189059,0,3.7e-13
1.0155356948351992,0.0,0.0000000000000000,0.0088002242112068,-0.0602855161997894,0.0000000000000000,6.5078039355017765,3.0001552680406771,2.9733,-0.9640,-2.00924783,-0.86623574,0,4.1e-13
1.0154753948693576,0.0,-0.0000000000000000,0.0089617721000866,-0.0602882436984280,0.0000000000000000,6.4941185073016641,3.0001591760881419,3.0083,-0.9715,-2.03676568,-0.92255475,0,3.8e-13
1.0154154640222048,0.0,0.0000000000000000,0.0091229414214706,-0.0602914200346109,0.0000000000000000,6.4805934902764948,3.0001630599951188,3.0438,-0.9790,-2.06486861,-0.97975233,0,2.7e-13
1.0153546829342803,0.0,0.0000000000000000,0.0092870213158835,-0.0602951192567566,0.0000000000000000,6.4669542264209694,3.0001669988360460,3.0806,-0.9865,-2.09414751,-1.03902817,0,5.0e-13
1.0152930343967530,0.0,0.0000000000000000,0.0094540876754841,-0.0602993668253367,0.0000000000000000,6.4531997487797463,3.0001709937758734,3.1188,-0.9941,-2.12465436,-1.10047541,0,4.7e-13
1.0152317549976595,0.0,0.0000000000000000,0.0096208001049051,-0.0603040876668348,0.0000000000000000,6.4396064934449200,3.0001749647374352,3.1575,-1.0017,-2.15579777,-1.16290030,0,3.2e-13
1.0151695978368331,0.0,0.0000000000000000,0.0097905620120939,-0.0603093883817442,0.0000000000000000,6.4258984161355333,3.0001789925794702,3.1976,-1.0094,-2.18823283,-1.22761353,0,4.2e-13
1.0151065449546028,0.0,-0.0000000000000000,0.0099634542940742,-0.0603152971417076,0.0000000000000000,6.4120745445134428,3.0001830785274248,3.2392,-1.0171,-2.22201711,-1.29471881,0,3.8e-13
1.0150425778828687,0.0,-0.0000000000000000,0.0101395608563835,-0.0603218435905143,0.0000000000000000,6.3981338977656552,3.0001872238453746,3.2822,-1.0250,-2.25721119,-1.36432551,0,3.4e-13
1.0149789795201694,0.0,0.0000000000000000,0.0103153625789209,-0.0603289084839123,0.0000000000000000,6.3843566527666979,3.0001913454633797,3.3259,-1.0328,-2.29313371,-1.43508417,0,2.7e-13
1.0149144555795926,0.0,-0.0000000000000000,0.0104944505401957,-0.0603366481549048,0.0000000000000000,6.3704630280766565,3.0001955273301708,3.3712,-1.0407,-2.33054127,-1.50848343,0,3.6e-13
1.0148489867658614,0.0,0.0000000000000000,0.0106769144410909,-0.0603450954996563,0.0000000000000000,6.3564520371782010,3.0001997707780990,3.4182,-1.0487,-2.36950118,-1.58464544,0,4.8e-13
1.0147825532280137,0.0,0.0000000000000000,0.0108628474254005,-0.0603542851695622,0.0000000000000000,6.3423226848483036,3.0002040771826355,3.4669,-1.0568,-2.41008436,-1.66369920,0,5.1e-13
1.0147151345391661,0.0,0.0000000000000000,0.0110523462538620,-0.0603642536812803,0.0000000000000000,6.3280739670436059,3.0002084479642299,3.5173,-1.0650,-2.45236559,-1.74578093,0,3.1e-13
1.0146480824955286,0.0,0.0000000000000000,0.0112416276433727,-0.0603748164705388,0.0000000000000000,6.3139922506361543,3.0002127955708366,3.5686,-1.0731,-2.49552834,-1.82930463,0,4.6e-13
1.0145786388661722,0.0,0.0000000000000000,0.0114385207535825,-0.0603864447844100,0.0000000000000000,6.2995017621578029,3.0002172989554587,3.6228,-1.0814,-2.54141654,-1.91782971,0,3.8e-13
1.0145081453290865,0.0,0.0000000000000000,0.0116392924242769,-0.0603989733192802,0.0000000000000000,6.2848888420433697,3.0002218712535296,3.6791,-1.0899,-2.58925159,-2.00983774,0,4.8e-13
1.0144351133767397,0.0,-0.0000000000000000,0.0118482589342771,-0.0604127312251717,0.0000000000000000,6.2698517093749579,3.0002266091737537,3.7388,-1.0986,-2.64016158,-2.10748205,0,4.0e-13
1.0143624403882121,0.0,-0.0000000000000000,0.0120571808297119,-0.0604272165624920,0.0000000000000000,6.2549907857275677,3.0002313248949695,3.7995,-1.1073,-2.69220947,-2.20703958,0,4.7e-13
1.0142855925894174,0.0,-0.0000000000000000,0.0122791792754704,-0.0604434069298041,0.0000000000000000,6.2393863491981429,3.0002363128131120,3.8652,-1.1164,-2.74877857,-2.31496600,0,3.8e-13
1.0142075284102074,0.0,-0.0000000000000000,0.0125058322316884,-0.0604607834284781,0.0000000000000000,6.2236500188946868,3.0002413811686117,3.9335,-1.1256,-2.80788200,-2.42744719,0,4.1e-13
1.0141265949660854,0.0,0.0000000000000000,0.0127420404589744,-0.0604798006829501,0.0000000000000000,6.2074568084299635,3.0002466375311889,4.0060,-1.1351,-2.87093256,-2.54715658,0,5.7e-13
1.0140409441557763,0.0,0.0000000000000000,0.0129933872769829,-0.0605010523435262,0.0000000000000000,6.1904533642211765,3.0002522023355338,4.0847,-1.1451,-2.93966215,-2.67735026,0,7.2e-13
1.0139502598180226,0.0,-0.0000000000000000,0.0132610572280541,-0.0605248327731966,0.0000000000000000,6.1725991062516954,3.0002580966743220,4.1703,-1.1556,-3.01472043,-2.81921725,0,2.1e-13
1.0138541996784294,0.0,0.0000000000000000,0.0135463551683824,-0.0605514805586418,0.0000000000000000,6.1538514155330279,3.0002643434642802,4.2635,-1.1667,-3.09684968,-2.97411779,0,2.7e-13
1.0137584065499634,0.0,-0.0000000000000000,0.0138326849923706,-0.0605795715348916,0.0000000000000000,6.1353232052700815,3.0002705762394819,4.3591,-1.1776,-3.18149415,-3.13344610,0,5.1e-13
1.0136648018047909,0.0,0.0000000000000000,0.0141142556269168,-0.0606085083539703,0.0000000000000000,6.1173781192531473,3.0002766700964782,4.4552,-1.1883,-3.26690919,-3.29394242,0,4.5e-13
1.0135751915815441,0.0,0.0000000000000000,0.0143854809200455,-0.0606376102074306,0.0000000000000000,6.1003454126858303,3.0002825073322681,4.5496,-1.1984,-3.35123720,-3.45215454,0,5.5e-13
1.0134894378207231,0.0,-0.0000000000000000,0.0146465823906311,-0.0606667620919815,0.0000000000000000,6.0841787149307054,3.0002880966930969,4.6423,-1.2080,-3.43432764,-3.60784077,0,1.9e-13
1.0134090512584584,0.0,0.0000000000000000,0.0148927334005784,-0.0606952636383078,0.0000000000000000,6.0691409014605275,3.0002933393526670,4.7313,-1.2169,-3.51438357,-3.75767440,0,4.6e-13
1.0133352449644280,0.0,0.0000000000000000,0.0151199340430934,-0.0607224470392684,0.0000000000000000,6.0554329217535665,3.0002981556589656,4.8149,-1.2251,-3.58976635,-3.89863084,0,3.5e-13
1.0132618014394628,0.0,-0.0000000000000000,0.0153471697026208,-0.0607504745265037,0.0000000000000000,6.0418855041934467,3.0003029510741275,4.8998,-1.2332,-3.66659687,-4.04217997,0,8.0e-13
1.0131887219176354,0.0,-0.0000000000000000,0.0155744316626954,-0.0607793441165526,0.0000000000000000,6.0284967610727129,3.0003077255939088,4.9860,-1.2411,-3.74487791,-4.18833535,0,6.6e-13
1.0131230152345667,0.0,-0.0000000000000000,0.0157797574127609,-0.0608061474418288,0.0000000000000000,6.0165361289096628,3.0003120209654388,5.0651,-1.2483,-3.81684691,-4.32262496,0,4.7e-13
1.0130549800077449,0.0,-0.0000000000000000,0.0159933593828451,-0.0608347558850305,0.0000000000000000,6.0042282262457807,3.0003164711910837,5.1486,-1.2556,-3.89297422,-4.46460034,0,4.2e-13
1.0129886749948604,0.0,0.0000000000000000,0.0162025178273871,-0.0608634844251127,0.0000000000000000,5.9923077591277130,3.0003208109107331,5.2315,-1.2627,-3.96876435,-4.60588189,0,7.1e-13
1.0129227443945916,0.0,0.0000000000000000,0.0164114727494203,-0.0608928907979686,0.0000000000000000,5.9805269187411803,3.0003251288264665,5.3155,-1.2697,-4.04571621,-4.74927204,0,5.4e-13
1.0128571888255629,0.0,-0.0000000000000000,0.0166202154849962,-0.0609229708066176,0.0000000000000000,5.9688840628388951,3.0003294249404626,5.4005,-1.2767,-4.12382678,-4.89477131,0,5.1e-13
1.0127933163128504,0.0,0.0000000000000000,0.0168245450731517,-0.0609530950496960,0.0000000000000000,5.9576076958927606,3.0003336134886482,5.4849,-1.2834,-4.20148692,-5.03938957,0,4.9e-13
1.0127285204292897,0.0,0.0000000000000000,0.0170327925029704,-0.0609844884534718,0.0000000000000000,5.9462359668003657,3.0003378654287882,5.5721,-1.2902,-4.28186229,-5.18902774,0,6.7e-13
1.0126641012550641,0.0,0.0000000000000000,0.0172408016557922,-0.0610165420360305,0.0000000000000000,5.9349974090342661,3.0003420955706459,5.6603,-1.2969,-4.36338505,-5.34077156,0,8.6e-13
1.0126013438180994,0.0,-0.0000000000000000,0.0174443872160437,-0.0610485868322165,0.0000000000000000,5.9241125920869484,3.0003462194768495,5.7478,-1.3034,-4.44437704,-5.49150367,0,7.3e-13
1.0125402149773053,0.0,0.0000000000000000,0.0176435928264760,-0.0610805857929927,0.0000000000000000,5.9135703824396826,3.0003502391787289,5.8344,-1.3097,-4.52478169,-5.64112525,0,7.9e-13
1.0124794633946734,0.0,-0.0000000000000000,0.0178424612336033,-0.0611131648380351,0.0000000000000000,5.9031516240159769,3.0003542368988882,5.9221,-1.3159,-4.60619303,-5.79260791,0,5.1e-13
1.0124190892486589,0.0,0.0000000000000000,0.0180409843180710,-0.0611463186724681,0.0000000000000000,5.8928548639140219,3.0003582126467476,6.0106,-1.3220,-4.68860493,-5.94594489,0,6.0e-13
1.0123590926853616,0.0,-0.0000000000000000,0.0182391540074998,-0.0611800419214277,0.0000000000000000,5.8826786661742210,3.0003621664320503,6.1001,-1.3280,-4.77201102,-6.10112887,0,9.4e-13
1.0122982537372549,0.0,0.0000000000000000,0.0184410196475159,-0.0612150389525523,0.0000000000000000,5.8724163678858448,3.0003661787596836,6.1923,-1.3341,-4.85814768,-6.26139507,0,6.1e-13
1.0122377935307540,0.0,0.0000000000000000,0.0186425495344817,-0.0612506262126114,0.0000000000000000,5.8622742042752325,3.0003701692064944,6.2855,-1.3402,-4.94532706,-6.42360762,0,1.1e-12
1.0121789170579123,0.0,0.0000000000000000,0.0188396920261090,-0.0612860649147912,0.0000000000000000,5.8524512271264202,3.0003740581647427,6.3778,-1.3460,-5.03175800,-6.58443785,0,7.6e-13
1.0121192213750339,0.0,0.0000000000000000,0.0190404853076318,-0.0613227957867546,0.0000000000000000,5.8425451138885780,3.0003780043697375,6.4728,-1.3519,-5.12096102,-6.75044102,0,8.2e-13
1.0120586909290348,0.0,-0.0000000000000000,0.0192450296713931,-0.0613608719186042,0.0000000000000000,5.8325551435441012,3.0003820090569162,6.5708,-1.3578,-5.21304907,-6.92183251,0,1.0e-12
1.0119997469315569,0.0,-0.0000000000000000,0.0194451357717916,-0.0613987648124359,0.0000000000000000,5.8228795350498279,3.0003859120524656,6.6679,-1.3635,-5.30433197,-7.09174846,0,1.1e-12
1.0119399836944867,0.0,-0.0000000000000000,0.0196489626885206,-0.0614380152816828,0.0000000000000000,5.8131220024696004,3.0003898726616103,6.7678,-1.3693,-5.39852815,-7.26711457,0,8.9e-13
1.0118817916698100,0.0,0.0000000000000000,0.0198483498715804,-0.0614770476913533,0.0000000000000000,5.8036714987470628,3.0003937324748962,6.8667,-1.3749,-5.49186264,-7.44090691,0,5.4e-13
1.0118227957929222,0.0,-0.0000000000000000,0.0200514271364359,-0.0615174491901197,0.0000000000000000,5.7941409581964969,3.0003976490360387,6.9686,-1.3805,-5.58813713,-7.62020824,0,1.1e-12
1.0117641804235002,0.0,-0.0000000000000000,0.0202541379812542,-0.0615584278982579,0.0000000000000000,5.7847219063861637,3.0004015438300349,7.0715,-1.3861,-5.68546107,-7.80150252,0,6.2e-13
1.0117047539181012,0.0,0.0000000000000000,0.0204606246494490,-0.0616008368766692,0.0000000000000000,5.7752230546904322,3.0004054961530060,7.1775,-1.3916,-5.78585703,-7.98856247,0,7.7e-13
1.0116468932146243,0.0,-0.0000000000000000,0.0206626202438448,-0.0616429739955091,0.0000000000000000,5.7660230427853421,3.0004093479259950,7.2824,-1.3971,-5.88530170,-8.17389549,0,8.0e-13
1.0115870364781581,0.0,-0.0000000000000000,0.0208725812453074,-0.0616874538176635,0.0000000000000000,5.7565557222198036,3.0004133363785246,7.3926,-1.4026,-5.98996239,-8.36900076,0,7.4e-13
1.0115287555097563,0.0,-0.0000000000000000,0.0210780003262863,-0.0617316424856540,0.0000000000000000,5.7473862168833927,3.0004172236268345,7.5016,-1.4080,-6.09363877,-8.56232506,0,4.0e-13
1.0114708563423742,0.0,0.0000000000000000,0.0212830475276027,-0.0617764122102416,0.0000000000000000,5.7383239140726969,3.0004210891929728,7.6117,-1.4133,-6.19839234,-8.75771439,0,8.3e-13
1.0114121620042797,0.0,-0.0000000000000000,0.0214919129110418,-0.0618226937246131,0.0000000000000000,5.7291847691917956,3.0004250117745248,7.7251,-1.4187,-6.30639836,-8.95923144,0,2.7e-13
1.0113550200576300,0.0,-0.0000000000000000,0.0216962345256967,-0.0618686297516760,0.0000000000000000,5.7203330812306952,3.0004288344824759,7.8372,-1.4238,-6.41332847,-9.15880381,0,2.8e-13
1.0112970982008482,0.0,-0.0000000000000000,0.0219043435432243,-0.0619160887388041,0.0000000000000000,5.7114063136006630,3.0004327133425894,7.9526,-1.4290,-6.52353808,-9.36456375,0,9.7e-13
1.0112383820873043,0.0,-0.0000000000000000,0.0221163445315368,-0.0619651310912460,0.0000000000000000,5.7024038058931499,3.0004366495587957,8.0714,-1.4343,-6.63715752,-9.57676212,0,1.1e-12
1.0111800505706885,0.0,-0.0000000000000000,0.0223280042904727,-0.0620147940775889,0.0000000000000000,5.6935064652853455,3.0004405642276990,8.1914,-1.4395,-6.75195447,-9.79123542,0,1.1e-12
1.0111209179208975,0.0,0.0000000000000000,0.0225436494449722,-0.0620661100129530,0.0000000000000000,5.6845335957205325,3.0004445370539852,8.3150,-1.4447,-6.87031335,-10.01244429,0,1.4e-12
1.0110609692877541,0.0,0.0000000000000000,0.0227633922806996,-0.0621191452491735,0.0000000000000000,5.6754845289727696,3.0004485693047012,8.4423,-1.4499,-6.99237778,-10.24066574,0,1.2e-12
1.0110026024674583,0.0,-0.0000000000000000,0.0229784356847760,-0.0621717724372980,0.0000000000000000,5.6667199689935117,3.0004524996982416,8.5683,-1.4550,-7.11325752,-10.46676008,0,1.3e-12
1.0109446216129403,0.0,0.0000000000000000,0.0231931436528619,-0.0622250330620087,0.0000000000000000,5.6580577273434560,3.0004564086188146,8.6954,-1.4600,-7.23535802,-10.69522726,0,8.3e-13
1.0108870266030296,0.0,0.0000000000000000,0.0234075081994174,-0.0622789206365089,0.0000000000000000,5.6494965947033942,3.0004602960678239,8.8236,-1.4649,-7.35867025,-10.92605354,0,9.8e-13
1.0108286467841352,0.0,-0.0000000000000000,0.0236259114169419,-0.0623345540981100,0.0000000000000000,5.6408627018692279,3.0004642411929274,8.9557,-1.4699,-7.48575371,-11.16403612,0,1.3e-12
1.0107706543324466,0.0,0.0000000000000000,0.0238439934387304,-0.0623908403651083,0.0000000000000000,5.6323295426981668,3.0004681649164460,9.0889,-1.4748,-7.61411067,-11.40450372,0,8.2e-13
1.0107106677376223,0.0,-0.0000000000000000,0.0240707724503378,-0.0624501485541016,0.0000000000000000,5.6235481923659716,3.0004722286628005,9.2290,-1.4799,-7.74913636,-11.65757357,0,9.8e-13
1.0106534375059435,0.0,0.0000000000000000,0.0242882810867594,-0.0625077755543317,0.0000000000000000,5.6152129102404746,3.0004761106047244,9.3648,-1.4846,-7.88012902,-11.90319132,0,6.2e-13
1.0105942443839935,0.0,-0.0000000000000000,0.0245144466084551,-0.0625684664996763,0.0000000000000000,5.6066351579820193,3.0004801308402866,9.5074,-1.4895,-8.01788084,-12.16159610,0,1.5e-12
1.0105354417268224,0.0,-0.0000000000000000,0.0247403407736850,-0.0626298672070133,0.0000000000000000,5.5981573850308886,3.0004841298356495,9.6514,-1.4944,-8.15704223,-12.42276279,0,1.3e-12
1.0104746146862942,0.0,0.0000000000000000,0.0249753088457389,-0.0626945626065061,0.0000000000000000,5.5894329278405861,3.0004882721413688,9.8028,-1.4993,-8.30346552,-12.69768542,0,1.3e-12
1.0104103948845364,0.0,0.0000000000000000,0.0252248340327164,-0.0627641889915290,0.0000000000000000,5.5802713251749498,3.0004926518319821,9.9654,-1.5045,-8.46082894,-12.99329421,0,1.4e-13
1.0103425729847466,0.0,0.0000000000000000,0.0254899971787411,-0.0628392185204706,0.0000000000000000,5.5706505865703670,3.0004972843871909,10.1402,-1.5100,-8.63016638,-13.31156332,0,2.3e-13
1.0102709244813652,0.0,0.0000000000000000,0.0257719820288191,-0.0629201803926746,0.0000000000000000,5.5605476002265961,3.0005021865249586,10.3283,-1.5157,-8.81263656,-13.65470795,0,1.3e-12
1.0101952083470513,0.0,-0.0000000000000000,0.0260720880307312,-0.0630076693358425,0.0000000000000000,5.5499380728389287,3.0005073763295478,10.5312,-1.5217,-9.00954181,-14.02522088,0,2.3e-13
1.0101151655302822,0.0,-0.0000000000000000,0.0263917451642219,-0.0631023556109842,0.0000000000000000,5.5387964655359267,3.0005128733966537,10.7503,-1.5279,-9.22235026,-14.42591565,0,1.0e-12
1.0100305172835158,0.0,-0.0000000000000000,0.0267325311926040,-0.0632049968556594,0.0000000000000000,5.5270959255101610,3.0005186989984947,10.9872,-1.5345,-9.45272208,-14.85997807,0,1.4e-12
1.0099409632986085,0.0,0.0000000000000000,0.0270961918244346,-0.0633164521656339,0.0000000000000000,5.5148082128463169,3.0005248762723218,11.2439,-1.5414,-9.70254088,-15.33102750,0,1.2e-12
1.0098461796226492,0.0,0.0000000000000000,0.0274846643900744,-0.0634376989164976,0.0000000000000000,5.5019036219469282,3.0005314304364972,11.5225,-1.5486,-9.97395119,-15.84319036,0,3.8e-13
1.0097458163226325,0.0,-0.0000000000000000,0.0279001057900144,-0.0635698529586609,0.0000000000000000,5.4883508968202692,3.0005383890392494,11.8255,-1.5561,-10.26940365,-16.40118872,0,2.0e-12
1.0096394948621745,0.0,0.0000000000000000,0.0283449256666884,-0.0637141929910863,0.0000000000000000,5.4741171393152852,3.0005457822462969,12.1556,-1.5639,-10.59170963,-17.01044777,0,1.9e-12
1.0095268051467734,0.0,-0.0000000000000000,0.0288218260085767,-0.0638721901451379,0.0000000000000000,5.4591677091541992,3.0005536431750635,12.5162,-1.5721,-10.94410773,-17.67722643,0,1.9e-12
1.0094073021861376,0.0,0.0000000000000000,0.0293338487325338,-0.0640455441102982,0.0000000000000000,5.4434661142985510,3.0005620082850055,12.9111,-1.5807,-11.33034517,-18.40877783,0,3.2e-12
1.0092805023120559,0.0,-0.0000000000000000,0.0298844332409157,-0.0642362275357591,0.0000000000000000,5.4269738897621522,3.0005709178360758,13.3445,-1.5897,-11.75477817,-19.21354674,0,4.7e-13
1.0091458788792604,0.0,-0.0000000000000000,0.0304774865496864,-0.0644465409845303,0.0000000000000000,5.4096504624065558,3.0005804164303753,13.8216,-1.5991,-12.22249618,-20.10141588,0,1.7e-13
1.0090028573586356,0.0,-0.0000000000000000,0.0311174694183831,-0.0646791814653773,0.0000000000000000,5.3914529984684538,3.0005905536564637,14.3483,-1.6088,-12.73947763,-21.08401282,0,2.8e-12
1.0088508097161046,0.0,0.0000000000000000,0.0318095030320929,-0.0649373285940341,0.0000000000000000,5.3723362294689556,3.0006013848611177,14.9318,-1.6190,-13.31278580,-22.17509799,0,1.8e-13
1.0086890479429922,0.0,-0.0000000000000000,0.0325595023778374,-0.0652247538847070,0.0000000000000000,5.3522522506189194,3.0006129720810550,15.5805,-1.6297,-13.95081785,-23.39105864,0,1.2e-13
1.0085168165707996,0.0,0.0000000000000000,0.0333743446982651,-0.0655459607299094,0.0000000000000000,5.3311502836638924,3.0006253851775395,16.3044,-1.6408,-14.66362449,-24.75154247,0,2.4e-12
1.0083332839608325,0.0,-0.0000000000000000,0.0342620846219432,-0.0659063655941639,0.0000000000000000,5.3089763930006058,3.0006387032310688,17.1156,-1.6523,-15.46332407,-26.28028050,0,1.6e-12
1.0081375320980752,0.0,0.0000000000000000,0.0352322322874143,-0.0663125353112248,0.0000000000000000,5.2856731394081828,3.0006530162738714,18.0290,-1.6643,-16.36464552,-28.00616701,0,6.8e-13
1.0079285445371966,0.0,0.0000000000000000,0.0362961177962181,-0.0667725018944236,0.0000000000000000,5.2611791491969173,3.0006684274671662,19.0625,-1.6768,-17.38564880,-29.96469398,0,2.2e-12
1.0077051920324924,0.0,0.0000000000000000,0.0374673760034464,-0.0672961862223759,0.0000000000000000,5.2354285669575882,3.0006850558730238,20.2385,-1.6898,-18.54869411,-32.19988298,0,2.6e-12
1.0074662152192257,0.0,-0.0000000000000000,0.0387626022382119,-0.0678959774861563,0.0000000000000000,5.2083503458870926,3.0007030400344727,21.5851,-1.7033,-19.88176568,-34.76692705,0,4.7e-12
1.0072102034762702,0.0,-0.0000000000000000,0.0402022559593919,-0.0685875401078824,0.0000000000000000,5.1798673086210689,3.0007225426746440,23.1377,-1.7174,-21.42031065,-37.73586405,0,2.1e-13
1.0069355687590993,0.0,-0.0000000000000000,0.0418119325489058,-0.0693909606237580,0.0000000000000000,5.1498948805551059,3.0007437569763611,24.9417,-1.7319,-23.20984261,-41.19678443,0,1.3e-12
1.0069247531408141,0.0,0.0000000000000000,0.0418767959215469,-0.0694239895273751,0.0000000000000000,5.1487265338972659,3.0007445989755270,25.0159,-1.7325,-23.28346008,-41.33932414,0,4.9e-12
1.0069133848140761,0.0,-0.0000000000000000,0.0419450984005608,-0.0694588238024155,0.0000000000000000,5.1474994494039406,3.0007454845532373,25.0942,-1.7331,-23.36110562,-41.48967705,0,2.4e-12
1.0069014348821022,0.0,0.0000000000000000,0.0420170332577267,-0.0694955705686304,0.0000000000000000,5.1462106548084385,3.0007464160470119,25.1767,-1.7337,-23.44301876,-41.64830859,0,8.2e-12
1.0068888728675527,0.0,0.0000000000000000,0.0420928058203552,-0.0695343442095492,0.0000000000000000,5.1448570251846588,3.0007473959286655,25.2638,-1.7343,-23.52945510,-41.81571709,0,4.5e-12
1.0068756666185277,0.0,-0.0000000000000000,0.0421726343545204,-0.0695752669621814,0.0000000000000000,5.1434352748271586,3.0007484268130171,25.3557,-1.7350,-23.62068816,-41.99243367,0,2.7e-12
1.0068617822081414,0.0,-0.0000000000000000,0.0422567510276915,-0.0696184695649451,0.0000000000000000,5.1419419486636571,3.0007495114672524,25.4527,-1.7357,-23.71701021,-42.17902848,0,1.4e-12
1.0068471838271731,0.0,-0.0000000000000000,0.0423454029590139,-0.0696640919705096,0.0000000000000000,5.1403734131683398,3.0007506528210399,25.5552,-1.7365,-23.81873439,-42.37611092,0,2.2e-12
1.0068318336690885,0.0,-0.0000000000000000,0.0424388533677774,-0.0697122841320004,0.0000000000000000,5.1387258467374348,3.0007518539774374,25.6635,-1.7373,-23.92619618,-42.58433498,0,2.2e-12
1.0068156918070039,0.0,-0.0000000000000000,0.0425373828301932,-0.0697632068703040,0.0000000000000000,5.1369952294940298,3.0007531182247127,25.7779,-1.7381,-24.03975546,-42.80440222,0,1.2e-12
1.0067987160616017,0.0,-0.0000000000000000,0.0426412906585395,-0.0698170328341009,0.0000000000000000,5.1351773324749148,3.0007544490491149,25.8988,-1.7390,-24.15979879,-43.03706580,0,6.6e-12
1.0067808618595817,0.0,0.0000000000000000,0.0427508964151111,-0.0698739475625150,0.0000000000000000,5.1332677061601748,3.0007558501487415,26.0266,-1.7399,-24.28674148,-43.28313654,0,4.7e-12
1.0067620820813712,0.0,-0.0000000000000000,0.0428665415795881,-0.0699341506654323,0.0000000000000000,5.1312616682865047,3.0007573254485962,26.1619,-1.7408,-24.42103056,-43.54348659,0,2.2e-13
1.0067423268972857,0.0,0.0000000000000000,0.0429885913877301,-0.0699978571362038,0.0000000000000000,5.1291542908939611,3.0007588791169768,26.3050,-1.7418,-24.56314772,-43.81905566,0,4.7e-12
1.0067215435913777,0.0,0.0000000000000000,0.0431174368615860,-0.0700652988131073,0.0000000000000000,5.1269403865450300,3.0007605155832953,26.4565,-1.7429,-24.71361230,-44.11085856,0,6.5e-12
1.0066996763709977,0.0,0.0000000000000000,0.0432534970595436,-0.0701367260131295,0.0000000000000000,5.1246144936388687,3.0007622395575870,26.6170,-1.7440,-24.87298532,-44.41999121,0,7.3e-12
1.0066766661615050,0.0,-0.0000000000000000,0.0433972215715689,-0.0702124093585626,0.0000000000000000,5.1221708607539194,3.0007640560517901,26.7870,-1.7452,-25.04187340,-44.74763964,0,4.8e-12
1.0066524503842049,0.0,0.0000000000000000,0.0435490932940169,-0.0702926418257711,0.0000000000000000,5.1196034299237878,3.0007659704030782,26.9673,-1.7464,-25.22093361,-45.09508759,0,2.3e-12
1.0066279727421499,0.0,0.0000000000000000,0.0437032561666344,-0.0703743559170697,0.0000000000000000,5.1170126289003068,3.0007679082754106,27.1509,-1.7476,-25.40332205,-45.44906310,0,1.3e-12
1.0066022086545166,0.0,0.0000000000000000,0.0438662323716381,-0.0704610376644249,0.0000000000000000,5.1142904195677579,3.0007699510796457,27.3457,-1.7489,-25.59682213,-45.82467916,0,5.8e-12
1.0065750868960532,0.0,0.0000000000000000,0.0440385924301701,-0.0705530403855671,0.0000000000000000,5.1114300071078747,3.0007721049774521,27.5525,-1.7502,-25.80222650,-46.22348831,0,2.9e-12
1.0065465318868405,0.0,0.0000000000000000,0.0442209517105219,-0.0706507484712143,0.0000000000000000,5.1084242281216650,3.0007743765485908,27.7721,-1.7517,-26.02039803,-46.64717966,0,5.6e-12
1.0065164633780126,0.0,-0.0000000000000000,0.0444139749151677,-0.0707545808196492,0.0000000000000000,5.1052655281662638,3.0007767728260575,28.0054,-1.7531,-26.25227710,-47.09759613,0,4.3e-12
1.0064847961087351,0.0,0.0000000000000000,0.0446183811392369,-0.0708649947398603,0.0000000000000000,5.1019459375560796,3.0007793013350690,28.2536,-1.7547,-26.49889062,-47.57675114,0,5.0e-13
1.0064534027787162,0.0,0.0000000000000000,0.0448221665249011,-0.0709755405692981,0.0000000000000000,5.0986621779073404,3.0007818128984027,28.5021,-1.7562,-26.74583576,-48.05667068,0,4.1e-12
1.0064203352563132,0.0,0.0000000000000000,0.0450380702432231,-0.0710931668062764,0.0000000000000000,5.0952109198877640,3.0007844637598513,28.7665,-1.7579,-27.00863763,-48.56753669,0,9.4e-12
1.0063861954239841,0.0,0.0000000000000000,0.0452623383799800,-0.0712158994250495,0.0000000000000000,5.0916559092137383,3.0007872064084906,29.0424,-1.7595,-27.28289146,-49.10080507,0,2.6e-12
1.0063502242064375,0.0,-0.0000000000000000,0.0455001552884168,-0.0713466552235436,0.0000000000000000,5.0879191214048083,3.0007901026538821,29.3364,-1.7613,-27.57512099,-49.66918322,0,2.9e-12
1.0063138184903480,0.0,-0.0000000000000000,0.0457424529041794,-0.0714805153770253,0.0000000000000000,5.0841464721249290,3.0007930407184933,29.6374,-1.7630,-27.87433816,-50.25131722,0,4.6e-12
1.0062762181783780,0.0,-0.0000000000000000,0.0459944237329737,-0.0716204018738399,0.0000000000000000,5.0802597692354849,3.0007960824917954,29.9519,-1.7648,-28.18707827,-50.85993671,0,2.7e-12
1.0062365853484432,0.0,-0.0000000000000000,0.0462619382090192,-0.0717696746835991,0.0000000000000000,5.0761736182912927,3.0007992968167159,30.2876,-1.7667,-28.52086045,-51.50970155,0,1.4e-12
1.0061948007834070,0.0,-0.0000000000000000,0.0465461475049496,-0.0719291121107016,0.0000000000000000,5.0718773876837320,3.0008026947962954,30.6461,-1.7687,-28.87743467,-52.20405538,0,1.7e-11
1.0061507371431522,0.0,0.0000000000000000,0.0468483128497524,-0.0720995756612790,0.0000000000000000,5.0673598215235032,3.0008062884139988,31.0295,-1.7708,-29.25873855,-52.94681046,0,7.3e-12
1.0061042582680728,0.0,-0.0000000000000000,0.0471698193970542,-0.0722820214231320,0.0000000000000000,5.0626089940542558,3.0008100906254174,31.4399,-1.7730,-29.66692206,-53.74220461,0,1.9e-12
1.0060581056179050,0.0,0.0000000000000000,0.0474919444105922,-0.0724659175808846,0.0000000000000000,5.0579059921662113,3.0008138781239619,31.8536,-1.7751,-30.07842786,-54.54435852,0,9.3e-12
1.0060122773050060,0.0,0.0000000000000000,0.0478146938900477,-0.0726512656971439,0.0000000000000000,5.0532502137343300,3.0008176509857805,32.2705,-1.7773,-30.49325782,-55.35327673,0,3.8e-12
1.0059639248589678,0.0,-0.0000000000000000,0.0481583999776765,-0.0728498451218617,0.0000000000000000,5.0483532012083927,3.0008216447850806,32.7173,-1.7795,-30.93778029,-56.22040739,0,3.5e-12
1.0059128944318383,0.0,0.0000000000000000,0.0485247549563695,-0.0730628578456797,0.0000000000000000,5.0432017625642249,3.0008258746360084,33.1965,-1.7818,-31.41469798,-57.15108355,0,7.5e-12
1.0058590209416021,0.0,-0.0000000000000000,0.0489156328656772,-0.0732916492935491,0.0000000000000000,5.0377818802726644,3.0008303569741193,33.7113,-1.7843,-31.92703589,-58.15127726,0,2.6e-12
1.0058021270102513,0.0,0.0000000000000000,0.0493331155183488,-0.0735377303732549,0.0000000000000000,5.0320786432547422,3.0008351097116259,34.2651,-1.7869,-32.47819029,-59.22769891,0,4.6e-13
1.0057432254060057,0.0,-0.0000000000000000,0.0497705288098500,-0.0737974432113135,0.0000000000000000,5.0261961459821611,3.0008400512124767,34.8495,-1.7895,-33.05997809,-60.36444296,0,8.1e-13
1.0056809833095608,0.0,-0.0000000000000000,0.0502386434516399,-0.0740774977144905,0.0000000000000000,5.0200041123295378,3.0008452966857710,35.4798,-1.7923,-33.68743906,-61.59098249,0,1.0e-11
1.0056151846938179,0.0,0.0000000000000000,0.0507402712616842,-0.0743799989492259,0.0000000000000000,5.0134848894227613,3.0008508689420492,36.1605,-1.7952,-34.36529959,-62.91667253,0,2.1e-11
1.0055455960908635,0.0,-0.0000000000000000,0.0512785782851262,-0.0747073440013296,0.0000000000000000,5.0066196043522178,3.0008567930819416,36.8972,-1.7983,-35.09893865,-64.35216534,0,5.9e-12
1.0054734393322169,0.0,-0.0000000000000000,0.0518454652941059,-0.0750550780373485,0.0000000000000000,4.9995325461250664,3.0008629702038783,37.6798,-1.8014,-35.87837104,-65.87805908,0,3.2e-11
1.0053970645508443,0.0,-0.0000000000000000,0.0524554743459146,-0.0754326633063266,0.0000000000000000,4.9920658036977716,3.0008695474618565,38.5295,-1.8047,-36.72479963,-67.53600718,0,1.8e-11
1.0053193893372725,0.0,0.0000000000000000,0.0530867669119904,-0.0758270779192885,0.0000000000000000,4.9845079437682474,3.0008762789608783,39.4171,-1.8081,-37.60901425,-69.26894106,0,1.6e-11
1.0052387600156938,0.0,-0.0000000000000000,0.0537541174370487,-0.0762479985274785,0.0000000000000000,4.9767005397250825,3.0008833127600445,40.3642,-1.8115,-38.55267739,-71.11944400,0,1.2e-11
1.0051533197966425,0.0,-0.0000000000000000,0.0544751980021942,-0.0767073257014920,0.0000000000000000,4.9684688063379641,3.0008908191685912,41.3975,-1.8151,-39.58242414,-73.13995543,0,1.1e-11
1.0050627259243479,0.0,0.0000000000000000,0.0552560557381920,-0.0772099250053993,0.0000000000000000,4.9597864818804229,3.0008988396445337,42.5279,-1.8189,-40.70908987,-75.35202431,0,1.2e-11
1.0049666040887211,0.0,0.0000000000000000,0.0561037042377603,-0.0777615050088981,0.0000000000000000,4.9506252051872321,3.0009074207475659,43.7682,-1.8228,-41.94535930,-77.78088818,0,1.9e-11
1.0048645448693871,0.0,-0.0000000000000000,0.0570263299088888,-0.0783688066461104,0.0000000000000000,4.9409543007220815,3.0009166149836575,45.1331,-1.8270,-43.30617045,-80.45629261,0,4.5e-12
1.0047560998878764,0.0,-0.0000000000000000,0.0580335531428616,-0.0790398448809478,0.0000000000000000,4.9307405513086646,3.0009264818160424,46.6405,-1.8313,-44.80922639,-83.41351947,0,1.3e-11
1.0046407777847541,0.0,0.0000000000000000,0.0591367613715028,-0.0797842196238404,0.0000000000000000,4.9199479697587600,3.0009370888742697,48.3115,-1.8359,-46.47564907,-86.69469703,0,1.3e-11
1.0045180402703255,0.0,0.0000000000000000,0.0603495369496826,-0.0806135189616849,0.0000000000000000,4.9085375911770690,3.0009485133947722,50.1715,-1.8407,-48.33081603,-90.35048506,0,5.7e-11
1.0043872987249303,0.0,-0.0000000000000000,0.0616882107146008,-0.0815418461743281,0.0000000000000000,4.8964673259916554,3.0009608439228921,52.2512,-1.8457,-50.40544233,-94.44223607,0,2.5e-11
1.0042479122155921,0.0,-0.0000000000000000,0.0631725825479084,-0.0825865134505852,0.0000000000000000,4.8836919443127274,3.0009741822923277,54.5880,-1.8510,-52.73697520,-99.04483079,0,8.0e-11
1.0040991884565680,0.0,0.0000000000000000,0.0648268637327939,-0.0837689604376933,0.0000000000000000,4.8701633134732063,3.0009886458617325,57.2280,-1.8566,-55.37140645,-104.25034497,1,1.2e-10
1.0039403903398068,0.0,-0.0000000000000000,0.0666809121872076,-0.0851159751922070,0.0000000000000000,4.8558310944869101,3.0010043699099054,60.2281,-1.8625,-58.36563338,-110.17272786,1,1.1e-10
