x0,y0,z0,xd0,yd0,zd0,Tp,JC,stabilityIndex1,stabilityIndex2,alpha,beta,impactFlag,error
1.0152350928949023,0.0,-0.0001473826089807,0.0096186169792416,-0.0602894560548870,-0.0011571711684673,19.3221073091214528,3.0001748330772764,22.0828,2.0000,-24.08284375,46.16568711,0,1.7e-12
1.0152333099917534,0.0,-0.0001594838372710,0.0096246475454654,-0.0602871498407750,-0.0012519825192530,19.3211073091214516,3.0001749630041932,22.1364,2.0000,-24.13636502,46.27272976,0,8.0e-14
1.0152315262494696,0.0,-0.0001707513151778,0.0096306802512505,-0.0602848406083679,-0.0013402204001156,19.3201073091214539,3.0001750929924729,22.1901,2.0000,-24.19006194,46.38012336,0,8.5e-13
1.0152297416661142,0.0,-0.0001813407235517,0.0096367150868522,-0.0602825283489772,-0.0014231083503529,19.3191073091214527,3.0001752230422114,22.2439,2.0000,-24.24393525,46.48787000,0,8.8e-13
1.0152279562402842,0.0,-0.0001913646077501,0.0096427520620571,-0.0602802130578615,-0.0015015328224422,19.3181073091214515,3.0001753531535047,22.2980,2.0000,-24.29798569,46.59597049,0,5.7e-13
1.0152261699700038,0.0,-0.0002009078386276,0.0096487911649208,-0.0602778947258930,-0.0015761604764407,19.3171073091214538,3.0001754833264496,22.3522,2.0000,-24.35221400,46.70442685,0,2.8e-13
1.0152243828601992,0.0,-0.0002100333046117,0.0096548326331569,-0.0602755733943844,-0.0016475069462980,19.3161073091214526,3.0001756135611255,22.4066,2.0000,-24.40662066,46.81323508,0,4.2e-11
1.0152225948903879,0.0,-0.0002188007222745,0.0096608757906635,-0.0602732489198079,-0.0017159834495603,19.3151073091214514,3.0001757438576728,22.4612,2.0000,-24.46120722,46.92241259,0,7.4e-14
1.0152208060776906,0.0,-0.0002272444963936,0.0096669213129776,-0.0602709214320181,-0.0017819194557168,19.3141073091214537,3.0001758742161457,22.5160,2.0000,-24.51597364,47.03194496,0,3.9e-14
1.0152190164143124,0.0,-0.0002354017409009,0.0096729689804443,-0.0602685908797736,-0.0018455879764675,19.3131073091214525,3.0001760046366543,22.5709,2.0000,-24.57092093,47.14183892,0,4.8e-13
1.0152172258985777,0.0,-0.0002433013431185,0.0096790187918832,-0.0602662572559874,-0.0019072163032821,19.3121073091214512,3.0001761351192879,22.6261,2.0000,-24.62604969,47.25209282,0,2.6e-11
1.0152154345285829,0.0,-0.0002509677137982,0.0096850707443631,-0.0602639205532683,-0.0019669963959242,19.3111073091214536,3.0001762656641691,22.6814,2.0000,-24.68136119,47.36271813,0,1.4e-13
1.0152136423030715,0.0,-0.0002584215593810,0.0096911248490827,-0.0602615807669516,-0.0020250920966660,19.3101073091214523,3.0001763962713701,22.7369,2.0000,-24.73685570,47.47370633,0,6.0e-14
1.0152118492201017,0.0,-0.0002656808808366,0.0096971810990840,-0.0602592378887469,-0.0020816446242621,19.3091073091214511,3.0001765269409981,22.7925,2.0000,-24.79253415,47.58506241,0,5.5e-13
1.0152100552781529,0.0,-0.0002727612023255,0.0097032395008000,-0.0602568919130512,-0.0021367766649883,19.3081073091214535,3.0001766576731494,22.8484,2.0000,-24.84839731,47.69678753,0,8.0e-13
1.0152082604755004,0.0,-0.0002796761723418,0.0097093000535978,-0.0602545428327984,-0.0021905956393631,19.3071073091214522,3.0001767884679240,22.9044,2.0000,-24.90444599,47.80888384,0,3.2e-13
1.0152064648105430,0.0,-0.0002864377739740,0.0097153627622413,-0.0602521906419941,-0.0022431962128406,19.3061073091214546,3.0001769193254200,22.9607,2.0000,-24.96068094,47.92135230,0,1.3e-12
1.0152046682815339,0.0,-0.0002930566814891,0.0097214276251906,-0.0602498353333496,-0.0022946623373602,19.3051073091214533,3.0001770502457368,23.0171,2.0000,-25.01710298,48.03419512,0,2.6e-13
1.0152028708867946,0.0,-0.0002995423851300,0.0097274946442610,-0.0602474769002297,-0.0023450688593494,19.3041073091214521,3.0001771812289726,23.0737,2.0000,-25.07371287,48.14741296,0,3.8e-12
1.0152010726247385,0.0,-0.0003059033583576,0.0097335638249998,-0.0602451153367450,-0.0023944828404044,19.3031073091214544,3.0001773122752304,23.1305,2.0000,-25.13051146,48.26100892,0,4.8e-14
1.0151992734941382,0.0,-0.0003121471298799,0.0097396351858594,-0.0602427506395782,-0.0024429646290078,19.3021073091214532,3.0001774433846036,23.1875,2.0000,-25.18749945,48.37498206,0,8.7e-12
1.0151974734915892,0.0,-0.0003182811032460,0.0097457086647128,-0.0602403827891006,-0.0024905689206036,19.3011073091214520,3.0001775745572021,23.2447,2.0000,-25.24467782,48.48933789,0,3.7e-13
1.0151956726172011,0.0,-0.0003243110484148,0.0097517843301251,-0.0602380117921140,-0.0025373451346931,19.3001073091214508,3.0001777057931176,23.3020,2.0000,-25.30204721,48.60407441,0,4.3e-13
1.0151938708685759,0.0,-0.0003302428722651,0.0097578621589364,-0.0602356376368099,-0.0025833384368260,19.2991073091214531,3.0001778370924534,23.3596,2.0000,-25.35960851,48.71919478,0,1.0e-13
1.0151920682431939,0.0,-0.0003360820286618,0.0097639421202551,-0.0602332603097939,-0.0026285901177226,19.2981073091214519,3.0001779684553096,23.4174,2.0000,-25.41736250,48.83469978,0,3.9e-12
1.0151902647421518,0.0,-0.0003418325391236,0.0097700243247665,-0.0602308798263729,-0.0026731378000339,19.2971073091214507,3.0001780998817869,23.4753,2.0000,-25.47530998,48.95059079,0,1.5e-11
1.0151884603607033,0.0,-0.0003474996246157,0.0097761086579638,-0.0602284961561804,-0.0027170164336369,19.2961073091214530,3.0001782313719976,23.5335,2.0000,-25.53345198,49.06687359,0,4.9e-13
1.0151866550982775,0.0,-0.0003530870424610,0.0097821951644450,-0.0602261093010194,-0.0027602579932674,19.2951073091214518,3.0001783629260297,23.5918,2.0000,-25.59178909,49.18354484,0,4.0e-13
1.0151848489531219,0.0,-0.0003585985437980,0.0097882838459416,-0.0602237192540466,-0.0028028920961859,19.2941073091214506,3.0001784945439902,23.6503,2.0000,-25.65032223,49.30060781,0,7.8e-14
1.0151830419234327,0.0,-0.0003640376266002,0.0097943747005749,-0.0602213260076465,-0.0028449461888933,19.2931073091214529,3.0001786262259822,23.7091,2.0000,-25.70905224,49.41806440,0,6.8e-13
1.0151812340076067,0.0,-0.0003694074808755,0.0098004677356316,-0.0602189295560406,-0.0028864457438943,19.2921073091214517,3.0001787579721073,23.7680,2.0000,-25.76797996,49.53591592,0,9.3e-13
1.0151794252010642,0.0,-0.0003747118257959,0.0098065628392495,-0.0602165298692194,-0.0029274146442521,19.2911073091214504,3.0001788897824668,23.8271,2.0000,-25.82710618,49.65416290,0,1.3e-11
1.0151776155101850,0.0,-0.0003799514112379,0.0098126603377995,-0.0602141270061615,-0.0029678745099724,19.2901073091214528,3.0001790216571704,23.8864,2.0000,-25.88643190,49.77281053,0,9.8e-12
1.0151758049251340,0.0,-0.0003851308880340,0.0098187599100852,-0.0602117208943219,-0.0030078464816898,19.2891073091214516,3.0001791535963145,23.9460,2.0000,-25.94595784,49.89185712,0,1.7e-11
1.0151739934468407,0.0,-0.0003902520179484,0.0098248616662867,-0.0602093115487395,-0.0030473497250151,19.2881073091214503,3.0001792856000149,24.0057,2.0000,-26.00568507,50.01130891,0,1.7e-13
1.0151721810736021,0.0,-0.0003953170908860,0.0098309656086875,-0.0602068989624726,-0.0030864023615198,19.2871073091214527,3.0001794176683623,24.0656,2.0000,-26.06561419,50.13116215,0,9.0e-14
1.0151703678035662,0.0,-0.0004003282788790,0.0098370717357177,-0.0602044831278197,-0.0031250214106168,19.2861073091214514,3.0001795498014650,24.1257,2.0000,-26.12574618,50.25142069,0,1.3e-12
1.0151685536350585,0.0,-0.0004052875812196,0.0098431800532613,-0.0602020640385746,-0.0031632228678427,19.2851073091214538,3.0001796819994295,24.1861,2.0000,-26.18608193,50.37208673,0,5.5e-13
1.0151667385662246,0.0,-0.0004101969212256,0.0098492905601908,-0.0601996416870440,-0.0032010218081090,19.2841073091214525,3.0001798142623604,24.2466,2.0000,-26.24662230,50.49316146,0,2.0e-12
1.0151649225952804,0.0,-0.0004150580984173,0.0098554032577687,-0.0601972160660425,-0.0032384324450444,19.2831073091214513,3.0001799465903649,24.3074,2.0000,-26.30736821,50.61464735,0,3.1e-14
1.0151631057204902,0.0,-0.0004198727982322,0.0098615181498439,-0.0601947871688586,-0.0032754681987289,19.2821073091214537,3.0001800789835462,24.3683,2.0000,-26.36832051,50.73654549,0,1.5e-14
1.0151612879400307,0.0,-0.0004246426356559,0.0098676352363450,-0.0601923549879570,-0.0033121417643172,19.2811073091214524,3.0001802114420091,24.4295,2.0000,-26.42948007,50.85885702,0,6.4e-12
1.0151594692521178,0.0,-0.0004293691201533,0.0098737545206858,-0.0601899195165290,-0.0033484651553379,19.2801073091214512,3.0001803439658667,24.4909,2.0000,-26.49084792,50.98158644,0,4.5e-13
1.0151576496549295,0.0,-0.0004340537032201,0.0098798760025331,-0.0601874807469141,-0.0033844497650641,19.2791073091214535,3.0001804765552178,24.5524,2.0000,-26.55242481,51.10473243,0,2.1e-12
1.0151558291466578,0.0,-0.0004386977469562,0.0098859996842611,-0.0601850386720432,-0.0034201063999221,19.2781073091214523,3.0001806092101750,24.6142,2.0000,-26.61421174,51.22829866,0,6.0e-13
1.0151540077255115,0.0,-0.0004433025468957,0.0098921255679856,-0.0601825932847302,-0.0034554453262211,19.2771073091214511,3.0001807419308419,24.6762,2.0000,-26.67620957,51.35228600,0,1.8e-12
1.0151521853896375,0.0,-0.0004478693429547,0.0098982536542315,-0.0601801445774612,-0.0034904763078981,19.2761073091214534,3.0001808747173286,24.7384,2.0000,-26.73841928,51.47669713,0,5.2e-13
1.0151503621372659,0.0,-0.0004523992985363,0.0099043839467886,-0.0601776925433500,-0.0035252086348729,19.2751073091214522,3.0001810075697413,24.8008,2.0000,-26.80084172,51.60153279,0,1.6e-12
1.0151485379665419,0.0,-0.0004568935383567,0.0099105164462231,-0.0601752371748245,-0.0035596511621080,19.2741073091214510,3.0001811404881882,24.8635,2.0000,-26.86347786,51.72679523,0,5.4e-12
1.0151467128755918,0.0,-0.0004613531337563,0.0099166511533154,-0.0601727784643799,-0.0035938123328780,19.2731073091214533,3.0001812734727813,24.9263,2.0000,-26.92632869,51.85248789,0,3.6e-13
1.0151448868626030,0.0,-0.0004657791038692,0.0099227880694997,-0.0601703164045606,-0.0036277002064188,19.2721073091214521,3.0001814065236250,24.9894,2.0000,-26.98939503,51.97861014,0,1.8e-12
1.0151430599257993,0.0,-0.0004701724050350,0.0099289271997276,-0.0601678509886159,-0.0036613224768793,19.2711073091214509,3.0001815396408258,25.0527,2.0000,-27.05267781,52.10516334,0,1.6e-11
1.0151412320631887,0.0,-0.0004745339887454,0.0099350685412377,-0.0601653822082581,-0.0036946865081326,19.2701073091214532,3.0001816728245072,25.1162,2.0000,-27.11617823,52.23215491,0,1.6e-12
1.0151394032730106,0.0,-0.0004788647320366,0.0099412120982967,-0.0601629100565171,-0.0037277993400660,19.2691073091214520,3.0001818060747656,25.1799,2.0000,-27.17989698,52.35958101,0,1.0e-12
1.0151375735533916,0.0,-0.0004831654879189,0.0099473578722835,-0.0601604345258588,-0.0037606677156111,19.2681073091214508,3.0001819393917151,25.2438,2.0000,-27.24383510,52.48744545,0,1.7e-13
1.0151357429024674,0.0,-0.0004874370725765,0.0099535058648389,-0.0601579556087805,-0.0037932980962440,19.2671073091214531,3.0001820727754649,25.3080,2.0000,-27.30799354,52.61574960,0,2.6e-12
1.0151339113183633,0.0,-0.0004916802677674,0.0099596560777891,-0.0601554732977842,-0.0038256966776915,19.2661073091214519,3.0001822062261283,25.3724,2.0000,-27.37237331,52.74449641,0,1.3e-12
1.0151320787991718,0.0,-0.0004958958291685,0.0099658085118005,-0.0601529875851141,-0.0038578694069498,19.2651073091214506,3.0001823397438159,25.4370,2.0000,-27.43697537,52.87368735,0,3.6e-13
1.0151302453430515,0.0,-0.0005000844710439,0.0099719631699676,-0.0601504984634721,-0.0038898219917622,19.2641073091214530,3.0001824733286377,25.5018,2.0000,-27.50180067,53.00332406,0,3.0e-13
1.0151284109480796,0.0,-0.0005042468926216,0.0099781200525475,-0.0601480059249686,-0.0039215599196129,19.2631073091214517,3.0001826069807072,25.5669,2.0000,-27.56685021,53.13340864,0,2.4e-13
1.0151265756124237,0.0,-0.0005083837480136,0.0099842791637800,-0.0601455099624953,-0.0039530884622508,19.2621073091214505,3.0001827407001325,25.6321,2.0000,-27.63212494,53.26394211,0,8.4e-12
1.0151247393340619,0.0,-0.0005124956968358,0.0099904405011833,-0.0601430105675714,-0.0039844126980449,19.2611073091214529,3.0001828744870349,25.6976,2.0000,-27.69762601,53.39492985,0,4.3e-15
1.0151229021110957,0.0,-0.0005165833664831,0.0099966040640426,-0.0601405077319909,-0.0040155375152162,19.2601073091214516,3.0001830083415135,25.7634,2.0000,-27.76335415,53.52636810,0,1.5e-11
1.0151210639418924,0.0,-0.0005206472750046,0.0100027698707826,-0.0601380014515099,-0.0040464675985071,19.2591073091214504,3.0001831422636998,25.8293,2.0000,-27.82931073,53.65826659,0,5.1e-13
1.0151192248242140,0.0,-0.0005246880768190,0.0100089379049370,-0.0601354917146671,-0.0040772075030468,19.2581073091214527,3.0001832762536922,25.8955,2.0000,-27.89549646,53.79062096,0,3.0e-13
1.0151173847562389,0.0,-0.0005287062962619,0.0100151081742604,-0.0601329785149516,-0.0041077615934786,19.2571073091214515,3.0001834103116107,25.9619,2.0000,-27.96191246,53.92343514,0,1.1e-13
1.0151155437362078,0.0,-0.0005327024362601,0.0100212806871322,-0.0601304618459427,-0.0041381340800841,19.2561073091214503,3.0001835444375633,26.0286,2.0000,-28.02855968,54.05670989,0,9.7e-12
1.0151137017617140,0.0,-0.0005366770953926,0.0100274554258110,-0.0601279416959069,-0.0041683290542134,19.2551073091214526,3.0001836786316765,26.0955,2.0000,-28.09543934,54.19045147,0,1.0e-13
1.0151118588312835,0.0,-0.0005406306853762,0.0100336324112884,-0.0601254180609190,-0.0041983504265602,19.2541073091214514,3.0001838128940541,26.1626,2.0000,-28.16255230,54.32465770,0,3.4e-13
1.0151100149428101,0.0,-0.0005445637128844,0.0100398116390503,-0.0601228909318506,-0.0042282020018662,19.2531073091214537,3.0001839472248157,26.2299,2.0000,-28.22989965,54.45933214,0,9.7e-14
1.0151081700943436,0.0,-0.0005484766441909,0.0100459931099731,-0.0601203603006751,-0.0042578874521661,19.2521073091214525,3.0001840816240772,26.2975,2.0000,-28.29748243,54.59447677,0,2.3e-13
1.0151063242839327,0.0,-0.0005523699227606,0.0100521768268946,-0.0601178261596971,-0.0042874103267250,19.2511073091214513,3.0001842160919527,26.3653,2.0000,-28.36530170,54.73009368,0,4.3e-13
1.0151044775096050,0.0,-0.0005562439861227,0.0100583627904325,-0.0601152885007869,-0.0043167740614182,19.2501073091214536,3.0001843506285595,26.4334,2.0000,-28.43335851,54.86618493,0,7.3e-14
1.0151026297693959,0.0,-0.0005600992509332,0.0100645510030408,-0.0601127473161099,-0.0043459819802863,19.2491073091214524,3.0001844852340138,26.5017,2.0000,-28.50165393,55.00275269,0,3.3e-13
1.0151007810614028,0.0,-0.0005639361132670,0.0100707414687455,-0.0601102025981352,-0.0043750373005805,19.2481073091214512,3.0001846199084334,26.5702,2.0000,-28.57018900,55.13979883,0,1.8e-12
1.0150989313834238,0.0,-0.0005677549988254,0.0100769341815464,-0.0601076543373852,-0.0044039431476536,19.2471073091214535,3.0001847546519347,26.6390,2.0000,-28.63896487,55.27732646,0,6.2e-13
1.0150970807338082,0.0,-0.0005715562363515,0.0100831291558959,-0.0601051025282845,-0.0044327025321801,19.2461073091214523,3.0001848894646326,26.7080,2.0000,-28.70798246,55.41533461,0,1.3e-11
1.0150952291101307,0.0,-0.0005753402682764,0.0100893263755110,-0.0601025471591933,-0.0044613184012601,19.2451073091214511,3.0001850243466555,26.7773,2.0000,-28.77724312,55.55383163,0,2.0e-13
1.0150933765107544,0.0,-0.0005791073916672,0.0100955258573089,-0.0600999882250627,-0.0044897935820482,19.2441073091214534,3.0001851592981086,26.8468,2.0000,-28.84674769,55.69281334,0,5.0e-12
1.0150915229335442,0.0,-0.0005828579716068,0.0101017275987342,-0.0600974257169197,-0.0045181308354348,19.2431073091214522,3.0001852943191203,26.9165,2.0000,-28.91649743,55.83228597,0,2.0e-13
1.0150896683765227,0.0,-0.0005865923470789,0.0101079316010229,-0.0600948596265371,-0.0045463328379311,19.2421073091214510,3.0001854294098034,26.9865,2.0000,-28.98649333,55.97224940,0,3.2e-13
1.0150878128376417,0.0,-0.0005903108473612,0.0101141378656121,-0.0600922899456546,-0.0045744021880218,19.2411073091214533,3.0001855645702795,27.0568,2.0000,-29.05673654,56.11270620,0,2.4e-12
1.0150859563148520,0.0,-0.0005940137920944,0.0101203463938024,-0.0600897166660031,-0.0046023414094196,19.2401073091214521,3.0001856998006704,27.1273,2.0000,-29.12722822,56.25365980,0,5.3e-13
1.0150840988061671,0.0,-0.0005977014876028,0.0101265571880114,-0.0600871397794946,-0.0046301529531333,19.2391073091214508,3.0001858351010937,27.1980,2.0000,-29.19796945,56.39511150,0,4.0e-13
1.0150822403095281,0.0,-0.0006013742368607,0.0101327702493408,-0.0600845592777401,-0.0046578392026603,19.2381073091214532,3.0001859704716711,27.2690,2.0000,-29.26896135,56.53706341,0,3.7e-13
1.0150803808229285,0.0,-0.0006050323260005,0.0101389855810518,-0.0600819751527821,-0.0046854024730194,19.2371073091214519,3.0001861059125230,27.3402,2.0000,-29.34020508,56.67951827,0,2.4e-13
1.0150785203444332,0.0,-0.0006086760200599,0.0101452031899924,-0.0600793873973020,-0.0047128450129659,19.2361073091214507,3.0001862414237652,27.4117,2.0000,-29.41170166,56.82247533,0,1.8e-11
1.0150766588715197,0.0,-0.0006123056715570,0.0101514230577260,-0.0600767959989345,-0.0047401690324197,19.2351073091214531,3.0001863770055368,27.4835,2.0000,-29.48345258,56.96594521,0,5.3e-13
1.0150747964026230,0.0,-0.0006159214706494,0.0101576452067315,-0.0600742009534942,-0.0047673766454165,19.2341073091214518,3.0001865126579421,27.5555,2.0000,-29.55545863,57.10992166,0,9.0e-13
1.0150729329354982,0.0,-0.0006195237049648,0.0101638696320158,-0.0600716022512084,-0.0047944699344712,19.2331073091214506,3.0001866483811099,27.6278,2.0000,-29.62772113,57.25441043,0,1.3e-13
1.0150710684680837,0.0,-0.0006231126302357,0.0101700963350338,-0.0600689998836003,-0.0048214509215287,19.2321073091214529,3.0001867841751628,27.7003,2.0000,-29.70024121,57.39941317,0,1.3e-13
1.0150692029982946,0.0,-0.0006266884936623,0.0101763253178809,-0.0600663938422832,-0.0048483215754212,19.2311073091214517,3.0001869200402220,27.7731,2.0000,-29.77302004,57.54493189,0,3.9e-12
1.0150673365240244,0.0,-0.0006302515402285,0.0101825565813385,-0.0600637841186148,-0.0048750838151509,19.2301073091214505,3.0001870559764168,27.8461,2.0000,-29.84605885,57.69097056,0,6.7e-13
1.0150654690432057,0.0,-0.0006338020030277,0.0101887901279605,-0.0600611707042108,-0.0049017395098657,19.2291073091214528,3.0001871919838647,27.9194,2.0000,-29.91935878,57.83753011,0,3.2e-13
1.0150636005537299,0.0,-0.0006373401133456,0.0101950259590097,-0.0600585535904615,-0.0049282904822740,19.2281073091214516,3.0001873280626921,27.9930,2.0000,-29.99292102,57.98461307,0,1.2e-13
1.0150617310534964,0.0,-0.0006408660922950,0.0102012640770814,-0.0600559327689631,-0.0049547385086255,19.2271073091214504,3.0001874642130253,28.0668,2.0000,-30.06674679,58.13222204,0,2.5e-13
1.0150598605400682,0.0,-0.0006443802244031,0.0102075044652872,-0.0600533082274387,-0.0049810853382458,19.2261073091214527,3.0001876004349857,28.1409,1.9999,-30.14083728,58.28035916,0,2.0e-12
1.0150579890122673,0.0,-0.0006478825359539,0.0102137471781503,-0.0600506799676504,-0.0050073326161857,19.2251073091214515,3.0001877367287042,28.2152,1.9999,-30.21519372,58.42902704,0,3.7e-12
1.0150561164672558,0.0,-0.0006513733825257,0.0102199921757866,-0.0600480479728221,-0.0050334820278775,19.2241073091214503,3.0001878730942981,28.2899,1.9999,-30.28981722,58.57822563,0,2.1e-11
1.0150542429025391,0.0,-0.0006548530162557,0.0102262394459258,-0.0600454122313206,-0.0050595351965627,19.2231073091214526,3.0001880095319104,28.3648,1.9999,-30.36470935,58.72796591,0,3.7e-14
1.0150523683169064,0.0,-0.0006583214827368,0.0102324890337215,-0.0600427727432445,-0.0050854936559089,19.2221073091214514,3.0001881460416451,28.4399,1.9999,-30.43987087,58.87823815,0,1.9e-11
1.0150504927072286,0.0,-0.0006617791424159,0.0102387408933117,-0.0600401294901500,-0.0051113589828578,19.2211073091214537,3.0001882826236512,28.5154,1.9999,-30.51530345,59.02905638,0,1.3e-12
1.0150486160721000,0.0,-0.0006652260543342,0.0102449950636135,-0.0600374824708395,-0.0051371326442473,19.2201073091214525,3.0001884192780408,28.5911,1.9999,-30.59100806,59.18041521,0,1.5e-13
1.0150467384091275,0.0,-0.0006686624455931,0.0102512515342535,-0.0600348316740381,-0.0051628161155233,19.2191073091214513,3.0001885560049470,28.6670,1.9999,-30.66698603,59.33231932,0,6.1e-14
1.0150448597161259,0.0,-0.0006720884979758,0.0102575103066586,-0.0600321770908360,-0.0051884108284473,19.2181073091214536,3.0001886928044978,28.7433,1.9999,-30.74323863,59.48477150,0,2.1e-13
1.0150392174353280,0.0,-0.0006823063534382,0.0102763004557959,-0.0600241905347876,-0.0052646762479202,19.2151073091214535,3.0001891036403023,28.9737,1.9999,-30.97365686,59.94543964,0,8.7e-12
1.0150335658054970,0.0,-0.0006924373050353,0.0102951113765255,-0.0600161695786537,-0.0053401913842645,19.2121073091214534,3.0001895151345703,29.2067,1.9999,-31.20659303,60.41113452,0,2.5e-13
1.0150279047673043,0.0,-0.0007024855866915,0.0103139431261193,-0.0600081139807873,-0.0054149900496036,19.2091073091214533,3.0001899272908212,29.4422,1.9999,-31.44208214,60.88192102,0,1.1e-12
1.0150222342604780,0.0,-0.0007124552124894,0.0103327957484102,-0.0600000234943210,-0.0054891039595043,19.2061073091214531,3.0001903401126220,29.6802,1.9999,-31.68016017,61.35787237,0,3.2e-13
1.0150165542242326,0.0,-0.0007223499481370,0.0103516692890987,-0.0599918978701446,-0.0055625629022024,19.2031073091214530,3.0001907536035675,29.9210,1.9999,-31.92086355,61.83906048,0,2.5e-13
1.0150108645972364,0.0,-0.0007321733320066,0.0103705637956935,-0.0599837368568897,-0.0056353949008372,19.2001073091214529,3.0001911677672894,30.1643,1.9999,-32.16422941,62.32555905,0,6.4e-13
1.0150051653175323,0.0,-0.0007419287018762,0.0103894793150464,-0.0599755402003458,-0.0057076263612617,19.1971073091214528,3.0001915826074552,30.4104,1.9999,-32.41029548,62.81744256,0,2.6e-13
1.0149994563225788,0.0,-0.0007516192107713,0.0104084158932757,-0.0599673076434739,-0.0057792822019454,19.1941073091214527,3.0001919981277649,30.6592,1.9999,-32.65910017,63.31478718,0,1.5e-12
1.0149937375498879,0.0,-0.0007612477427288,0.0104273736087499,-0.0599590389328950,-0.0058503859466852,19.1911073091214526,3.0001924143319489,30.9108,1.9999,-32.91068236,63.81766672,0,2.0e-11
1.0149880089336745,0.0,-0.0007708173930783,0.0104463524174185,-0.0599507337880368,-0.0059209599471564,19.1881073091214525,3.0001928312238095,31.1652,1.9999,-33.16508244,64.32617189,0,3.8e-13
1.0149822704116596,0.0,-0.0007803305488544,0.0104653524614279,-0.0599423919626237,-0.0059910252452758,19.1851073091214523,3.0001932488071188,31.4225,1.9999,-33.42234003,64.84036487,0,3.2e-11
1.0149765219178721,0.0,-0.0007897898636765,0.0104843737492547,-0.0599340131808567,-0.0060606019008299,19.1821073091214522,3.0001936670857603,31.6827,1.9998,-33.68249698,65.36034406,0,2.3e-11
1.0149707633870393,0.0,-0.0007991976605719,0.0105034163593768,-0.0599255971781085,-0.0061297089176620,19.1791073091214521,3.0001940860636194,31.9458,2.0000,-33.94559517,65.88619076,0,1.4e-11
1.0149649947518566,0.0,-0.0008085564910789,0.0105224802489259,-0.0599171436620301,-0.0061983644566156,19.1761073091214520,3.0001945057445849,32.2119,1.9998,-34.21167653,66.41797302,0,2.6e-12
1.0149592159463769,0.0,-0.0008178682661417,0.0105415655623081,-0.0599086523755180,-0.0062665856726344,19.1731073091214519,3.0001949261326559,32.4810,1.9998,-34.48078514,66.95579189,0,1.1e-12
1.0149534269031257,0.0,-0.0008271350584319,0.0105606723523851,-0.0599001230401081,-0.0063343889787301,19.1701073091214553,3.0001953472318275,32.7532,1.9998,-34.75296501,67.49972991,0,1.9e-12
1.0149476275519032,0.0,-0.0008363591958334,0.0105798005455828,-0.0598915553470112,-0.0064017901335172,19.1671073091214552,3.0001957690461447,33.0285,1.9998,-35.02826100,68.04987554,0,4.8e-12
1.0149418178254430,0.0,-0.0008455422491255,0.0105989503091011,-0.0598829490355841,-0.0064688040048220,19.1641073091214551,3.0001961915796955,33.3069,1.9998,-35.30671908,68.60632232,0,2.8e-13
1.0149359976533945,0.0,-0.0008546861477247,0.0106181216517418,-0.0598743038082404,-0.0065354449255919,19.1611073091214550,3.0001966148366042,33.5886,1.9998,-35.58838576,69.16915975,0,2.1e-13
1.0149301669652142,0.0,-0.0008637926530753,0.0106373146145862,-0.0598656193711244,-0.0066017265871363,19.1581073091214549,3.0001970388210366,33.8736,1.9997,-35.87330840,69.73847914,0,1.9e-11
1.0149243256898008,0.0,-0.0008728634009877,0.0106565292593920,-0.0598568954314024,-0.0066676620874621,19.1551073091214548,3.0001974635372188,34.1618,1.9997,-36.16153561,70.31438538,0,2.7e-12
1.0149184737551278,0.0,-0.0008819000241595,0.0106757656233928,-0.0598481316877722,-0.0067332640020630,19.1521073091214546,3.0001978889893923,34.4534,1.9997,-36.45311634,70.89696732,0,1.3e-13
1.0149126110885340,0.0,-0.0008909040562705,0.0106950237574702,-0.0598393278384610,-0.0067985443868549,19.1491073091214545,3.0001983151818576,34.7484,1.9997,-36.74810069,71.48632391,0,1.0e-11
1.0149067376164076,0.0,-0.0008998770085718,0.0107143036977561,-0.0598304835752260,-0.0068635148295677,19.1461073091214544,3.0001987421189660,35.0469,1.9997,-37.04653985,72.08256201,0,1.4e-14
1.0149008532647090,0.0,-0.0009088202731590,0.0107336055058105,-0.0598215985915483,-0.0069281864506190,19.1431073091214543,3.0001991698050983,35.3488,1.9997,-37.34848560,72.68577809,0,3.2e-12
1.0148949579583275,0.0,-0.0009177352408657,0.0107529292225382,-0.0598126725731790,-0.0069925699605016,19.1401073091214542,3.0001995982446941,35.6543,1.9996,-37.65399099,73.29608038,0,1.6e-13
1.0148890516215845,0.0,-0.0009266232198464,0.0107722749025027,-0.0598037052050589,-0.0070566756609968,19.1371073091214541,3.0002000274422231,35.9635,1.9996,-37.96310971,73.91356874,0,2.6e-11
1.0148831341776043,0.0,-0.0009354855266514,0.0107916425772804,-0.0597946961638550,-0.0071205134911336,19.1341073091214540,3.0002004574022387,36.2763,1.9996,-38.27589709,74.53836617,0,1.1e-12
1.0148772055491995,0.0,-0.0009443233611074,0.0108110323087892,-0.0597856451286737,-0.0071840930151621,19.1311073091214539,3.0002008881292945,36.5928,1.9996,-38.59240868,75.17056934,0,6.7e-13
1.0148712656580463,0.0,-0.0009531379274940,0.0108304441396958,-0.0597765517710125,-0.0072474234724644,19.1281073091214537,3.0002013196280219,36.9131,1.9996,-38.91270158,75.81029531,0,5.7e-13
1.0148653144250313,0.0,-0.0009619303795202,0.0108498781174677,-0.0597674157595099,-0.0073105137814112,19.1251073091214536,3.0002017519030959,37.2373,1.9995,-39.23683382,76.45765806,0,5.9e-14
1.0148593517701983,0.0,-0.0009707018341776,0.0108693342893460,-0.0597582367589108,-0.0073733725591990,19.1221073091214535,3.0002021849592406,37.5653,1.9995,-39.56486457,77.11277457,0,1.5e-12
1.0148533776127195,0.0,-0.0009794533730714,0.0108888127026755,-0.0597490144300689,-0.0074360081376909,19.1191073091214534,3.0002026188012310,37.8974,1.9995,-39.89685412,77.77576423,0,8.3e-13
1.0148473918708847,0.0,-0.0009881860456843,0.0109083134043289,-0.0597397484297452,-0.0074984285787550,19.1161073091214533,3.0002030534338937,38.2334,1.9995,-40.23286384,78.44674752,0,7.9e-13
1.0148413944620798,0.0,-0.0009969008691019,0.0109278364415451,-0.0597304384107593,-0.0075606416875014,19.1131073091214532,3.0002034888621090,38.5735,1.9995,-40.57295636,79.12584838,0,8.5e-13
1.0148353853028178,0.0,-0.0010055988283472,0.0109473818625950,-0.0597210840220072,-0.0076226550254294,19.1101073091214531,3.0002039250908044,38.9178,1.9994,-40.91719536,79.81318922,0,1.2e-11
1.0148293643085924,0.0,-0.0010142808877064,0.0109669497122298,-0.0597116849075474,-0.0076844759245880,19.1071073091214529,3.0002043621249768,39.2662,1.9994,-41.26564606,80.50890611,0,8.7e-13
1.0148233313940669,0.0,-0.0010229479764777,0.0109865400390160,-0.0597022407079087,-0.0077461114961305,19.1041073091214528,3.0002047999696595,39.6190,1.9994,-41.61837455,81.21312236,0,7.3e-13
1.0148172864729117,0.0,-0.0010316010012997,0.0110061528901326,-0.0596927510590782,-0.0078075686429385,19.1011073091214527,3.0002052386299507,39.9761,1.9993,-41.97544842,81.92597343,0,4.6e-13
1.0148152688159482,0.0,-0.0010344823800395,0.0110126955164129,-0.0596895776785396,-0.0078280158756309,19.1001073091214515,3.0002053850321846,40.0961,1.9993,-42.09545056,82.16553320,0,3.9e-12
1.0148132498120321,0.0,-0.0010373623089355,0.0110192406606211,-0.0596863991951492,-0.0078484442683993,19.0991073091214538,3.0002055315258036,40.2166,1.9993,-42.21594571,82.40607098,0,9.2e-13
1.0148112294577907,0.0,-0.0010402408467278,0.0110257883118604,-0.0596832155924825,-0.0078688540702835,19.0981073091214526,3.0002056781110045,40.3376,1.9993,-42.33693653,82.64759449,0,1.1e-13
1.0148092077499771,0.0,-0.0010431180152095,0.0110323384764663,-0.0596800268576222,-0.0078892455175335,19.0971073091214514,3.0002058247879799,40.4591,1.9993,-42.45842561,82.89010769,0,1.0e-13
1.0148071846852862,0.0,-0.0010459938443311,0.0110388911568995,-0.0596768329767477,-0.0079096188468621,19.0961073091214537,3.0002059715569245,40.5811,1.9993,-42.58041557,83.13361525,0,3.3e-12
1.0148051602604238,0.0,-0.0010488683726472,0.0110454463511356,-0.0596736339352442,-0.0079299742943096,19.0951073091214525,3.0002061184180326,40.7036,1.9993,-42.70290909,83.37812418,0,1.5e-13
1.0148031344721500,0.0,-0.0010517416191131,0.0110520040663566,-0.0596704297201919,-0.0079503120895526,19.0941073091214513,3.0002062653714954,40.8266,1.9993,-42.82590873,83.62363482,0,1.5e-11
1.0148011073168739,0.0,-0.0010546136275624,0.0110585642989845,-0.0596672203160671,-0.0079706324670956,19.0931073091214536,3.0002064124175263,40.9502,1.9993,-42.94941745,83.87016257,0,5.5e-13
1.0147990787915144,0.0,-0.0010574844174265,0.0110651270548363,-0.0596640057099461,-0.0079909356516336,19.0921073091214524,3.0002065595563043,41.0742,1.9993,-43.07343768,84.11770332,0,4.6e-13
1.0147970488926248,0.0,-0.0010603540230029,0.0110716923340039,-0.0596607858871399,-0.0080112218709112,19.0911073091214512,3.0002067067880342,41.1987,1.9992,-43.19797220,84.36626440,0,5.3e-12
1.0147950176168210,0.0,-0.0010632224749038,0.0110782601377451,-0.0596575608333249,-0.0080314913492566,19.0901073091214535,3.0002068541129185,41.3238,1.9992,-43.32302385,84.61585475,0,1.2e-12
1.0147929849607447,0.0,-0.0010660897999518,0.0110848304691808,-0.0596543305344367,-0.0080517443083128,19.0891073091214523,3.0002070015311508,41.4494,1.9992,-43.44859527,84.86647579,0,6.7e-13
1.0147909509209891,0.0,-0.0010689560300164,0.0110914033287569,-0.0596510949758455,-0.0080719809691417,19.0881073091214510,3.0002071490429323,41.5755,1.9992,-43.57468928,85.11813443,0,3.0e-13
1.0147889154941379,0.0,-0.0010718211927275,0.0110979787189527,-0.0596478541432572,-0.0080922015497445,19.0871073091214534,3.0002072966484681,41.7021,1.9992,-43.70130869,85.37083656,0,3.8e-13
1.0147868786767826,0.0,-0.0010746853176665,0.0111045566411190,-0.0596446080221023,-0.0081124062668511,19.0861073091214521,3.0002074443479576,41.8293,1.9992,-43.82845629,85.62458760,0,6.8e-13
1.0147848404654742,0.0,-0.0010775484334195,0.0111111370970336,-0.0596413565978269,-0.0081325953351896,19.0851073091214545,3.0002075921416020,41.9570,1.9992,-43.95613490,85.87939255,0,1.9e-13
1.0147828008568405,0.0,-0.0010804105566442,0.0111177200941568,-0.0596380998570389,-0.0081527689640686,19.0841073091214533,3.0002077400296021,42.0852,1.9992,-44.08434730,86.13525371,0,1.8e-11
1.0147807598472114,0.0,-0.0010832717527883,0.0111243056159847,-0.0596348377811941,-0.0081729273756956,19.0831073091214520,3.0002078880121759,42.2139,1.9992,-44.21309661,86.39218785,0,8.5e-13
1.0147787174333300,0.0,-0.0010861320079836,0.0111308936847336,-0.0596315703598976,-0.0081930707668714,19.0821073091214544,3.0002080360895138,42.3432,1.9991,-44.34238545,86.65018954,0,1.2e-12
1.0147766736116113,0.0,-0.0010889913693356,0.0111374842927181,-0.0596282975763573,-0.0082131993508588,19.0811073091214531,3.0002081842618269,42.4731,1.9991,-44.47221684,86.90926847,0,1.9e-13
1.0147746283785859,0.0,-0.0010918498614544,0.0111440774429967,-0.0596250194160151,-0.0082333133326889,19.0801073091214519,3.0002083325293198,42.6035,1.9991,-44.60259366,87.16942948,0,1.6e-12
1.0147725817307109,0.0,-0.0010947075153793,0.0111506731355545,-0.0596217358635514,-0.0082534129176945,19.0791073091214543,3.0002084808922027,42.7344,1.9991,-44.73351887,87.43067905,0,2.5e-12
1.0147705336644863,0.0,-0.0010975643465730,0.0111572713779613,-0.0596184469052598,-0.0082734983044944,19.0781073091214530,3.0002086293506816,42.8659,1.9991,-44.86499546,87.69302354,0,5.4e-13
1.0147684841763454,0.0,-0.0011004203946976,0.0111638721655772,-0.0596151525247149,-0.0082935696981804,19.0771073091214518,3.0002087779049655,42.9979,1.9991,-44.99702638,87.95646788,0,1.2e-13
1.0147664332627366,0.0,-0.0011032756819969,0.0111704755024004,-0.0596118527073253,-0.0083136272963730,19.0761073091214541,3.0002089265552656,43.1305,1.9991,-45.12961464,88.22101816,0,1.0e-13
1.0147643809200977,0.0,-0.0011061302352836,0.0111770813900232,-0.0596085474378811,-0.0083336712969060,19.0751073091214529,3.0002090753017905,43.2637,1.9991,-45.26276325,88.48668028,0,4.2e-13
1.0147623271448345,0.0,-0.0011089840806492,0.0111836898303865,-0.0596052367011894,-0.0083537018957453,19.0741073091214517,3.0002092241447524,43.3974,1.9990,-45.39647528,88.75346070,0,5.8e-13
1.0147602719333615,0.0,-0.0011118372431835,0.0111903008257413,-0.0596019204820859,-0.0083737192870960,19.0731073091214540,3.0002093730843629,43.5317,1.9990,-45.53075375,89.02136391,0,3.9e-12
1.0147582152820451,0.0,-0.0011146897523860,0.0111969143760425,-0.0595985987648177,-0.0083937236651623,19.0721073091214528,3.0002095221208376,43.6666,1.9990,-45.66560182,89.29039944,0,1.6e-12
1.0147561571872812,0.0,-0.0011175416323588,0.0112035304839479,-0.0595952715341986,-0.0084137152207174,19.0711073091214516,3.0002096712543858,43.8020,1.9990,-45.80102250,89.56056942,0,6.2e-14
1.0147540976454108,0.0,-0.0011203929084598,0.0112101491513249,-0.0595919387747457,-0.0084336941439593,19.0701073091214539,3.0002098204852254,43.9380,1.9990,-45.93701897,89.83188197,0,5.8e-13
1.0147520366528180,0.0,-0.0011232436031686,0.0112167703814137,-0.0595886004712427,-0.0084536606225869,19.0691073091214527,3.0002099698135685,44.0746,1.9990,-46.07359433,90.10434162,0,7.1e-12
1.0147499742057640,0.0,-0.0011260937504843,0.0112233941715441,-0.0595852566071511,-0.0084736148462995,19.0681073091214515,3.0002101192396378,44.2118,1.9990,-46.21075185,90.37795888,0,7.2e-13
1.0147479103006558,0.0,-0.0011289433625577,0.0112300205300606,-0.0595819071682154,-0.0084935569970417,19.0671073091214538,3.0002102687636403,44.3495,1.9990,-46.34849457,90.65273365,0,1.0e-11
1.0147458449337134,0.0,-0.0011317924769401,0.0112366494524112,-0.0595785521372933,-0.0085134872630412,19.0661073091214526,3.0002104183858034,44.4879,1.9989,-46.48682580,90.92867754,0,1.0e-11
1.0147437781012056,0.0,-0.0011346411205540,0.0112432809391129,-0.0595751914983070,-0.0085334058284213,19.0651073091214514,3.0002105681063473,44.6268,1.9989,-46.62574883,91.20579757,0,2.3e-13
1.0147417097994997,0.0,-0.0011374893060492,0.0112499149980279,-0.0595718252367846,-0.0085533128706484,19.0641073091214537,3.0002107179254822,44.7664,1.9989,-46.76526676,91.48409538,0,1.1e-12
1.0147396400248125,0.0,-0.0011403370616964,0.0112565516290672,-0.0595684533363429,-0.0085732085714866,19.0631073091214525,3.0002108678434323,44.9065,1.9989,-46.90538291,91.76357852,0,2.7e-12
1.0147375687733304,0.0,-0.0011431844126933,0.0112631908337533,-0.0595650757808680,-0.0085930931103705,19.0621073091214512,3.0002110178604218,45.0472,1.9989,-47.04610065,92.04425586,0,2.2e-12
1.0147354960414128,0.0,-0.0011460313889046,0.0112698326101172,-0.0595616925536751,-0.0086129666667924,19.0611073091214536,3.0002111679766692,45.1886,1.9989,-47.18742318,92.32613152,0,3.4e-12
1.0147334218251649,0.0,-0.0011488780056513,0.0112764769651497,-0.0595583036395727,-0.0086328294147183,19.0601073091214523,3.0002113181923988,45.3305,1.9989,-47.32935394,92.60921333,0,5.5e-12
1.0147313461207736,0.0,-0.0011517242962665,0.0112831238954757,-0.0595549090212909,-0.0086526815324427,19.0591073091214511,3.0002114685078394,45.4731,1.9988,-47.47189630,92.89350957,0,5.2e-13
1.0147292689244818,0.0,-0.0011545702767438,0.0112897734068419,-0.0595515086834366,-0.0086725231915560,19.0581073091214535,3.0002116189232089,45.6162,1.9988,-47.61505358,93.17902341,0,6.2e-13
1.0147271902324244,0.0,-0.0011574159739189,0.0112964254993554,-0.0595481026092899,-0.0086923545660189,19.0571073091214522,3.0002117694387369,45.7600,1.9988,-47.75882922,93.46576365,0,4.9e-13
1.0147251100407648,0.0,-0.0011602614107489,0.0113030801749173,-0.0595446907824902,-0.0087121758274545,19.0561073091214510,3.0002119200546487,45.9044,1.9988,-47.90322666,93.75373647,0,1.0e-12
1.0147230283456505,0.0,-0.0011631066104287,0.0113097374354945,-0.0595412731865714,-0.0087319871462605,19.0551073091214533,3.0002120707711692,46.0495,1.9988,-48.04824930,94.04294627,0,8.7e-12
1.0147209451431607,0.0,-0.0011659515984269,0.0113163972815048,-0.0595378498047079,-0.0087517886926412,19.0541073091214521,3.0002122215885336,46.1951,1.9988,-48.19390072,94.33340512,0,6.6e-12
1.0147188604294188,0.0,-0.0011687963976366,0.0113230597147929,-0.0595344206202974,-0.0087715806347595,19.0531073091214544,3.0002123725069687,46.3414,1.9988,-48.34018441,94.62511848,0,1.0e-12
1.0147167742005407,0.0,-0.0011716410344787,0.0113297247352373,-0.0595309856162140,-0.0087913631411543,19.0521073091214532,3.0002125235266974,46.4884,1.9987,-48.48710372,94.91808548,0,1.9e-11
1.0147125971815707,0.0,-0.0011773298850767,0.0113430625590121,-0.0595240980850862,-0.0088309005001718,19.0501073091214543,3.0002128258709928,46.7842,1.9987,-48.78286410,95.50783915,0,8.3e-12
1.0147084140546425,0.0,-0.0011830183453685,0.0113564107590957,-0.0595171870746193,-0.0088704020901805,19.0481073091214519,3.0002131286232738,47.0825,1.9987,-49.08121044,96.10271636,0,2.3e-12
1.0147042247878928,0.0,-0.0011887065917394,0.0113697693508410,-0.0595102524489004,-0.0089098692092058,19.0461073091214530,3.0002134317854163,47.3835,1.9986,-49.38217187,96.70277451,0,5.0e-13
1.0147000293493815,0.0,-0.0011943948649307,0.0113831383095532,-0.0595032940636026,-0.0089493031581456,19.0441073091214541,3.0002137353593246,47.6872,1.9986,-49.68577818,97.30808765,0,6.7e-11
1.0146958277061628,0.0,-0.0012000831623222,0.0113965177574240,-0.0594963117995006,-0.0089887051526902,19.0421073091214517,3.0002140393468677,47.9935,1.9986,-49.99205844,97.91866659,0,3.0e-13
1.0146916198261315,0.0,-0.0012057718364123,0.0114099075993800,-0.0594893054973251,-0.0090280764957019,19.0401073091214528,3.0002143437500051,48.3025,1.9985,-50.30104386,98.53461947,0,7.1e-13
1.0146874056761488,0.0,-0.0012114610003964,0.0114233078849871,-0.0594822750222805,-0.0090674184078969,19.0381073091214539,3.0002146485706671,48.6143,1.9985,-50.61276497,99.15599370,0,1.2e-11
1.0146831852231184,0.0,-0.0012171508294116,0.0114367186251916,-0.0594752202320294,-0.0091067321100791,19.0361073091214550,3.0002149538107896,48.9288,1.9985,-50.92725274,99.78284027,0,7.0e-13
1.0146789584334568,0.0,-0.0012228414902594,0.0114501398348588,-0.0594681409827995,-0.0091460188127930,19.0341073091214525,3.0002152594723612,49.2461,1.9984,-51.24453905,100.41523166,0,1.1e-13
1.0146747252734472,0.0,-0.0012285331531304,0.0114635715259896,-0.0594610371296231,-0.0091852797106202,19.0321073091214537,3.0002155655573586,49.5663,1.9984,-51.56465587,101.05322660,0,4.8e-13
1.0146704857090543,0.0,-0.0012342259849585,0.0114770137115127,-0.0594539085263002,-0.0092245159854554,19.0301073091214548,3.0002158720677858,49.8893,1.9984,-51.88763573,101.69688934,0,6.4e-13
1.0146662397059467,0.0,-0.0012399201522783,0.0114904664038341,-0.0594467550252120,-0.0092637288067231,19.0281073091214523,3.0002161790056618,50.2152,1.9983,-52.21351164,102.34628464,0,7.2e-14
1.0146619872297253,0.0,-0.0012456158321244,0.0115039296071077,-0.0594395764764477,-0.0093029193328552,19.0261073091214534,3.0002164863730059,50.5440,1.9983,-52.54231688,103.00147285,0,1.6e-11
1.0146577282446425,0.0,-0.0012513131133167,0.0115174033846699,-0.0594323727363215,-0.0093420886978925,19.0241073091214545,3.0002167941719007,50.8758,1.9982,-52.87408536,103.66250845,0,1.0e-10
1.0146534627167587,0.0,-0.0012570123045854,0.0115308876490965,-0.0594251436402777,-0.0093812380577601,19.0221073091214521,3.0002171024044122,51.2106,1.9982,-53.20885249,104.32952368,0,2.7e-13
1.0146491906100636,0.0,-0.0012627134250173,0.0115443825055648,-0.0594178890500514,-0.0094203685020899,19.0201073091214532,3.0002174110725770,51.5485,1.9982,-53.54665174,105.00250941,0,9.4e-12
1.0146449118879461,0.0,-0.0012684167348955,0.0115578879102562,-0.0594106087963770,-0.0094594811878494,19.0181073091214543,3.0002177201785880,51.8894,1.9981,-53.88751942,105.68157051,0,4.7e-13
1.0146406265153094,0.0,-0.0012741223277964,0.0115714039075282,-0.0594033027353569,-0.0094985771754359,19.0161073091214519,3.0002180297244916,52.2334,1.9981,-54.23149104,106.36676826,0,6.0e-13
1.0146363344553930,0.0,-0.0012798303842583,0.0115849304982515,-0.0593959707058053,-0.0095376575688461,19.0141073091214530,3.0002183397124544,52.5806,1.9980,-54.57860316,107.05817749,0,1.9e-12
1.0146320356714389,0.0,-0.0012855410599841,0.0115984676953394,-0.0593886125492218,-0.0095767234485778,19.0121073091214505,3.0002186501446340,52.9309,1.9980,-54.92889274,107.75586844,0,1.6e-12
1.0146277301263944,0.0,-0.0012912545100303,0.0116120155112032,-0.0593812281057299,-0.0096157758849427,19.0101073091214516,3.0002189610232075,53.2844,1.9980,-55.28239731,108.45991770,0,1.8e-12
1.0146234177829117,0.0,-0.0012969708918518,0.0116255739562222,-0.0593738172135203,-0.0096548159402992,19.0081073091214527,3.0002192723503684,53.6412,1.9979,-55.63915484,109.17039599,0,1.5e-12
1.0146190986032320,0.0,-0.0013026903579019,0.0116391430433779,-0.0593663797097842,-0.0096938446668589,19.0061073091214503,3.0002195841283332,54.0013,1.9979,-55.99920402,109.88738201,0,4.4e-13
1.0146147725500025,0.0,-0.0013084131139610,0.0116527227496851,-0.0593589154241155,-0.0097328631212834,19.0041073091214514,3.0002198963592757,54.3648,1.9978,-56.36258307,110.61090765,0,1.5e-10
1.0146104395828759,0.0,-0.0013141391538310,0.0116663131916434,-0.0593514242083324,-0.0097718723004636,19.0021073091214525,3.0002202090456276,54.7316,1.9978,-56.72933439,111.34117971,0,5.8e-13
1.0146060996651085,0.0,-0.0013198687885186,0.0116799142756271,-0.0593439058769488,-0.0098108732705062,19.0001073091214536,3.0002205221894824,55.1018,1.9977,-57.09949567,112.07814923,0,2.6e-12
1.0146017527569822,0.0,-0.0013256021152234,0.0116935260488625,-0.0593363602668206,-0.0098498670380664,18.9981073091214512,3.0002208357931908,55.4754,1.9977,-57.47310867,112.82193678,0,1.4e-12
1.0145973988191030,0.0,-0.0013313392842434,0.0117071485226044,-0.0593287872072884,-0.0098888546147988,18.9961073091214523,3.0002211498590650,55.8526,1.9976,-57.85021493,113.57262374,0,4.5e-12
1.0145930378116776,0.0,-0.0013370804430142,0.0117207817100234,-0.0593211865262841,-0.0099278370045704,18.9941073091214534,3.0002214643894365,56.2333,1.9976,-58.23085658,114.33029257,0,1.3e-11
1.0145886696947011,0.0,-0.0013428257495243,0.0117344256155876,-0.0593135580486498,-0.0099668152081450,18.9921073091214510,3.0002217793866670,56.6176,1.9975,-58.61507646,115.09503368,0,6.7e-13
1.0145842944275987,0.0,-0.0013485753423348,0.0117480802578698,-0.0593059016000979,-0.0100057902127597,18.9901073091214521,3.0002220948531191,57.0054,1.9975,-59.00291787,115.86692200,0,3.3e-13
1.0145799119695718,0.0,-0.0013543293727656,0.0117617456453561,-0.0592982170028977,-0.0100447630037475,18.9881073091214496,3.0002224107911943,57.3970,1.9974,-59.39442489,116.64604737,0,9.7e-13
1.0145755222794139,0.0,-0.0013600879879494,0.0117754217892414,-0.0592905040780994,-0.0100837345588728,18.9861073091214507,3.0002227272033064,57.7923,1.9974,-59.78964224,117.43249754,0,2.4e-13
1.0145711253155401,0.0,-0.0013658513351820,0.0117891087000981,-0.0592827626449861,-0.0101227058499854,18.9841073091214518,3.0002230440918951,58.1913,1.9973,-60.18861530,118.22636011,0,2.2e-13
1.0145667210360194,0.0,-0.0013716195585832,0.0118028063902092,-0.0592749925214490,-0.0101616778422414,18.9821073091214494,3.0002233614594145,58.5941,1.9973,-60.59139009,119.02772164,0,1.4e-11
1.0145623093984486,0.0,-0.0013773928101988,0.0118165148663843,-0.0592671935225268,-0.0102006514975954,18.9801073091214505,3.0002236793083594,59.0008,1.9972,-60.99801352,119.83668392,0,3.7e-12
1.0145578903601808,0.0,-0.0013831712288714,0.0118302341435747,-0.0592593654631473,-0.0102396277691464,18.9781073091214516,3.0002239976412142,59.4114,1.9971,-61.40853280,120.65331895,0,4.3e-11
1.0145534638779790,0.0,-0.0013889549653660,0.0118439642285273,-0.0592515081549010,-0.0102786076073217,18.9761073091214527,3.0002243164605367,59.8259,1.9971,-61.82299655,121.47775726,0,4.2e-14
1.0145490299084197,0.0,-0.0013947441607962,0.0118577051342525,-0.0592436214086573,-0.0103175919564690,18.9741073091214503,3.0002246357688476,60.2444,1.9970,-62.24145329,122.31005693,0,9.9e-12
1.0145445884075288,0.0,-0.0014005389622262,0.0118714568692857,-0.0592357050326887,-0.0103565817567651,18.9721073091214514,3.0002249555687350,60.6670,1.9970,-62.66395291,123.15033453,0,1.1e-12
1.0145401393309981,0.0,-0.0014063395117302,0.0118852194452820,-0.0592277588340089,-0.0103955779429333,18.9701073091214525,3.0002252758627872,61.0936,1.9969,-63.09054575,123.99867815,0,9.5e-12
1.0145356826340231,0.0,-0.0014121459545683,0.0118989928715357,-0.0592197826173056,-0.0104345814461119,18.9681073091214500,3.0002255966536322,61.5244,1.9969,-63.52128313,124.85519295,0,1.9e-11
1.0145312182714528,0.0,-0.0014179584387725,0.0119127771550598,-0.0592117761848551,-0.0104735931943083,18.9661073091214512,3.0002259179439199,61.9594,1.9968,-63.95621707,125.71998762,0,5.0e-13
1.0145267461977299,0.0,-0.0014237771020590,0.0119265723097089,-0.0592037393383969,-0.0105126141089043,18.9641073091214523,3.0002262397363015,62.3987,1.9967,-64.39540022,126.59314367,0,3.0e-11
1.0145222663667439,0.0,-0.0014296020928568,0.0119403783417064,-0.0591956718762926,-0.0105516451096411,18.9621073091214498,3.0002265620334980,62.8422,1.9967,-64.83888650,127.47479659,0,3.2e-13
1.0145177787320945,0.0,-0.0014354335518657,0.0119541952625031,-0.0591875735958063,-0.0105906871118216,18.9601073091214509,3.0002268848382077,63.2901,1.9966,-65.28673013,128.36502607,0,5.2e-13
1.0145132832468420,0.0,-0.0014412716237460,0.0119680230805168,-0.0591794442916953,-0.0106297410277673,18.9581073091214520,3.0002272081531833,63.7425,1.9965,-65.73898655,129.26394912,0,9.5e-13
1.0145087798636281,0.0,-0.0014471164521881,0.0119818618046593,-0.0591712837567707,-0.0106688077664538,18.9561073091214496,3.0002275319811962,64.1992,1.9965,-66.19571196,130.17167539,0,8.8e-14
1.0145042685346444,0.0,-0.0014529681803614,0.0119957114440243,-0.0591630917818324,-0.0107078882336995,18.9541073091214507,3.0002278563250431,64.6606,1.9964,-66.65696339,131.08831471,0,1.3e-12
1.0144997492116119,0.0,-0.0014588269523118,0.0120095720069242,-0.0591548681554286,-0.0107469833328086,18.9521073091214518,3.0002281811875484,65.1265,1.9963,-67.12279886,132.01398132,0,3.0e-13
1.0144952218457794,0.0,-0.0014646929090518,0.0120234435036573,-0.0591466126645549,-0.0107860939628812,18.9501073091214494,3.0002285065715566,65.5970,1.9963,-67.59327726,132.94878451,0,1.7e-11
1.0144906863879517,0.0,-0.0014705662001606,0.0120373259385393,-0.0591383250921695,-0.0108252210257365,18.9481073091214505,3.0002288324799604,66.0723,1.9962,-68.06845838,133.89285190,0,6.7e-12
1.0144861427883940,0.0,-0.0014764469637821,0.0120512193235188,-0.0591300052216638,-0.0108643654133631,18.9461073091214516,3.0002291589156544,66.5523,1.9961,-68.54840309,134.84629392,0,3.0e-12
1.0144815909969607,0.0,-0.0014823353455945,0.0120651236652574,-0.0591216528324660,-0.0109035280206098,18.9441073091214527,3.0002294858815737,67.0371,1.9960,-69.03317307,135.80923129,0,1.7e-13
1.0144770309629592,0.0,-0.0014882314894764,0.0120790389716956,-0.0591132677021674,-0.0109427097391716,18.9421073091214502,3.0002298133806811,67.5269,1.9960,-69.52283109,136.78178589,0,9.4e-13
1.0144724626352071,0.0,-0.0014941355392877,0.0120929652506553,-0.0591048496061060,-0.0109819114588325,18.9401073091214514,3.0002301414159671,68.0215,1.9959,-70.01744089,137.76408135,0,6.3e-13
1.0144678859620220,0.0,-0.0015000476395870,0.0121069025093919,-0.0590963983172069,-0.0110211340679270,18.9381073091214525,3.0002304699904516,68.5212,1.9958,-70.51706728,138.75624426,0,2.6e-12
1.0144633008912165,0.0,-0.0015059679348733,0.0121208507551175,-0.0590879136060770,-0.0110603784532132,18.9361073091214500,3.0002307991071850,69.0260,1.9957,-71.02177606,139.75840363,0,7.4e-13
1.0144587073700566,0.0,-0.0015118965699300,0.0121348099949152,-0.0590793952409003,-0.0110996455003240,18.9341073091214511,3.0002311287692454,69.5360,1.9957,-71.53163414,140.77068786,0,1.8e-13
1.0144541053453100,0.0,-0.0015178336898706,0.0121487802355111,-0.0590708429874533,-0.0111389360936228,18.9321073091214522,3.0002314589797425,70.0511,1.9956,-72.04670949,141.79322895,0,1.5e-12
1.0144494947631870,0.0,-0.0015237794397704,0.0121627614837180,-0.0590622566090632,-0.0111782511165268,18.9301073091214498,3.0002317897418185,70.5716,1.9955,-72.56707122,142.82616185,0,1.1e-12
1.0144448755693745,0.0,-0.0015297339651119,0.0121767537461176,-0.0590536358665369,-0.0112175914517930,18.9281073091214509,3.0002321210586391,71.0974,1.9954,-73.09278949,143.86961684,0,1.8e-11
1.0144402477089454,0.0,-0.0015356974131782,0.0121907570278880,-0.0590449805180081,-0.0112569579814452,18.9261073091214520,3.0002324529334214,71.6286,1.9953,-73.62393583,144.92374961,0,6.8e-13
1.0144356111265083,0.0,-0.0015416699289817,0.0122047713360322,-0.0590362903193081,-0.0112963515870524,18.9241073091214496,3.0002327853693882,72.1653,1.9953,-74.16058266,145.98868290,0,1.1e-12
1.0144309657660484,0.0,-0.0015476516596804,0.0122187966759559,-0.0590275650234684,-0.0113357731498628,18.9221073091214507,3.0002331183698114,72.7076,1.9952,-74.70280378,147.06456609,0,3.2e-12
1.0144263115709986,0.0,-0.0015536427526092,0.0122328330530028,-0.0590188043809359,-0.0113752235507540,18.9201073091214518,3.0002334519379925,73.2556,1.9951,-75.25067415,148.15154607,0,4.3e-13
1.0144216484841819,0.0,-0.0015596433553183,0.0122468804725696,-0.0590100081394103,-0.0114147036711043,18.9181073091214493,3.0002337860772643,73.8093,1.9950,-75.80427002,149.24976743,0,3.9e-12
1.0144169764478383,0.0,-0.0015656536163633,0.0122609389392487,-0.0590011760438873,-0.0114542143920227,18.9161073091214504,3.0002341207909997,74.3688,1.9949,-76.36366891,150.35938459,0,1.2e-12
1.0144122954036383,0.0,-0.0015716736838527,0.0122750084581797,-0.0589923078366526,-0.0114937565950329,18.9141073091214516,3.0002344560825964,74.9341,1.9948,-76.92894954,151.48054627,0,2.2e-12
1.0144076052925919,0.0,-0.0015777037076150,0.0122890890333347,-0.0589834032570753,-0.0115333311622273,18.9121073091214527,3.0002347919554961,75.5055,1.9947,-77.50019214,152.61341046,0,1.6e-12
1.0144029060551316,0.0,-0.0015837438368699,0.0123031806692856,-0.0589744620417935,-0.0115729389761137,18.9101073091214502,3.0002351284131707,76.0828,1.9946,-78.07747811,153.75813398,0,7.1e-13
1.0143981976310643,0.0,-0.0015897942221911,0.0123172833696832,-0.0589654839244735,-0.0116125809200880,18.9081073091214513,3.0002354654591281,76.6663,1.9946,-78.66089029,154.91487632,0,1.6e-12
1.0143934799595198,0.0,-0.0015958550143205,0.0123313971383578,-0.0589564686359089,-0.0116522578783838,18.9061073091214524,3.0002358030969165,77.2561,1.9945,-79.25051301,156.08380215,0,2.4e-12
1.0143887529790367,0.0,-0.0016019263652908,0.0123455219782236,-0.0589474159037823,-0.0116919707365347,18.9041073091214500,3.0002361413301171,77.8521,1.9944,-79.84643190,157.26507747,0,4.0e-13
1.0143840166274576,0.0,-0.0016080084270427,0.0123596578925739,-0.0589383254528955,-0.0117317203810564,18.9021073091214511,3.0002364801623518,78.4545,1.9943,-80.44873414,158.45886933,0,1.1e-12
1.0143792708419812,0.0,-0.0016141013527099,0.0123738048839202,-0.0589291970048827,-0.0117715077000158,18.9001073091214522,3.0002368195972773,79.0633,1.9942,-81.05750837,159.66535174,0,2.7e-12
1.0143745155591595,0.0,-0.0016202052922522,0.0123879629576156,-0.0589200302789745,-0.0118113335816815,18.8981073091214498,3.0002371596385746,79.6788,1.9941,-81.67284472,160.88467110,0,7.1e-11
1.0143697507146954,0.0,-0.0016263204108770,0.0124021321071940,-0.0589108249887496,-0.0118511989203403,18.8961073091214509,3.0002375002900288,80.3009,1.9940,-82.29483515,162.11708221,0,6.9e-13
1.0143649762438713,0.0,-0.0016324468528540,0.0124163123429838,-0.0589015808481731,-0.0118911046060634,18.8941073091214520,3.0002378415553674,80.9297,1.9939,-82.92357271,163.36268828,0,2.7e-12
1.0143601920810583,0.0,-0.0016385847786670,0.0124305036628533,-0.0588922975654345,-0.0119310515351024,18.8921073091214495,3.0002381834384262,81.5654,1.9938,-83.55915248,164.62170242,0,1.7e-12
1.0143553981599991,0.0,-0.0016447343442367,0.0124447060685640,-0.0588829748462964,-0.0119710406043049,18.8901073091214506,3.0002385259430557,82.2080,1.9937,-84.20167102,165.89430248,0,1.0e-11
1.0143505944136593,0.0,-0.0016508957057093,0.0124589195619837,-0.0588736123932549,-0.0120110727126205,18.8881073091214517,3.0002388690731596,82.8577,1.9935,-84.85122662,167.18068449,0,2.1e-11
1.0143457807742833,0.0,-0.0016570690271996,0.0124731441390588,-0.0588642099042179,-0.0120511487636238,18.8861073091214493,3.0002392128326876,83.5145,1.9934,-85.50791936,168.48105312,0,4.9e-13
1.0143409571733670,0.0,-0.0016632544634302,0.0124873798037486,-0.0588547670750031,-0.0120912696616819,18.8841073091214504,3.0002395572256173,84.1785,1.9933,-86.17185093,169.79559345,0,2.3e-11
1.0143361235417196,0.0,-0.0016694521748266,0.0125016265550117,-0.0588452835983894,-0.0121314363103607,18.8821073091214515,3.0002399022559625,84.8499,1.9932,-86.84312506,171.12449138,0,1.3e-12
1.0143312798092505,0.0,-0.0016756623245878,0.0125158843911522,-0.0588357591613811,-0.0121716496240164,18.8801073091214526,3.0002402479278154,85.5287,1.9931,-87.52184697,172.46797013,0,3.2e-13
1.0143264259051346,0.0,-0.0016818850746932,0.0125301533111400,-0.0588261934489950,-0.0122119105145276,18.8781073091214502,3.0002405942452866,86.2151,1.9930,-88.20812412,173.82623284,0,5.9e-13
1.0143215617577759,0.0,-0.0016881205879029,0.0125444333138617,-0.0588165861422498,-0.0122522198982031,18.8761073091214513,3.0002409412125379,86.9092,1.9929,-88.90206565,175.19948606,0,5.6e-12
1.0143166872947724,0.0,-0.0016943690304574,0.0125587243957890,-0.0588069369180097,-0.0122925786953778,18.8741073091214524,3.0002412888337804,87.6110,1.9928,-89.60378269,176.58795043,0,1.5e-13
1.0143118024428388,0.0,-0.0017006305662420,0.0125730265559379,-0.0587972454499279,-0.0123329878289887,18.8721073091214500,3.0002416371132679,88.3207,1.9926,-90.31338851,177.99183884,0,1.2e-12
1.0143069071279194,0.0,-0.0017069053629635,0.0125873397904670,-0.0587875114073019,-0.0123734482264744,18.8701073091214511,3.0002419860553058,89.0385,1.9925,-91.03099829,179.41137394,0,6.3e-12
1.0143020012750608,0.0,-0.0017131935883439,0.0126016640961482,-0.0587777344557063,-0.0124139608186812,18.8681073091214522,3.0002423356642502,89.7643,1.9924,-91.75672937,180.84678801,0,1.4e-13
1.0142970848084849,0.0,-0.0017194954114846,0.0126159994691245,-0.0587679142566669,-0.0124545265406723,18.8661073091214497,3.0002426859444973,90.4984,1.9923,-92.49070113,182.29830363,0,8.0e-13
1.0142921576515409,0.0,-0.0017258110027507,0.0126303459049358,-0.0587580504675874,-0.0124951463318361,18.8641073091214508,3.0002430369005015,91.2409,1.9922,-93.23303519,183.76615846,0,8.8e-13
1.0142872197266211,0.0,-0.0017321405335221,0.0126447033989529,-0.0587481427419671,-0.0125358211351933,18.8621073091214519,3.0002433885367674,91.9918,1.9920,-93.98385554,185.25059204,0,5.6e-13
1.0142822709553632,0.0,-0.0017384841768671,0.0126590719455247,-0.0587381907287303,-0.0125765518993666,18.8601073091214495,3.0002437408578446,92.7514,1.9919,-94.74328800,186.75184316,0,3.2e-12
1.0142773112581938,0.0,-0.0017448421071582,0.0126734515388500,-0.0587281940728338,-0.0126173395770958,18.8581073091214506,3.0002440938683508,93.5197,1.9918,-95.51146158,188.27016760,0,2.5e-12
1.0142723405549681,0.0,-0.0017512144999145,0.0126878421723489,-0.0587181524146955,-0.0126581851259992,18.8561073091214517,3.0002444475729368,94.2969,1.9916,-96.28850664,189.80580799,0,9.4e-13
1.0142673587643591,0.0,-0.0017576015312312,0.0127022438399085,-0.0587080653905599,-0.0126990895086159,18.8541073091214493,3.0002448019763195,95.0830,1.9915,-97.07455662,191.35902170,0,1.2e-11
1.0142623658041539,0.0,-0.0017640033813762,0.0127166565321612,-0.0586979326317867,-0.0127400536929829,18.8521073091214504,3.0002451570832736,95.8784,1.9914,-97.86974724,192.93008247,0,3.8e-13
1.0142573615911186,0.0,-0.0017704202283999,0.0127310802427870,-0.0586877537656320,-0.0127810786522968,18.8501073091214515,3.0002455128986210,96.6830,1.9912,-98.67421684,194.51924228,0,8.4e-13
1.0142523460410489,0.0,-0.0017768522541984,0.0127455149625317,-0.0586775284144286,-0.0128221653653846,18.8481073091214526,3.0002458694272462,97.4970,1.9911,-99.48810635,196.12677690,0,4.2e-13
1.0142473190687222,0.0,-0.0017832996418315,0.0127599606819471,-0.0586672561958119,-0.0128633148168832,18.8461073091214502,3.0002462266740908,98.3206,1.9910,-100.31155932,197.75296279,0,3.7e-13
1.0142422805878735,0.0,-0.0017897625755079,0.0127744173913687,-0.0586569367226907,-0.0129045279972175,18.8441073091214513,3.0002465846441542,99.1539,1.9908,-101.14472207,199.39808072,0,7.2e-13
1.0142372305112091,0.0,-0.0017962412411617,0.0127888850803347,-0.0586465696030784,-0.0129458059028926,18.8421073091214524,3.0002469433424976,99.9971,1.9907,-101.98774361,201.06241813,0,8.4e-13
1.0142321687503617,0.0,-0.0018027358262397,0.0128033637379360,-0.0586361544400206,-0.0129871495368168,18.8401073091214499,3.0002473027742371,100.8502,1.9905,-102.84077595,202.74625752,0,1.9e-11
1.0142270952158543,0.0,-0.0018092465213134,0.0128178533512068,-0.0586256908313034,-0.0130285599084396,18.8381073091214510,3.0002476629445671,101.7136,1.9904,-103.70397384,204.44992087,0,1.5e-12
1.0142220098171473,0.0,-0.0018157735164128,0.0128323539086439,-0.0586151783699106,-0.0130700380336929,18.8361073091214521,3.0002480238587239,102.5873,1.9902,-104.57749520,206.17368815,0,2.5e-12
1.0142169124625484,0.0,-0.0018223170041901,0.0128468653972417,-0.0586046166434834,-0.0131115849352388,18.8341073091214497,3.0002483855220197,103.4714,1.9901,-105.46150082,207.91787685,0,7.8e-13
1.0142118030592482,0.0,-0.0018288771798896,0.0128613878025278,-0.0585940052341894,-0.0131532016431766,18.8321073091214508,3.0002487479398292,104.3662,1.9899,-106.35615473,209.68279988,0,8.7e-13
1.0142066815132695,0.0,-0.0018354542397242,0.0128759211101131,-0.0585833437189303,-0.0131948891945493,18.8301073091214519,3.0002491111175944,105.2718,1.9898,-107.26162404,211.46877825,0,8.0e-13
1.0142015477294326,0.0,-0.0018420483820759,0.0128904653046498,-0.0585726316690493,-0.0132366486339808,18.8281073091214495,3.0002494750608237,106.1884,1.9896,-108.17807929,213.27613973,0,1.7e-12
1.0141964016113700,0.0,-0.0018486598073881,0.0129050203699019,-0.0585618686502546,-0.0132784810137552,18.8261073091214506,3.0002498397750954,107.1162,1.9895,-109.10569428,215.10521748,0,4.0e-12
1.0141912430615259,0.0,-0.0018552887175819,0.0129195862891609,-0.0585510542226402,-0.0133203873937879,18.8241073091214517,3.0002502052660556,108.0553,1.9893,-110.04464615,216.95634967,0,8.6e-12
1.0141860719810358,0.0,-0.0018619353173150,0.0129341630444186,-0.0585401879403570,-0.0133623688423223,18.8221073091214492,3.0002505715394250,109.0060,1.9892,-110.99511565,218.82988995,0,8.5e-13
1.0141808882698293,0.0,-0.0018685998118418,0.0129487506181929,-0.0585292693518830,-0.0134044264356945,18.8201073091214504,3.0002509386009830,109.9683,1.9890,-111.95728727,220.72616278,0,4.8e-11
1.0141756918264628,0.0,-0.0018752824124828,0.0129633489883507,-0.0585182979989654,-0.0134465612593284,18.8181073091214515,3.0002513064566196,110.9425,1.9888,-112.93134862,222.64559212,0,1.9e-12
1.0141704825483076,0.0,-0.0018819833271684,0.0129779581372256,-0.0585072734181966,-0.0134887744066153,18.8161073091214526,3.0002516751122443,111.9288,1.9887,-113.91749196,224.58846969,0,3.8e-11
1.0141652603312636,0.0,-0.0018887027692677,0.0129925780429861,-0.0584961951394658,-0.0135310669795499,18.8141073091214501,3.0002520445738954,112.9274,1.9885,-114.91591237,226.55523650,0,1.6e-12
1.0141600250699816,0.0,-0.0018954409543366,0.0130072086832432,-0.0584850626861128,-0.0135734400906702,18.8121073091214512,3.0002524148476515,113.9385,1.9883,-115.92680985,228.54622928,0,4.6e-13
1.0141547766576666,0.0,-0.0019021980994843,0.0130218500352191,-0.0584738755752452,-0.0136158948609123,18.8101073091214523,3.0002527859396877,114.9622,1.9881,-116.95038785,230.56185037,0,7.2e-13
1.0141495149861290,0.0,-0.0019089744246005,0.0130365020747895,-0.0584626333172911,-0.0136584324210834,18.8081073091214499,3.0002531578562572,115.9989,1.9880,-117.98685415,232.60250008,0,4.5e-13
1.0141442399457388,0.0,-0.0019157701517213,0.0130511647771149,-0.0584513354159846,-0.0137010539118618,18.8061073091214510,3.0002535306036942,117.0486,1.9878,-119.03642077,234.66858222,0,2.1e-12
1.0141389514254173,0.0,-0.0019225855055995,0.0130658381160344,-0.0584399813681661,-0.0137437604840810,18.8041073091214521,3.0002539041884155,118.1117,1.9876,-120.09930402,236.76051348,0,1.3e-12
1.0141336493125643,0.0,-0.0019294207132064,0.0130805220647955,-0.0584285706637474,-0.0137865532989447,18.8021073091214497,3.0002542786169242,119.1883,1.9874,-121.17572480,238.87871263,0,5.7e-13
1.0141283334931093,0.0,-0.0019362760044386,0.0130952165950489,-0.0584171027854656,-0.0138294335282955,18.8001073091214508,3.0002546538958077,120.2787,1.9872,-122.26590844,241.02361099,0,1.3e-12
1.0141230038513966,0.0,-0.0019431516115503,0.0131099216777234,-0.0584055772088771,-0.0138724023547826,18.7981073091214519,3.0002550300317461,121.3830,1.9871,-123.37008510,243.19565160,0,2.3e-13
1.0141176602702162,0.0,-0.0019500477695482,0.0131246372825416,-0.0583939934021093,-0.0139154609723143,18.7961073091214494,3.0002554070315033,122.5016,1.9869,-124.48848960,245.39527836,0,3.0e-12
1.0141123026307441,0.0,-0.0019569647163010,0.0131393633779707,-0.0583823508257587,-0.0139586105861735,18.7941073091214506,3.0002557849019404,123.6347,1.9867,-125.62136172,247.62295420,0,2.3e-13
1.0141069308125230,0.0,-0.0019639026923841,0.0131540999313826,-0.0583706489327676,-0.0140018524133427,18.7921073091214517,3.0002561636500076,124.7825,1.9865,-126.76894644,249.87914455,0,1.4e-12
1.0141015446934249,0.0,-0.0019708619392984,0.0131688469107661,-0.0583588871687292,-0.0140451876819049,18.7901073091214492,3.0002565432827457,125.9452,1.9863,-127.93149390,252.16431464,0,2.3e-11
1.0140961441496732,0.0,-0.0019778427091031,0.0131836042756922,-0.0583470649693475,-0.0140886176356291,18.7881073091214503,3.0002569238073118,127.1232,1.9861,-129.10925894,254.47898331,0,1.2e-12
1.0140907290556607,0.0,-0.0019848452455956,0.0131983719950761,-0.0583351817650434,-0.0141321435257518,18.7861073091214514,3.0002573052309360,128.3166,1.9859,-130.30250291,256.82361955,0,6.6e-13
1.0140852992840910,0.0,-0.0019918698031263,0.0132131500294207,-0.0583232369760453,-0.0141757666197562,18.7841073091214525,3.0002576875609659,129.5258,1.9857,-131.51149207,259.19874051,0,9.3e-13
1.0140798547058394,0.0,-0.0019989166373311,0.0132279383397032,-0.0583112300145859,-0.0142194881974247,18.7821073091214501,3.0002580708048447,130.7510,1.9855,-132.73649851,261.60486597,0,1.1e-12
1.0140743951899778,0.0,-0.0020059860069475,0.0132427368854852,-0.0582991602843025,-0.0142633095519547,18.7801073091214512,3.0002584549701226,131.9925,1.9853,-133.97780024,264.04252277,0,1.8e-13
1.0140689206036642,0.0,-0.0020130781739511,0.0132575456251023,-0.0582870271800233,-0.0143072319903703,18.7781073091214523,3.0002588400644559,133.2506,1.9851,-135.23568138,266.51225532,0,3.8e-13
1.0140634308121723,0.0,-0.0020201934041811,0.0132723645148242,-0.0582748300874901,-0.0143512568339798,18.7761073091214499,3.0002592260956100,134.5256,1.9849,-136.51043212,269.01461580,0,6.1e-13
1.0140579256788249,0.0,-0.0020273319661481,0.0132871935101836,-0.0582625683834572,-0.0143953854182096,18.7741073091214510,3.0002596130714614,135.8177,1.9846,-137.80234918,271.55016877,0,4.2e-13
1.0140524050649702,0.0,-0.0020344941322497,0.0133020325647827,-0.0582502414352403,-0.0144396190934015,18.7721073091214521,3.0002600009999965,137.1273,1.9844,-139.11173563,274.11949202,0,5.2e-13
1.0140468688299054,0.0,-0.0020416801784469,0.0133168816307208,-0.0582378486006063,-0.0144839592251128,18.7701073091214496,3.0002603898893225,138.4547,1.9842,-140.43890139,276.72317332,0,2.1e-12
1.0140413168308917,0.0,-0.0020488903844969,0.0133317406582332,-0.0582253892275716,-0.0145284071943115,18.7681073091214508,3.0002607797476601,139.8002,1.9840,-141.78416317,279.36181879,0,1.4e-12
1.0140357489230580,0.0,-0.0020561250335732,0.0133466095963265,-0.0582128626542533,-0.0145729643978204,18.7661073091214519,3.0002611705833511,141.1641,1.9838,-143.14784475,282.03604364,0,2.8e-12
1.0140301649593808,0.0,-0.0020633844129727,0.0133614883919231,-0.0582002682085902,-0.0146176322487290,18.7641073091214494,3.0002615624048623,142.5467,1.9835,-144.53027739,284.74647436,0,5.6e-13
1.0140245647906652,0.0,-0.0020706688137719,0.0133763769903184,-0.0581876052081792,-0.0146624121765939,18.7621073091214505,3.0002619552207812,143.9485,1.9833,-145.93179955,287.49375783,0,2.7e-13
1.0140189482654463,0.0,-0.0020779785308881,0.0133912753352314,-0.0581748729600488,-0.0147073056280628,18.7601073091214516,3.0002623490398261,145.3697,1.9831,-147.35275740,290.27854900,0,2.7e-12
1.0140133152299764,0.0,-0.0020853138629467,0.0134061833688996,-0.0581620707607484,-0.0147523140662731,18.7581073091214492,3.0002627438708385,146.8107,1.9828,-148.79350548,293.10150643,0,4.1e-11
1.0140076655282031,0.0,-0.0020926751157256,0.0134211010284116,-0.0581491978942802,-0.0147974389758278,18.7561073091214503,3.0002631397228194,148.2718,1.9826,-150.25440477,295.96337185,0,8.6e-13
1.0140019990016338,0.0,-0.0021000625944339,0.0134360282542009,-0.0581362536357192,-0.0148426818539341,18.7541073091214514,3.0002635366048653,149.7535,1.9824,-151.73582708,298.86479352,0,2.6e-12
1.0139963154893645,0.0,-0.0021074766117914,0.0134509649813260,-0.0581232372470721,-0.0148880442201886,18.7521073091214525,3.0002639345262381,151.2560,1.9821,-153.23815100,301.80650608,0,3.0e-13
1.0139906148280282,0.0,-0.0021149174846474,0.0134659111429828,-0.0581101479788855,-0.0149335276124264,18.7501073091214501,3.0002643334963355,152.7799,1.9819,-154.76176440,304.78924990,0,8.7e-13
1.0139848968516576,0.0,-0.0021223855338541,0.0134808666711273,-0.0580969850697981,-0.0149791335879009,18.7481073091214512,3.0002647335247001,154.3254,1.9816,-156.30706420,307.81377474,0,1.2e-12
1.0139791613917457,0.0,-0.0021298810854646,0.0134958314947243,-0.0580837477460662,-0.0150248637239247,18.7461073091214523,3.0002651346210203,155.8931,1.9814,-157.87445657,310.88085434,0,3.5e-13
1.0139734082770915,0.0,-0.0021374044700395,0.0135108055409596,-0.0580704352214384,-0.0150707196182650,18.7441073091214498,3.0002655367951383,157.4832,1.9811,-159.46435736,313.99127564,0,1.5e-12
1.0139676373337974,0.0,-0.0021449560230584,0.0135257887346757,-0.0580570466967957,-0.0151167028897292,18.7421073091214510,3.0002659400570488,159.0963,1.9808,-161.07719213,317.14584206,0,1.3e-12
1.0139618483851971,0.0,-0.0021525360852389,0.0135407809980277,-0.0580435813599010,-0.0151628151784662,18.7401073091214521,3.0002663444169060,160.7328,1.9806,-162.71339654,320.34538587,0,3.3e-12
1.0139502157511442,0.0,-0.0021677831253263,0.0135707924107621,-0.0580164169329724,-0.0152554334790768,18.7361073091214507,3.0002671564718804,164.0777,1.9801,-166.05770992,326.88278863,0,1.7e-12
1.0139385089037376,0.0,-0.0021831484204613,0.0136008391073729,-0.0579889351686919,-0.0153485880909297,18.7321073091214529,3.0002679730445774,167.5215,1.9795,-169.50099704,333.61049199,0,5.5e-12
1.0139267263232916,0.0,-0.0021986348891785,0.0136309203734067,-0.0579611290652751,-0.0154422929625050,18.7281073091214516,3.0002687942222739,171.0682,1.9790,-173.04713956,340.53583267,0,8.0e-13
1.0139148664394659,0.0,-0.0022142455433798,0.0136610354483529,-0.0579329913801457,-0.0155365624386037,18.7241073091214538,3.0002696200951271,174.7218,1.9784,-176.70021147,347.66651695,0,3.3e-12
1.0139029276287832,0.0,-0.0022299834924423,0.0136911835237194,-0.0579045146186033,-0.0156314112800467,18.7201073091214525,3.0002704507563216,178.4867,1.9778,-180.46449143,355.01063637,0,3.0e-12
1.0138909082122183,0.0,-0.0022458519473037,0.0137213637407230,-0.0578756910219402,-0.0157268546839094,18.7161073091214512,3.0002712863021941,182.3673,1.9772,-184.34447588,362.57664447,0,4.0e-11
1.0138788064524791,0.0,-0.0022618542281527,0.0137515751843998,-0.0578465125539037,-0.0158229083060760,18.7121073091214534,3.0002721268324168,186.3683,1.9766,-188.34488949,370.37353571,0,4.6e-13
1.0138666205512101,0.0,-0.0022779937661958,0.0137818168846154,-0.0578169708879312,-0.0159195882839280,18.7081073091214520,3.0002729724501087,190.4947,1.9760,-192.47070539,378.41061333,0,4.8e-13
1.0138543486459524,0.0,-0.0022942741126978,0.0138120878086562,-0.0577870573917871,-0.0160169112613972,18.7041073091214507,3.0002738232620536,194.7518,1.9753,-196.72715522,386.69775921,0,6.7e-13
1.0138419888069912,0.0,-0.0023106989434917,0.0138423868592549,-0.0577567631126390,-0.0161148944143838,18.7001073091214529,3.0002746793788577,199.1451,1.9747,-201.11974882,395.24535137,0,3.5e-12
1.0138295390338850,0.0,-0.0023272720664215,0.0138727128698069,-0.0577260787600229,-0.0162135554798030,18.6961073091214516,3.0002755409151498,203.6803,1.9740,-205.65429200,404.06430847,0,1.9e-12
1.0138169972519009,0.0,-0.0023439974275339,0.0139030646005422,-0.0576949946887790,-0.0163129127837546,18.6921073091214538,3.0002764079897859,208.3636,1.9733,-210.33690559,413.16613713,0,6.7e-12
1.0138043613081116,0.0,-0.0023608791193080,0.0139334407331823,-0.0576635008799057,-0.0164129852737201,18.6881073091214525,3.0002772807260696,213.2014,1.9726,-215.17404663,422.56298449,0,1.7e-12
1.0137916289672859,0.0,-0.0023779213882610,0.0139638398660511,-0.0576315869206582,-0.0165137925518630,18.6841073091214511,3.0002781592519878,218.2006,1.9719,-220.17253176,432.26763792,0,2.7e-12
1.0137787979074488,0.0,-0.0023951286436635,0.0139942605085232,-0.0575992419830833,-0.0166153549106580,18.6801073091214533,3.0002790437004601,223.3684,1.9712,-225.33956167,442.29360533,0,5.7e-13
1.0137658657151827,0.0,-0.0024125054665384,0.0140247010752739,-0.0575664548009972,-0.0167176933712137,18.6761073091214520,3.0002799342096096,228.7123,1.9704,-230.68274707,452.65515983,0,5.9e-13
1.0137528298805547,0.0,-0.0024300566194994,0.0140551598796596,-0.0575332136455225,-0.0168208297237695,18.6721073091214507,3.0002808309230478,234.2405,1.9696,-236.21013880,463.36738321,0,1.7e-12
1.0137396877917626,0.0,-0.0024477870574343,0.0140856351266333,-0.0574995062985283,-0.0169247865716772,18.6681073091214529,3.0002817339901813,239.9614,1.9688,-241.93025894,474.44619995,0,3.8e-11
1.0137264367292103,0.0,-0.0024657019386546,0.0141161249054177,-0.0574653200244728,-0.0170295873775808,18.6641073091214516,3.0002826435665582,245.8841,1.9680,-247.85213226,485.90857046,0,3.6e-12
1.0137130738594131,0.0,-0.0024838066367030,0.0141466271817162,-0.0574306415399540,-0.0171352565141297,18.6601073091214538,3.0002835598141884,252.0181,1.9672,-253.98532983,497.77229816,0,1.2e-11
1.0136995962281676,0.0,-0.0025021067543265,0.0141771397877718,-0.0573954569807816,-0.0172418193173754,18.6561073091214524,3.0002844829019653,258.3736,1.9664,-260.34000218,510.05638574,0,2.8e-12
1.0136860007534048,0.0,-0.0025206081358994,0.0142076604147484,-0.0573597518670815,-0.0173493021445641,18.6521073091214511,3.0002854130060466,264.9614,1.9655,-266.92692797,522.78092788,0,9.4e-13
1.0136722842173822,0.0,-0.0025393168841776,0.0142381866003984,-0.0573235110648573,-0.0174577324366332,18.6481073091214533,3.0002863503103154,271.7929,1.9646,-273.75756027,535.96727861,0,4.3e-13
1.0136584432582973,0.0,-0.0025582393757717,0.0142687157187576,-0.0572867187451471,-0.0175671387850574,18.6441073091214520,3.0002872950068507,278.8804,1.9637,-280.84407956,549.63813482,0,1.4e-12
1.0136444743612056,0.0,-0.0025773822789661,0.0142992449678167,-0.0572493583394996,-0.0176775510043994,18.6401073091214506,3.0002882472964423,286.2367,1.9628,-288.19945111,563.81761970,0,1.1e-11
1.0136303738482222,0.0,-0.0025967525729430,0.0143297713557245,-0.0572114124919630,-0.0177890002102449,18.6361073091214529,3.0002892073891578,293.8757,1.9618,-295.83748756,578.53145225,0,1.1e-12
1.0136161378679078,0.0,-0.0026163575675182,0.0143602916876461,-0.0571728630070679,-0.0179015189040730,18.6321073091214515,3.0002901755049289,301.8121,1.9608,-303.77292117,593.80691079,0,6.6e-11
1.0136017623835969,0.0,-0.0026362049296671,0.0143908025445811,-0.0571336907923563,-0.0180151410650865,18.6281073091214537,3.0002911518742579,310.0616,1.9598,-312.02147102,609.67338078,0,3.5e-12
1.0135835903803354,0.0,-0.0026613672503094,0.0144289222044128,-0.0570838191696404,-0.0181587748430212,18.6231073091214547,3.0002923843118450,320.8396,1.9586,-322.79818708,630.38501761,0,8.5e-13
1.0135651850324354,0.0,-0.0026869374725076,0.0144670136274437,-0.0570329016977221,-0.0183042616479651,18.6181073091214522,3.0002936305229513,332.1687,1.9572,-334.12589649,652.13438234,0,2.5e-13
1.0135465370395189,0.0,-0.0027129332831500,0.0145050684138821,-0.0569808942152558,-0.0184516791410368,18.6131073091214532,3.0002948910383576,344.0873,1.9559,-346.04317998,674.99289558,0,5.8e-12
1.0135276364882440,0.0,-0.0027393735492128,0.0145430773950273,-0.0569277495801244,-0.0186011098654594,18.6081073091214542,3.0002961664237442,356.6377,1.9545,-358.59214903,699.03840018,0,1.3e-12
1.0135084727941222,0.0,-0.0027662784291208,0.0145810305554660,-0.0568734173839317,-0.0187526417079226,18.6031073091214552,3.0002974572830063,369.8658,1.9530,-371.81885119,724.35594303,0,1.9e-12
1.0134890346378642,0.0,-0.0027936695003269,0.0146189169330129,-0.0568178436364921,-0.0189063683989912,18.5981073091214526,3.0002987642618870,383.8222,1.9515,-385.77373839,751.03856859,0,2.4e-12
1.0134693098924126,0.0,-0.0028215699009700,0.0146567245144781,-0.0567609704061936,-0.0190623900884804,18.5931073091214536,3.0003000880521369,398.5622,1.9500,-400.51219847,779.18829978,0,5.6e-12
1.0134492855412096,0.0,-0.0028500044897198,0.0146944401137686,-0.0567027354154652,-0.0192208139884090,18.5881073091214546,3.0003014293961785,414.1468,1.9484,-416.09516486,808.91725692,0,2.4e-11
1.0134289475843152,0.0,-0.0028790000368891,0.0147320492238906,-0.0566430715769189,-0.0193817551096991,18.5831073091214520,3.0003027890924794,430.6431,1.9467,-432.58983840,840.34891631,0,4.2e-12
1.0134082809346401,0.0,-0.0029085854165372,0.0147695358706105,-0.0565819064771823,-0.0195453370774349,18.5781073091214530,3.0003041680014420,448.1254,1.9450,-450.07047734,873.61953732,0,2.7e-12
1.0133872692949495,0.0,-0.0029387918587067,0.0148068824158549,-0.0565191617704028,-0.0197116930915344,18.5731073091214540,3.0003055670524499,466.6761,1.9433,-468.61937507,908.87992791,0,2.1e-12
1.0133658950208604,0.0,-0.0029696532175516,0.0148440693442166,-0.0564547524947596,-0.0198809670006204,18.5681073091214550,3.0003069872516925,486.3865,1.9415,-488.32795601,946.29738330,0,1.7e-11
1.0133441389609719,0.0,-0.0030012062864242,0.0148810750149635,-0.0563885862793482,-0.0200533145495415,18.5631073091214525,3.0003084296912910,507.3585,1.9396,-509.29807466,986.05808938,0,4.2e-12
1.0133219802726807,0.0,-0.0030334911619487,0.0149178753704345,-0.0563205624278789,-0.0202289048152232,18.5581073091214535,3.0003098955598189,529.7059,1.9376,-531.64355121,1028.36971867,0,5.8e-12
1.0132993962079246,0.0,-0.0030665516687853,0.0149544435934193,-0.0562505708515531,-0.0204079218750127,18.5531073091214544,3.0003113861545532,553.5564,1.9356,-555.49197746,1073.46474312,0,2.9e-12
1.0132763618631071,0.0,-0.0031004358556888,0.0149907497032713,-0.0561784908219362,-0.0205905667512643,18.5481073091214554,3.0003129028957671,579.0534,1.9335,-580.98686700,1121.60430974,0,2.3e-13
1.0132528498857301,0.0,-0.0031351965789837,0.0150267600752655,-0.0561041895061142,-0.0207770596878639,18.5431073091214529,3.0003144473435084,606.3589,1.9313,-608.29023867,1173.08257795,0,9.8e-11
1.0132288301251484,0.0,-0.0031708921884604,0.0150624368848757,-0.0560275202274007,-0.0209676428570947,18.5381073091214539,3.0003160212175572,635.6566,1.9291,-637.58568545,1228.23294824,0,3.5e-12
1.0132042692244154,0.0,-0.0032075873569773,0.0150977373919549,-0.0559483204118911,-0.0211625835187058,18.5331073091214549,3.0003176264208125,667.1554,1.9267,-669.08217625,1287.43336267,0,3.7e-12
1.0131791301217086,0.0,-0.0032453540553591,0.0151326131465770,-0.0558664091045320,-0.0213621778716336,18.5281073091214523,3.0003192650677692,701.0943,1.9243,-703.01859798,1351.11518902,0,3.6e-10
1.0131533714586534,0.0,-0.0032842727459518,0.0151670089548229,-0.0557815839951909,-0.0215667556130151,18.5231073091214533,3.0003209395185020,737.7475,1.9218,-739.66929469,1419.77527765,0,1.7e-12
1.0131269468526221,0.0,-0.0033244338259985,0.0152008616669695,-0.0556936177719300,-0.0217766855516799,18.5181073091214543,3.0003226524201385,777.4321,1.9191,-779.35123880,1493.98271749,0,2.6e-12
1.0130998040122656,0.0,-0.0033659394053149,0.0152340986245150,-0.0556022536736449,-0.0219923823965884,18.5131073091214553,3.0003244067577119,820.5162,1.9164,-822.43251493,1574.39986799,0,2.1e-12
1.0130718836366288,0.0,-0.0034089055069555,0.0152666357569274,-0.0555071999549673,-0.0222143152096637,18.5081073091214527,3.0003262059171369,867.4299,1.9135,-869.34341340,1661.79876937,0,2.5e-12
1.0130431180399071,0.0,-0.0034534648264869,0.0152983751607008,-0.0554081229610333,-0.0224430179389928,18.5031073091214537,3.0003280537640586,918.6800,1.9104,-920.59041657,1757.08640166,0,5.0e-12
1.0130134294099264,0.0,-0.0034997702291855,0.0153292020086977,-0.0553046383485112,-0.0226791027340780,18.4981073091214547,3.0003299547436875,974.8670,1.9073,-976.77429590,1861.33623859,0,5.5e-13
1.0129827275745926,0.0,-0.0035479992424776,0.0153589805461283,-0.0551962998125807,-0.0229232769918060,18.4931073091214522,3.0003319140089011,1036.7098,1.9039,-1038.61377171,1975.82973942,0,1.8e-11
1.0129509070950740,0.0,-0.0035983599101881,0.0153875488305547,-0.0550825843995042,-0.0231763654975162,18.4881073091214532,3.0003339375870137,1105.0765,1.9004,-1106.97692802,2102.11124737,0,3.6e-12
1.0129178434211392,0.0,-0.0036510985464662,0.0154147117070389,-0.0549628730569984,-0.0234393396525276,18.4831073091214542,3.0003360326004191,1181.0269,1.8967,-1182.92362649,2242.06145838,0,1.3e-12
1.0128833877101946,0.0,-0.0037065102007075,0.0154402312488407,-0.0548364243935007,-0.0237133567810144,18.4781073091214552,3.0003382075640417,1265.8710,1.8928,-1267.76379559,2397.99917719,0,1.3e-12
1.0128473596969159,0.0,-0.0037649530811210,0.0154638134727611,-0.0547023385199042,-0.0239998141151775,18.4731073091214526,3.0003404727948499,1361.2508,1.8886,-1363.13935263,2572.82304267,0,8.5e-12
1.0128095376360218,0.0,-0.0038268689289573,0.0154850894188131,-0.0545595059882358,-0.0243004247768029,18.4681073091214536,3.0003428409896875,1469.2581,1.8841,-1471.14215986,2770.21548470,0,4.7e-12
1.0127696437055100,0.0,-0.0038928126350041,0.0155035874179873,-0.0544065335903825,-0.0246173278140882,18.4631073091214546,3.0003453280642458,1592.6096,1.8793,-1594.48883632,2994.94455528,0,3.6e-12
1.0127273220892479,0.0,-0.0039634967789280,0.0155186910396095,-0.0542416328048649,-0.0249532530503033,18.4581073091214556,3.0003479544132956,1734.9149,1.8741,-1736.78890524,3253.32484445,0,4.6e-12
1.0126821046923888,0.0,-0.0040398614116895,0.0155295726543752,-0.0540624450780389,-0.0253117783477600,18.4531073091214530,3.0003507468828428,1901.1049,1.8684,-1902.97331177,3553.95295760,0,3.4e-11
1.0126333547387600,0.0,-0.0041231890436018,0.0155350830385818,-0.0538657540215306,-0.0256977518145106,18.4481073091214540,3.0003537420159399,2098.1529,1.8621,-2100.01497229,3908.93936647,0,7.0e-12
1.0125801678735298,0.0,-0.0042153066039672,0.0155335558398303,-0.0536469801180665,-0.0261180302461335,18.4431073091214550,3.0003569917464361,2336.3653,1.8551,-2338.22037580,4336.11127077,0,6.9e-12
1.0125211836630956,0.0,-0.0043189710418929,0.0155224310500813,-0.0533992163455725,-0.0265828829091531,18.4381073091214525,3.0003605742562764,2631.9006,1.8471,-2633.74763399,4863.29006655,0,1.6e-11
1.0124541826322091,0.0,-0.0044386951065213,0.0154974416468041,-0.0531111637982909,-0.0271089841608299,18.4331073091214535,3.0003646171964484,3012.2774,1.8377,-3014.11511297,5537.61485182,0,1.3e-11
